20130601
537
20130830 20130831

2013083112000000012	1.263976
2013083112000000012	201308311200	http://www.npr.org/templates/story/story.php?storyId=217511130&ft=1&f=7	Help ! I 'm Taking My Kids To See One Direction ! : NPR
43446	0.960419
278989	1.368009
36287	2.110999
285829	1.195630
193336	0.942684
107351	0.559994
38841	0.859837
11270	1.263976
300042	1.502174

2013083123200000003	0.709061
2013083123200000003	201308312320	http://www.examiner.com/list/the-5-best-movies-of-summer-2013?cid=rss	The 5 Best Movies of Summer 2013 - St. Louis Movie | Examiner.com
346240	0.437746
91718	1.030404
65788	0.490463
199393	0.624761
92947	1.170467
397340	0.233982
133421	0.413020
187026	0.553529
67837	0.549468
215211	0.455627
81239	1.071905
174694	0.588500
188897	0.380527
5344	0.543237
69793	0.338411
313778	1.048163
84737	0.403660
403498	0.507757
390218	0.283373
57932	0.395302
36650	0.614255
354958	0.276856
280252	0.577746
368608	0.467152
316603	0.469341
193693	0.490837
140759	0.547450
10513	0.880324
39715	0.325957
11270	0.709061
305867	0.217529
195451	0.205671
210141	1.001980
89583	0.740609
357905	0.293026
196162	0.847430
420625	0.598549
358483	0.460717
283285	0.354428
64037	0.374720

2013083018540000011	0.632905
2013083018540000011	201308301854	http://www.orlandosentinel.com/entertainment/blogs/tv-guy/os-alfred-hitchcock-films-play-sunday-on-tcm-20130830,0,7617503.post?track=rss	Alfred Hitchcock films play Sunday on TCM - OrlandoSentinel.com
409948	1.083336
198084	0.821013
236797	0.479520
44165	0.935494
144751	0.303264
308489	0.633118
44746	0.464171
105224	0.731089
185927	0.387441
335408	0.668634
411997	0.415922
362853	0.699836
4281	0.324279
215972	0.278668
33491	0.831707
5511	0.768196
401635	1.152673
54242	0.518406
217642	0.663346
150157	0.651491
415349	0.569079
390046	0.410484
137792	0.738832
57880	1.079945
354958	0.271210
23001	0.255372
355516	1.495331
60875	1.440942
269664	0.282552
11270	0.632905
305867	0.215918
195451	0.209028
209820	0.787833
270439	0.719170
89678	0.410783
76497	1.019681
143026	0.475334
76661	0.483676
345851	0.686765

2013083003230000009	0.610085
2013083003230000009	201308300323	http://www.examiner.com/article/one-direction-movie-sure-to-score-selena-gomez-and-ethan-hawke-flick-bores?cid=rss	One Direction movie sure to score , Selena Gomez and Ethan Hawke flick bores - National Movie Awards | Examiner.com
260457	0.354881
372778	0.565855
144751	0.292198
44514	0.503147
360626	0.222473
1626	0.776298
397046	0.470330
480230	1.600749
186013	0.351147
47157	0.789125
67040	0.719118
322546	0.463761
48983	0.713372
67837	0.480524
120419	0.281000
81604	0.492527
275855	0.977948
387670	0.472643
95587	0.556691
400285	0.736834
108673	0.348325
300042	0.987438
108802	0.609737
388879	0.935686
253453	0.475740
289407	0.552534
204666	0.303663
366925	0.380091
71996	0.249645
230782	0.772073
21816	0.574915
57800	0.265505
267834	0.910923
73102	0.494142
23203	0.725944
355343	0.401343
355504	0.819964
193336	0.344855
193664	0.663158
60624	0.445631
38384	0.599463
317092	0.495844
38561	0.829686
208779	0.506375
140759	0.453325
39715	0.294172
11270	0.610085
40392	0.424527
182246	0.383881
234812	0.358536
12020	0.575217
89812	1.251228
196221	0.407686
282907	0.302586

2013083113350000006	0.609860
2013083113350000006	201308311335	http://www.examiner.com/article/goingfullnerd-who-should-get-the-next-comic-book-movie-treatment?cid=rss	#GoingFullNerd : Who should get the next comic book movie treatment ? - Washington DC Comic Books | Examiner.com
366224	0.713429
7444	0.428458
333947	0.474927
178108	1.010614
45992	0.382037
373485	0.878211
99650	0.312821
405075	0.577387
397802	0.584083
47683	0.292563
200255	1.851194
153368	0.483301
398375	0.583724
406273	0.959527
214820	0.503891
133695	0.479946
24355	0.266924
194469	1.421405
39386	0.573843
88921	0.773511
400178	0.350144
11270	0.609860
89547	0.809496
62727	0.838683
89678	0.409053
5511	1.109764
364793	1.218633
282676	0.957316
182805	0.442804
358261	0.463025
377099	0.553597
197429	0.461213
64220	0.364883

2013083016150000013	0.600716
2013083016150000013	201308301615	http://feeds.abcnews.com/c/35229/f/654824/s/3099d896/sc/17/l/0Labcnews0Bgo0N0CEntertainment0Clindsay0Elohan0Eskips0Evenice0Efilm0Efestival0Cstory0Did0F20A118165/story01.htm	Lindsay Lohan Skips Venice Film Festival - ABC News
307799	1.252510
184032	0.398921
43194	0.404679
308448	0.826740
144751	0.307304
237231	0.495082
79054	0.509985
185937	0.475252
262024	0.457239
49451	0.480355
173472	1.008272
17934	0.517320
108673	0.356438
300086	0.690060
53578	0.271470
149424	0.547772
265286	0.567053
54389	0.458946
265740	0.620679
253570	0.377462
339720	0.523372
230291	0.365004
644613	1.268848
353376	0.345561
205534	0.436696
404016	1.087438
303017	0.748061
328251	1.286330
178473	0.767799
86885	0.665299
87001	0.545430
355346	0.464370
37571	0.586881
153708	0.498705
356124	0.378795
316743	1.120617
407476	0.606478
11270	0.600716
305867	0.204857
382095	1.183811
270234	0.255991
102992	0.316250
196884	0.638871

2013083016060000008	0.593686
2013083016060000008	201308301606	http://www.forbes.com/sites/dorothypomerantz/2013/08/30/james-spader-is-back-with-the-avengers-and-a-hot-tv-show/	James Spader Is Back With ` The Avengers ' And A Hot TV Show - Forbes
91370	0.340361
130858	0.463145
249096	0.995971
144751	0.280941
44746	0.472370
78431	0.402349
44929	0.157197
45053	1.253365
45992	0.356755
249792	0.352078
397731	0.323681
48154	0.435656
107082	0.365592
80551	0.314217
107351	0.190808
120367	0.234611
187481	0.528243
363737	0.617604
215972	0.187165
399904	0.615741
188648	0.413622
121970	1.280522
325148	0.307586
5511	0.581098
217042	0.566584
364793	0.925196
252926	0.811692
338559	0.210965
70207	0.901836
265286	0.475976
149815	0.421177
217740	0.221225
150094	1.483021
97875	0.475459
136973	0.317241
339720	0.531748
150923	0.866999
71502	0.420405
85154	1.003880
36073	0.327494
152250	0.598714
341173	0.482267
178108	0.492060
303216	0.915153
86594	0.353661
139299	0.366626
23001	0.189809
37311	0.629453
37348	0.409571
73690	0.505880
356145	0.362344
60429	0.396939
316735	0.474613
39306	0.435005
357050	0.294904
39372	0.467385
11270	0.593686
270131	0.518785
168729	0.522009
76661	0.368478
197429	0.289842

2013083102340000003	0.591384
2013083102340000003	201308310234	http://www.examiner.com/article/a-good-weekend-to-catch-up-on-other-movies-that-came-out-weeks-ago?cid=rss	A good weekend to catch up on other movies that came out weeks ago ! - Chicago Movies | Examiner.com
791	0.656032
360132	0.366001
372778	0.577480
44394	0.251096
131612	0.173456
78406	0.279031
44929	0.285890
92694	0.297329
45984	0.644457
45992	0.338548
132575	0.705176
30525	0.433904
106400	0.257983
250888	0.663218
187026	0.385844
107485	0.498191
49825	0.239838
201406	0.343871
399277	0.768832
134406	0.719983
350048	0.524538
287857	0.631148
69293	0.805435
338581	0.496014
110148	0.705789
84010	0.422109
289407	0.662681
84469	0.620539
340569	0.360146
391358	0.352354
303756	0.428066
112707	0.404129
140759	0.616058
24675	0.475530
38841	0.426486
221522	0.495612
39309	0.403314
269664	0.304976
40115	0.262135
11270	0.591384
40622	0.381169
331534	0.440560
12166	0.330344
196162	0.777739
76661	0.510564
64120	0.497927

2013083013260000003	0.579062
2013083013260000003	201308301326	http://blogs.reuters.com/india/tag/children	Children | India Insight
307782	1.532550
359564	0.696786
260053	1.336931
43693	0.640018
131612	0.195746
396703	0.482365
360626	0.332453
273229	0.530529
373326	0.563354
360916	0.933793
30525	0.514460
47734	1.501740
50492	0.372604
3991	1.199495
187798	1.204802
148612	0.449917
401562	0.531592
136333	0.404142
339872	0.710905
205132	1.076206
112342	0.980420
36743	0.576433
355346	0.424305
112771	0.809491
368273	0.357939
23331	1.060918
37819	0.499371
356390	0.652091
10751	0.822667
209372	0.479081
195199	0.890518
11270	0.579062
331534	0.539625
370638	0.459566
41188	0.728393

2013083008020000005	0.557654
2013083008020000005	201308300802	http://sg.news.yahoo.com/no-action-against-penang-cinemas-screening-tanda-putera-080200706.html	No action against Penang cinemas screening ` Tanda Putera ' tomorrow - Yahoo ! News Singapore
308067	0.738716
1016	0.328794
185019	0.451751
213121	0.368099
199245	0.352101
213219	0.638903
65944	0.364172
46565	0.876380
119076	0.668036
386392	1.328106
160601	0.714037
67951	0.706221
121753	1.221942
18577	0.335955
108875	0.805178
122960	0.332207
54721	0.861524
136543	0.403522
277944	0.623670
289721	1.115499
314376	0.256276
137690	0.760194
366791	0.524481
416192	0.858398
205984	0.957565
125416	0.157118
57932	0.401912
354730	0.397661
86546	0.311610
165807	0.302205
355346	0.416855
112771	1.117589
356390	0.415560
154674	0.375867
221219	0.482742
10446	0.377805
317330	0.424967
39357	0.403221
181550	0.331673
40252	0.586793
11270	0.557654
393645	0.267221
181965	0.767882
246752	0.798960
40918	0.396573
11756	0.485138
282795	0.327838
63522	0.353020
64037	0.372299
116787	0.905288

2013083008020000003	0.557654
2013083008020000003	201308300802	http://my.news.yahoo.com/no-action-against-penang-cinemas-screening-tanda-putera-080200706.html	No action against Penang cinemas screening ` Tanda Putera ' tomorrow - Yahoo ! News Malaysia
308067	0.738716
1016	0.328794
185019	0.451751
213121	0.368099
199245	0.352101
213219	0.638903
65944	0.364172
46565	0.876380
119076	0.668036
386392	1.328106
160601	0.714037
67951	0.706221
121753	1.221942
18577	0.335955
108875	0.805178
122960	0.332207
54721	0.861524
136543	0.403522
277944	0.623670
289721	1.115499
314376	0.256276
137690	0.760194
366791	0.524481
416192	0.858398
205984	0.957565
125416	0.157118
57932	0.401912
354730	0.397661
86546	0.311610
165807	0.302205
355346	0.416855
112771	1.117589
356390	0.415560
154674	0.375867
221219	0.482742
10446	0.377805
317330	0.424967
39357	0.403221
181550	0.331673
40252	0.586793
11270	0.557654
393645	0.267221
181965	0.767882
246752	0.798960
40918	0.396573
11756	0.485138
282795	0.327838
63522	0.353020
64037	0.372299
116787	0.905288

2013083109080000001	0.557469
2013083109080000001	201308310908	http://www.miamiherald.com/2013/08/31/3597758/twin-cities-film-fest-gives-look.html	ST. LOUIS PARK , Minn. : Twin Cities Film Fest gives look at 2013 lineup - Movies Wires - MiamiHerald.com
157700	0.667294
144321	0.681372
144751	0.281725
44929	0.236747
45285	0.657187
79054	0.552834
334993	1.212505
200216	1.296637
386404	0.393095
250952	0.924555
201406	0.481198
50492	0.335479
215972	0.291189
264222	1.215179
324773	0.277377
148957	0.648511
70669	0.418764
176553	0.363041
352970	0.866203
205471	0.921477
206019	0.395878
328277	1.141336
111876	0.792702
58561	0.285989
231815	0.616274
355346	0.485722
193399	0.680545
256173	1.282486
154214	0.518823
140936	0.314800
369701	0.997603
61952	1.150573
11270	0.557469
62289	1.268380
102461	0.529894
12061	0.882668
157317	0.430731
63932	0.495933

2013083004120000006	0.554880
2013083004120000006	201308300412	http://www.sltrib.com/sltrib/money/56790294-79/com-county-device-digital.html.csp	Oh My Tech ! : Displaying library digital movies on your TV | The Salt Lake Tribune
248567	0.569393
333947	0.268113
410274	0.696121
260457	0.272736
308492	0.384290
45398	0.453230
145598	0.405030
106401	0.225834
47683	0.181299
298316	0.240578
160289	0.612657
16458	1.250255
67433	0.508820
386441	0.404227
310718	0.471921
94666	0.651463
49825	0.179914
120655	0.263156
363287	0.366593
51001	0.445589
227596	0.578222
161597	0.462139
108292	0.481550
299844	0.274320
188255	0.537939
388135	0.316782
401330	0.707727
19893	0.394909
70669	0.357853
289341	0.484071
339445	0.427086
229750	0.460235
402965	0.670995
55982	0.568713
56606	0.565626
340468	0.355187
151623	0.399205
302763	0.478744
379402	0.343213
367815	0.697081
405075	0.327757
355249	0.680316
355346	0.227425
179143	0.431617
153368	0.263018
126393	0.489311
280547	0.524595
9724	0.668836
60361	0.488118
368786	0.327036
73866	0.237993
166863	0.782373
369147	0.423103
221055	0.301080
24355	0.146310
74306	0.579526
233437	0.773938
181009	0.528275
221824	0.390491
40115	0.206104
11270	0.554880
305867	0.171764
25790	0.402098
222199	0.572467
40664	0.577750
168248	0.412846
40918	0.302757
270439	0.418940
182130	0.284476
102992	0.261553
196142	0.613556
282724	0.327048
358280	0.316874
282907	0.226299
116023	0.307815
76564	0.556423
247848	0.402132
394999	0.319794
64120	0.320048
130219	0.281272

2013083022200000002	0.550649
2013083022200000002	201308302220	http://www.denverpost.com/technology/ci_23981882/how-display-public-library-digital-movies-your-tv?source=rss	How to display public library digital movies on your TV via Hoopla - The Denver Post
248567	0.664941
333947	0.254557
410274	0.671825
260457	0.258925
260692	0.522100
237231	0.283365
360626	0.196348
45398	0.335438
145598	0.384027
46009	0.535790
262024	0.261110
47683	0.221791
160289	0.588080
16458	1.245371
67433	0.488471
48795	0.568250
386436	0.527296
386441	0.297636
310718	0.454306
80551	0.244766
94666	0.487249
49825	0.175635
120655	0.259746
363287	0.351987
227596	0.549124
161597	0.444248
299844	0.302415
188255	0.516217
312073	0.201206
188636	0.929858
388135	0.308921
300532	0.265437
401330	0.683159
54389	0.261499
377339	0.339573
19893	0.380838
70669	0.295626
289341	0.465949
339445	0.432159
84265	0.591419
229750	0.441715
415446	0.315284
402965	0.540242
55982	0.680631
243016	0.340766
56606	0.545780
340468	0.341750
302763	0.483088
405075	0.315117
355249	0.655836
355346	0.218689
179144	0.322773
153368	0.253034
355569	0.416342
193336	0.257501
355976	0.251571
9724	0.644652
60361	0.405954
368786	0.310552
166863	0.712558
369147	0.406186
221055	0.237585
356503	0.550001
24355	0.140969
74242	0.266496
74306	0.491478
233437	0.746224
114207	0.264555
181009	0.504273
221824	0.377326
11237	0.297113
11270	0.550649
305867	0.196168
40448	0.323167
25790	0.389116
222199	0.552173
195451	0.145761
40664	0.557373
62539	0.427901
331534	0.258328
270439	0.404239
182130	0.273722
89583	0.408228
102992	0.250986
196142	0.493515
282724	0.335067
358280	0.304749
282907	0.214535
116023	0.296527
358531	0.388090
247848	0.499275
394999	0.308176
64120	0.308051

2013083014400000003	0.540168
2013083014400000003	201308301440	http://www.sfgate.com/news/world/article/Lohan-is-no-show-in-Venice-4774434.php	Lohan is no-show in Venice - SFGate
307799	1.192605
43194	0.495559
346700	1.243796
308448	0.856029
1443	0.389210
79054	0.589115
185937	0.574576
173472	0.905089
336960	0.662644
299859	0.633518
216488	0.347620
300086	0.796735
53045	0.642370
53578	0.330376
265740	0.795759
205534	0.545964
404016	0.973682
303017	0.901289
125416	0.216796
86885	0.812217
355346	0.446353
153708	0.604952
316743	1.394172
154177	0.289068
11270	0.540168
305867	0.251610
382095	1.419252
102992	0.392009
210613	0.574738
196884	0.540267
223605	0.876115

2013083009480000007	0.535783
2013083009480000007	201308300948	http://blogs.reuters.com/india/tag/manoj-bajpayee	Manoj Bajpayee | India Insight
42747	1.449179
362479	0.736976
133798	0.632400
133936	0.480000
187481	0.638156
215589	1.516462
95144	1.240598
387297	0.964024
227408	1.187144
215972	0.240943
188648	0.538016
217803	0.517607
204032	0.622957
136877	1.386048
190386	0.601944
205132	0.877499
415945	0.735573
151727	0.400204
112198	0.374682
58336	0.393099
152669	0.418293
22767	0.354010
58561	0.297159
73102	0.860665
355346	0.432301
153814	0.514900
24206	1.001404
127407	0.793592
61689	0.933746
357050	0.511987
25451	1.669553
11270	0.535783
40507	0.401141
12901	1.216170

2013083009480000009	0.535783
2013083009480000009	201308300948	http://blogs.reuters.com/india/tag/prakash-jha	Prakash Jha | India Insight
42747	1.449179
362479	0.736976
133798	0.632400
133936	0.480000
187481	0.638156
215589	1.516462
95144	1.240598
387297	0.964024
227408	1.187144
215972	0.240943
188648	0.538016
217803	0.517607
204032	0.622957
136877	1.386048
190386	0.601944
205132	0.877499
415945	0.735573
151727	0.400204
112198	0.374682
58336	0.393099
152669	0.418293
22767	0.354010
58561	0.297159
73102	0.860665
355346	0.432301
153814	0.514900
24206	1.001404
127407	0.793592
61689	0.933746
357050	0.511987
25451	1.669553
11270	0.535783
40507	0.401141
12901	1.216170

2013083009480000010	0.535783
2013083009480000010	201308300948	http://blogs.reuters.com/india/tag/satyagraha	Satyagraha | India Insight
42747	1.449179
362479	0.736976
133798	0.632400
133936	0.480000
187481	0.638156
215589	1.516462
95144	1.240598
387297	0.964024
227408	1.187144
215972	0.240943
188648	0.538016
217803	0.517607
204032	0.622957
136877	1.386048
190386	0.601944
205132	0.877499
415945	0.735573
151727	0.400204
112198	0.374682
58336	0.393099
152669	0.418293
22767	0.354010
58561	0.297159
73102	0.860665
355346	0.432301
153814	0.514900
24206	1.001404
127407	0.793592
61689	0.933746
357050	0.511987
25451	1.669553
11270	0.535783
40507	0.401141
12901	1.216170

2013083023050000009	0.534181
2013083023050000009	201308302305	http://examiner.com/list/four-tv-series-you-have-to-start-now	Four TV series you have to start now - Boston Books | Examiner.com
117916	0.623255
260713	0.965238
92253	0.588485
45240	0.328341
373300	0.395519
47585	0.467879
30899	0.973814
48986	0.498509
17419	0.350737
300044	0.600274
108854	0.633717
388135	0.578420
188899	0.758113
149384	0.482566
19444	0.495713
204032	0.524464
339720	0.726817
353280	0.449983
353325	0.372137
302642	0.584463
206186	0.571525
8664	0.492556
22767	0.263870
23001	0.242743
139468	0.604173
86999	0.436552
126802	0.462274
113530	1.059776
208371	0.756232
24355	0.251845
154604	0.613365
221277	1.071703
114650	0.854604
39977	0.824857
11270	0.534181
305867	0.223398
270800	1.138326
196874	0.359920
13216	0.905289

2013083013210000010	0.526832
2013083013210000010	201308301321	http://www.examiner.com/article/this-weekend-one-direction-tells-their-story-concert-movie-this-is-us?cid=rss	This weekend , One Direction tells their story in concert movie ` This Is Us ' - St. Louis Movie | Examiner.com
346732	0.509115
144751	0.309952
131612	0.190674
171902	0.431529
386022	0.343847
186771	0.474101
187026	0.383891
80523	0.324402
201406	0.378344
215529	0.707082
239809	0.448512
252093	0.856764
4905	0.970108
108692	0.443642
188897	0.377317
69793	0.307680
96749	0.910824
175415	0.401816
162851	0.306875
338581	0.520806
338582	1.074498
313645	0.266350
6545	0.424708
289407	0.550893
163711	0.448228
84737	0.549983
111175	0.443852
151425	0.771450
279011	1.121910
354066	0.233992
57837	0.332172
354540	0.557752
255460	0.283394
316603	0.405189
208779	0.562804
140759	0.529940
180760	0.320520
38841	0.522363
11270	0.526832
234283	0.583323
102485	0.278668
182246	0.349835
358256	0.516660
383186	0.335330
197279	0.830449
223605	0.959890

2013083013440000002	0.526266
2013083013440000002	201308301344	http://www.utsandiego.com/news/2013/aug/30/lohan-is-no-show-in-venice/	Lohan is no-show in Venice | UTSanDiego.com
307799	1.154966
43194	0.444536
346700	1.141398
308448	0.762962
1443	0.347968
79054	0.521088
185937	0.519244
348556	0.388415
263306	0.620780
173472	0.796217
336960	0.602583
215972	0.268081
300044	0.534988
216488	0.308216
300086	0.705566
53045	0.586807
53578	0.297422
265740	0.881739
137117	0.784761
230291	0.402025
353376	0.384352
205534	0.485229
404016	0.858358
303017	0.816133
23001	0.245467
86885	0.729873
355346	0.394357
153708	0.545634
316743	1.242568
356282	0.564101
154177	0.258013
11270	0.526266
305867	0.225320
382095	1.357486
102992	0.349912
210613	0.510227
383186	0.323161
196884	0.490240
223605	0.779804

2013083111060000001	0.518265
2013083111060000001	201308311106	http://au.news.yahoo.com/entertainment/a/-/article/18737546/lohan-a-no-show-at-venice-film-festival/	Lohan a no-show at Venice Film Festival - Yahoo ! 7
137117	0.755220
307799	1.116871
43194	0.422463
190925	0.447944
346700	1.091479
353376	0.360531
308448	0.715159
205534	0.455493
404016	0.799892
327894	0.642481
1443	0.330052
303017	0.779708
125416	0.182492
79054	0.486481
199556	0.360970
145822	0.458757
86594	0.361887
185937	0.495521
86885	0.694328
355346	0.367939
348556	0.374292
153708	0.520142
316743	1.168204
154177	0.242764
147472	0.426456
173472	0.741128
187481	0.425804
336960	0.577016
215972	0.212188
299859	0.534553
11270	0.518265
305867	0.213922
382095	1.305992
300044	0.516969
216488	0.288116
300086	0.659125
294240	0.972268
53045	0.563275
102992	0.331586
53578	0.283228
210613	0.477268
169058	0.591480
383186	0.311837
196884	0.468893
223605	0.730430
265740	0.654829

2013083001450000003	0.516189
2013083001450000003	201308300145	http://www.utsandiego.com/news/2013/aug/29/brian-depalma-passion-movie/	De Palma still has ` Passion ' for movies Page 1 of 2 | UTSanDiego.com
43194	0.278537
384014	0.450998
333526	0.237409
130855	0.323951
144232	0.281618
64907	0.413774
396193	0.354564
347117	0.689837
360132	0.269708
144751	0.230375
44394	0.190485
144877	0.494411
360334	0.655525
410668	1.012317
92694	0.242465
249792	0.328030
335007	0.372388
373840	0.702388
79412	0.894803
46996	0.525137
385654	0.482841
285829	0.564520
250473	0.268035
133695	0.295850
263148	0.516442
50387	0.173558
50740	0.879066
239750	0.422197
215972	0.163736
51541	0.384024
95740	0.303515
148424	0.498944
188648	0.267909
69793	0.231115
175386	0.361755
175415	0.300873
265051	0.306681
19679	0.531191
110002	0.480350
313645	0.175387
415349	0.396601
190583	0.388123
124135	0.292301
327289	0.749746
353376	0.308380
327491	0.281576
340629	0.808247
404008	0.383132
367331	0.338278
36287	1.220968
152335	0.611807
57800	0.208018
367619	0.566392
192260	0.257002
152659	0.932940
354958	0.210342
267820	0.398855
58674	0.274229
329066	0.681531
355346	0.323790
356145	0.341085
88015	0.502059
155235	0.916985
357050	0.282082
114569	0.316446
39835	0.497943
11270	0.516189
209785	0.414023
41104	0.574666
357905	0.197639
420490	0.253795
306782	0.551920
282907	0.212325
394610	0.854263
271191	0.236275
63445	0.341584
295201	0.928021
196884	0.349144
345608	0.930097
235718	0.895315
223605	0.703833
345994	0.445280
42605	0.195468
13392	0.230526

2013083013520000005	0.514033
2013083013520000005	201308301352	http://seattletimes.com/html/entertainment/2021716523_apeuitalyvenicefilmfestivalcanyons.html?syndication=rss	Lohan is no-show in Venice | Entertainment | The Seattle Times
307799	1.109248
43194	0.419637
346700	1.085604
308448	0.713479
1443	0.327900
79054	0.485433
199556	0.359629
145822	0.454648
185937	0.492029
348556	0.371350
311139	0.408889
263306	0.576366
173472	0.739644
187481	0.421872
336960	0.572783
215972	0.258974
300044	0.512789
216488	0.287477
300086	0.657686
53045	0.559028
53578	0.281284
265740	0.819265
137117	0.749367
230291	0.377898
353376	0.359671
205534	0.454390
404016	0.798243
327894	0.636362
303017	0.774140
86594	0.358493
23001	0.230553
86885	0.689623
355346	0.367158
153708	0.516524
316743	1.165293
356282	0.530676
154177	0.242150
11270	0.514033
305867	0.212510
382095	1.297762
102992	0.329451
210613	0.476195
383186	0.309352
196884	0.465499
223605	0.728738

2013083017420000001	0.511010
2013083017420000001	201308301742	http://uk.news.yahoo.com/lindsay-lohan-no-show-venice-film-festival-162325058.html	Lindsay Lohan A No-Show At Venice Film Festival - Yahoo ! News UK
307799	1.053625
308448	0.732843
144751	0.284915
237231	0.396957
213121	0.458539
347748	0.413228
79054	0.499662
199556	0.369629
262024	0.367216
146597	0.914105
107391	0.366553
173472	0.772784
215972	0.221016
108673	0.381111
108697	0.340702
216488	0.294612
300086	0.676737
54389	0.369180
265740	0.673048
415335	0.499751
190925	0.466435
230291	0.380478
353376	0.465922
205534	0.458902
404016	0.833734
303017	0.944612
303485	0.469956
23001	0.232276
86885	0.776406
355346	0.465505
316743	1.175464
356282	0.533948
154177	0.274676
11270	0.511010
382095	1.310155
102992	0.322059
210613	0.487823
358261	0.436915
169058	0.605318
383186	0.348551
196884	0.557496

2013083105350000005	0.509527
2013083105350000005	201308310535	http://bostonherald.com/inside_track/celebrity_news/2013/08/lohan_is_no_show_in_venice	Lohan is no-show in Venice | Boston Herald
307799	1.134107
43194	0.437647
346700	1.114783
308448	0.747044
79054	0.509094
185937	0.512335
348556	0.381297
263306	0.605326
173472	0.776631
187481	0.473683
336960	0.589938
300044	0.525816
216488	0.301334
300086	0.689566
53045	0.575090
53578	0.293130
149424	0.551079
265740	0.860155
415335	0.539903
137117	0.769937
230291	0.393199
353376	0.376482
205534	0.475487
404016	0.837769
303017	0.805752
23001	0.239979
86885	0.718946
355346	0.464880
153708	0.538062
316743	1.218649
356282	0.551948
11270	0.509527
305867	0.221712
382095	1.490550
102992	0.348229
210613	0.499014
383186	0.317427
196884	0.484300
223605	0.763238

2013083015370000002	0.509484
2013083015370000002	201308301537	http://sg.news.yahoo.com/lohan-no-show-venice-124430757.html	Lohan is no-show in Venice - Yahoo ! News Singapore
307799	1.162575
43194	0.446708
346700	1.132724
308448	0.765558
79054	0.522552
185937	0.522098
348556	0.386664
263306	0.622204
173472	0.798109
187481	0.466528
336960	0.599811
216488	0.309141
300086	0.707614
53045	0.584128
53578	0.298964
149424	0.560834
265740	0.883863
415335	0.552442
137117	0.781208
230291	0.401926
353376	0.385701
205534	0.486985
404016	0.860541
303017	0.820752
23001	0.245390
86885	0.733547
355346	0.476215
153708	0.548546
316743	1.247349
356282	0.564001
11270	0.509484
305867	0.226389
382095	1.504204
102992	0.356200
210613	0.511806
196884	0.493097
223605	0.782376

2013083014370000011	0.509484
2013083014370000011	201308301437	http://my.news.yahoo.com/lohan-no-show-venice-124430757.html	Lohan is no-show in Venice - Yahoo ! News Malaysia
307799	1.162575
43194	0.446708
346700	1.132724
308448	0.765558
79054	0.522552
185937	0.522098
348556	0.386664
263306	0.622204
173472	0.798109
187481	0.466528
336960	0.599811
216488	0.309141
300086	0.707614
53045	0.584128
53578	0.298964
149424	0.560834
265740	0.883863
415335	0.552442
137117	0.781208
230291	0.401926
353376	0.385701
205534	0.486985
404016	0.860541
303017	0.820752
23001	0.245390
86885	0.733547
355346	0.476215
153708	0.548546
316743	1.247349
356282	0.564001
11270	0.509484
305867	0.226389
382095	1.504204
102992	0.356200
210613	0.511806
196884	0.493097
223605	0.782376

2013083017080000012	0.500806
2013083017080000012	201308301708	http://news.yahoo.com/lohan-erotic-thriller-defended-stars-170846506.html	Lohan erotic thriller defended by stars - Yahoo ! News
307799	0.915275
117412	0.599311
308448	0.662453
144751	0.308454
237231	0.378833
213121	0.367976
373326	0.476528
79054	0.509125
171902	0.426889
262024	0.349572
374247	0.620588
386069	0.448135
322776	0.468216
275023	0.618739
120419	0.279327
173472	0.675977
50381	0.373302
187481	0.448680
350112	0.685928
240171	0.843939
18577	0.333108
300086	0.578556
52494	0.771019
338749	0.909822
54389	0.350580
217769	0.683104
326162	0.686254
217803	0.412536
265740	0.573687
266027	0.641283
176539	0.433762
151727	0.332325
404016	0.712551
327894	0.874610
327980	0.310200
57837	0.279307
112198	0.294245
86594	0.382393
355346	0.493187
100709	0.501902
342485	0.422625
60495	1.060369
392496	0.396273
140936	0.289536
11270	0.500806
382095	0.876349
40712	1.187809
26041	0.841398
294240	1.033279
357905	0.269362
383186	0.278909
13218	0.934165
345939	0.773372

2013083017080000006	0.500806
2013083017080000006	201308301708	http://sg.news.yahoo.com/lohan-erotic-thriller-defended-stars-170846984.html	Lohan erotic thriller defended by stars - Yahoo ! News Singapore
307799	0.915275
117412	0.599311
308448	0.662453
144751	0.308454
237231	0.378833
213121	0.367976
373326	0.476528
79054	0.509125
171902	0.426889
262024	0.349572
374247	0.620588
386069	0.448135
322776	0.468216
275023	0.618739
120419	0.279327
173472	0.675977
50381	0.373302
187481	0.448680
350112	0.685928
240171	0.843939
18577	0.333108
300086	0.578556
52494	0.771019
338749	0.909822
54389	0.350580
217769	0.683104
326162	0.686254
217803	0.412536
265740	0.573687
266027	0.641283
176539	0.433762
151727	0.332325
404016	0.712551
327894	0.874610
327980	0.310200
57837	0.279307
112198	0.294245
86594	0.382393
355346	0.493187
100709	0.501902
342485	0.422625
60495	1.060369
392496	0.396273
140936	0.289536
11270	0.500806
382095	0.876349
40712	1.187809
26041	0.841398
294240	1.033279
357905	0.269362
383186	0.278909
13218	0.934165
345939	0.773372

2013083013260000002	0.495951
2013083013260000002	201308301326	http://blogs.reuters.com/india/2013/08/30/kids-rule-the-roost-as-bollywood-woos-audiences/	Kids rule the roost as Bollywood woos audiences | India Insight
307782	1.050440
359564	0.466059
197933	0.297965
130752	0.306666
43446	0.370159
260053	0.879832
43693	0.449671
334098	0.398810
131612	0.139101
396703	0.347016
360626	0.279513
273229	0.375524
373326	0.387415
360916	0.830800
199556	0.338756
145822	0.353007
185749	0.883971
309690	0.858068
146232	0.427459
30525	0.367056
47734	1.052080
3407	0.206237
50492	0.254561
251521	0.257135
187618	0.526244
3991	0.997301
239816	0.263273
187798	0.998359
51461	0.384048
324773	0.174335
148612	0.297642
188897	0.250116
96856	0.366880
401562	0.390330
136333	0.271095
54784	0.679938
190336	0.741826
339872	0.515860
205132	0.777146
353376	0.271914
56527	0.676680
85306	0.296917
71996	0.193418
367268	0.457860
404972	0.561494
112342	0.510122
36743	0.386449
22772	0.523473
355346	0.430575
112771	0.544588
368273	0.233224
23331	0.689616
59438	1.096372
304261	0.481784
37819	0.357752
60210	0.214446
329780	0.258755
342645	0.715845
154177	0.174036
369012	0.311149
356390	0.499048
24675	0.324324
38841	0.249956
10751	0.537333
141333	0.332383
209372	0.394755
195199	0.735504
11270	0.495951
40392	0.322478
331534	0.401819
370638	0.301669
41188	0.642746
234863	0.257827
129025	0.308733
196068	0.658240
394454	0.257744
358575	0.178487
196994	0.269622
64196	0.495830

2013083022540000005	0.493809
2013083022540000005	201308302254	http://www.usatoday.com/story/life/movies/2013/08/30/bradley-cooper-guardians-of-the-galaxy-movie/2749513/	Bradley Cooper voices ` Guardians of the Galaxy ' raccoon
104617	0.846318
333947	0.426114
184840	0.257745
198967	0.578882
249365	0.992345
65903	0.775106
45992	0.401217
47027	1.164912
2489	0.853851
67399	0.452731
187481	0.497661
120779	1.297303
227417	0.559643
18029	0.487709
400178	0.289917
81984	1.286913
18713	0.830872
5511	0.960813
401738	0.526178
204032	0.542541
339186	0.512327
190386	0.518670
339720	0.452221
390218	0.222443
278601	1.297412
124610	0.650332
35726	0.904716
404263	0.597251
354191	0.395994
178108	0.857008
152452	0.759652
8688	0.331478
179091	0.555044
329190	0.858362
23392	0.778469
73690	0.547264
406273	0.800050
87673	0.842075
61143	0.286547
141018	0.382937
194678	0.341696
11270	0.493809
294315	0.508243
332171	0.678950
211346	0.375908

2013083022150000006	0.490854
2013083022150000006	201308302215	http://blog.sfgate.com/dailydish/2013/08/30/justin-timberlake-wants-to-the-the-riddler/	Justin Timberlake wants to the the Riddler | Daily Dish | an SFGate.com blog
307799	0.765517
43194	0.389577
320230	0.670632
717	0.646087
91693	0.475338
396203	0.588849
308448	0.731228
144751	0.260966
373000	0.887882
385061	1.072824
45992	0.329839
119076	0.479746
47492	0.749816
187026	0.334583
187481	0.476131
399898	0.768994
215972	0.224369
202577	0.817450
122301	0.722208
377339	0.510038
265740	0.642427
339720	0.491918
339831	0.676253
403051	1.742674
353376	0.437955
7444	0.369314
390250	0.837306
151461	0.404521
191765	0.319352
267363	0.698120
405147	0.904664
355346	0.328098
153369	0.433737
207437	1.001071
24206	0.857443
407137	0.757154
141156	0.910449
114441	0.824929
39504	0.617319
11270	0.490854
270131	0.574251
128585	0.462452
26542	0.361851
196874	0.323412
346075	0.515194

2013083016120000007	0.483899
2013083016120000007	201308301612	http://www.oregonlive.com/portland/index.ssf/2013/08/the_breeders_play_the_wonder_b.html	The Breeders play The Wonder Ballroom ; parks screen ` E.T. ' and ` Shrek ' : North and Northeast Portland entertainment news | OregonLive.com
395557	0.486666
43446	0.412770
130855	0.357989
646884	1.280825
396313	0.734671
14444	0.240759
260716	0.581483
284732	0.378569
132008	0.463669
79054	0.463478
397340	0.188807
119076	0.511079
361549	0.714781
398013	0.717680
160030	0.769144
47973	0.412824
160150	0.558067
48574	0.418161
67399	0.417292
67644	0.904955
172990	0.745005
263019	0.517397
323601	0.817335
239788	0.384469
215972	0.243919
68766	0.521547
51693	0.552381
324773	0.176080
148957	0.443552
19070	0.927880
338581	0.506836
401731	0.581337
6099	0.404026
313645	0.190910
176505	0.376057
378011	0.698270
190723	0.375347
415985	0.662780
278723	0.428710
85358	0.502907
111474	0.627220
206019	0.451132
57800	0.225974
112369	0.485129
139299	0.390624
126248	1.327458
59929	0.260998
356124	0.370926
392252	0.287317
208779	0.481991
208780	0.271587
194293	0.306574
180801	0.308219
317471	0.515898
11270	0.483899
393645	0.256101
11614	0.954646
258216	0.382181
234718	0.677699
115480	0.568564
102992	0.424927
63999	0.204129

2013083017080000010	0.478844
2013083017080000010	201308301708	http://au.news.yahoo.com/a/-/business/18730377/lohan-erotic-thriller-defended-by-stars/	Lohan erotic thriller defended by stars - Yahoo ! 7
307799	0.870564
117412	0.564450
131435	0.492736
308448	0.616389
144751	0.289090
237231	0.354869
213121	0.347688
373326	0.445362
79054	0.478046
171902	0.400310
262024	0.327347
374247	0.582377
386069	0.421633
322776	0.463916
275023	0.580861
120419	0.262533
173472	0.646849
50381	0.351897
187481	0.418126
350112	0.658563
240171	0.796272
216403	0.441568
18577	0.314590
300086	0.540550
52494	0.722498
148891	0.352553
338749	0.857272
54389	0.328180
217769	0.636417
326162	0.642192
217803	0.388372
265740	0.678102
266027	0.603215
176539	0.411516
353376	0.270891
205534	0.342353
151727	0.312100
404016	0.663677
327894	0.825212
327980	0.307912
57837	0.264304
112198	0.276893
86594	0.356449
355001	1.142950
355346	0.471538
100709	0.466888
342485	0.396455
60495	1.000603
316743	0.878625
392496	0.375788
140936	0.285467
181614	0.551787
11270	0.478844
40371	0.396787
382095	0.853410
40712	1.121407
26041	0.788726
294240	0.963708
357905	0.253269
383186	0.263793
13218	0.896121
345939	0.733802

2013083018560000004	0.478515
2013083018560000004	201308301856	http://www.nydailynews.com/entertainment/gossip/lindsay-lohan-ditches-venice-film-festival-appearance-article-1.1441653	Lindsay Lohan ditches Venice Film Festival , director jokes she had held him ` hostage ' with demanding behavior - NY Daily News
307799	1.028746
43194	0.322456
157870	0.428257
346700	0.828445
308448	0.753101
237231	0.286701
79054	0.560301
199556	0.268198
145822	0.342104
185937	0.380699
262024	0.264631
348556	0.290342
250888	0.546434
80499	0.486340
107391	0.304165
263306	0.434592
147472	0.321883
173472	0.861615
187481	0.377727
336960	0.443474
350112	0.516956
215972	0.158261
108673	0.279432
300044	0.402612
216488	0.221545
300086	0.760198
413823	0.477506
53045	0.434471
53578	0.216876
149424	0.412288
83264	0.601929
54389	0.265468
338907	0.491881
265740	0.803873
415335	0.432457
137117	0.584705
229834	0.436571
204630	0.252226
190925	0.334690
230291	0.291893
353376	0.354016
205534	0.415752
404016	0.932584
327894	0.623860
303017	0.600061
86339	0.359981
86594	0.350633
23001	0.177800
86885	0.695254
355346	0.452178
153708	0.398944
207709	0.358475
316743	1.068712
356282	0.410564
317075	0.335080
11270	0.478515
305867	0.163027
382095	1.206145
370378	0.253555
294240	0.946193
102992	0.257504
210613	0.428235
169058	0.440261
383186	0.242371
196884	0.361488
223605	0.557330
13218	0.702646
345939	0.682925

2013083005240000012	0.477249
2013083005240000012	201308300524	http://www.examiner.com/article/fans-celebrate-the-mortal-instruments-city-of-bones-with-trending-topics?cid=rss	Fans celebrate ` The Mortal Instruments : City of Bones ' with trending topics - National The Mortal Instrument | Examiner.com
333244	0.672311
333911	0.634938
360132	0.354967
117916	0.556708
260713	0.862740
360626	0.253857
45992	0.428316
237850	0.784380
47269	0.485624
879266	1.666375
362479	0.629100
80551	0.332556
374905	0.275399
876319	1.681688
386998	0.905830
239816	0.352917
215972	0.231741
215979	0.266407
893993	1.656011
324773	0.245902
388892	0.536967
253131	0.550064
204032	0.462993
909562	1.650780
289407	0.566638
339720	0.563970
218932	0.391346
254787	0.558612
367831	1.014713
23001	0.224845
889846	1.661209
355346	0.502625
342521	0.528821
368905	0.601678
113530	0.949885
61023	0.270614
88125	0.683005
141004	0.791313
11270	0.477249
393645	0.290072
331689	1.028565
270800	1.017226
196874	0.330547
13216	0.809068

2013083115210000002	0.476236
2013083115210000002	201308311521	http://www.utsandiego.com/news/2013/aug/31/frears-eager-for-pope-to-see-his-latest-film/	Frears eager for pope to see his latest film | UTSanDiego.com
183984	0.488511
184032	0.474846
395971	0.552192
184920	0.495387
78590	1.008234
79054	0.656921
107391	0.508224
263306	0.764942
187481	0.586331
201574	0.843577
50492	0.252632
239906	1.655482
300086	0.890696
229048	0.911682
217730	0.550997
217821	0.542644
265740	1.060258
230058	0.439621
366403	0.685901
230291	0.435133
353376	0.323115
355346	0.573362
100307	0.939948
37571	0.700717
127060	1.138567
392544	1.294999
194678	0.275530
407342	1.385561
246281	1.289636
62066	0.238007
11270	0.476236
40599	0.459560
40918	0.698476
420170	0.450033
26456	1.424366
210613	0.524747
183263	1.140330
196884	0.464760
223419	1.022751
197081	0.638598
90720	0.722532
259440	0.440985
395280	0.392737

2013083010280000007	0.472674
2013083010280000007	201308301028	http://www.cleveland.com/popmusic/index.ssf/	Pop Music | Rock & Pop Music News & Reviews - cleveland.com
395557	0.522216
346662	0.671108
14231	0.565308
28849	0.609171
260457	0.318901
347593	0.754918
410746	0.423443
334467	0.341646
45992	0.390176
106400	0.217357
322380	0.460914
262521	0.631582
200971	0.405436
3574	1.030738
49884	0.788680
201355	0.405502
68117	0.682184
107634	0.500264
50126	0.259995
227028	0.540505
263306	0.401741
50387	0.275068
147846	0.468438
51733	0.367691
174275	0.465228
337405	0.437177
312066	0.357519
121813	0.671438
324773	0.241129
122307	1.080115
33631	0.402259
338581	0.573832
83666	0.703815
229713	0.421880
35025	0.952658
415881	0.648725
111136	0.835292
56779	0.577208
124704	0.267436
404263	0.370985
303397	0.659890
328723	0.811693
23001	0.162113
207912	0.884312
60442	0.231574
100919	0.275998
208309	0.332722
180513	0.754168
208779	0.524811
381409	0.607405
38841	0.444285
221522	0.495953
369789	0.853443
39309	0.438538
141258	0.360663
39902	0.517970
11270	0.472674
40713	0.409907
40918	0.320151
234718	0.469490
89631	0.620048
357905	0.230187
357938	0.656843
197081	0.351656
64037	0.285928

2013083102240000009	0.468658
2013083102240000009	201308310224	http://examiner.com/list/david-lynch-films-ranked	David Lynch films ranked - Allentown DVD | Examiner.com
157700	0.459273
117118	0.341419
130854	0.284386
77766	0.762476
260306	0.429582
333947	0.350659
360026	0.484935
131364	0.492504
44394	0.187755
118259	0.869072
360626	0.187830
297660	0.326630
361466	0.622605
385654	0.500645
386069	0.320160
94404	0.706288
107351	0.188044
120419	0.235634
173360	0.510635
120655	0.324070
399277	0.514796
134690	0.576739
400178	0.339669
216403	0.467939
108697	0.243583
121824	0.351930
216488	0.187229
108854	0.436422
148612	0.351114
82803	0.685271
376775	0.395912
53361	0.443222
136246	0.391422
203648	0.555618
189916	0.410677
415024	0.291637
402440	0.547151
339386	0.537989
190713	0.292246
339826	0.267704
366403	0.458903
151414	0.432275
327491	0.286599
218932	0.305262
85179	0.434922
404263	0.514379
57440	0.734116
231071	0.572197
279296	0.385697
367619	0.518980
58209	0.517885
354921	0.266472
165821	1.095638
355346	0.288307
207703	0.466008
60210	0.183041
342943	0.448611
194293	0.327984
180760	0.291827
180801	0.266227
38841	0.267933
140936	0.229326
25156	0.328660
39372	0.300642
40283	0.285495
11270	0.468658
270131	0.464230
40448	0.362537
382386	0.475979
270439	0.352970
357905	0.218884
318718	0.605750
196147	0.642066
371000	0.327064
420627	0.360179
156799	0.537290
196654	0.672933
64037	0.282116
104219	0.832306

2013083019370000010	0.468344
2013083019370000010	201308301937	http://ca.reuters.com/article/entertainmentNews/idCABRE97T0TZ20130830	Camel trek makes Australian actress Wasikowska yearn for home | Entertainment | Reuters
43194	0.571391
117367	0.680201
272610	1.074170
372794	1.745912
131612	0.191652
44929	0.226702
79054	0.461731
80523	0.349364
215030	0.278547
68371	1.317799
147794	0.924252
17934	0.414583
18577	0.413815
300086	0.624350
188712	0.618002
338559	0.359005
326259	0.658737
265740	0.835457
55478	0.951424
56401	1.139117
353376	0.366062
111873	0.501989
315910	0.811577
126106	0.790973
355346	0.452921
356029	0.635839
342607	1.128877
126933	0.596585
61023	0.320366
24355	0.234942
180751	0.395477
245924	0.512194
11270	0.468344
209819	0.691130
210623	0.578011
196884	0.532432
63999	0.351676

2013083007290000001	0.464472
2013083007290000001	201308300729	http://www.philly.com/r?19=961&43=168041&44=221723021&32=3796&7=195357&40=http://www.philly.com/philly/entertainment/20130830__Getaway___Get_away.html	` Getaway ' : Get away
333526	0.231722
333892	0.196667
333904	0.292601
91843	0.564098
144751	0.203496
144906	0.535247
29100	0.264837
334412	0.566550
45415	0.309598
261349	0.621510
397340	0.143297
397843	0.230197
67040	0.529392
172184	0.700243
106732	0.347637
187026	0.241294
49621	0.433591
120367	0.157388
386790	0.316707
201406	0.269619
50282	0.284861
287070	0.330365
134405	0.347474
413056	0.288649
363737	0.415000
188129	0.556185
400178	0.206378
202346	0.440978
216403	0.390353
300042	0.676110
108802	0.608333
324773	0.162462
324952	0.541972
109325	0.266065
135811	0.465541
175386	0.300007
175415	0.263368
264903	0.877732
228928	0.239440
136246	0.351155
217740	0.203494
217803	0.301075
54794	0.390539
204032	0.317140
55472	0.284324
204630	0.198666
190567	0.491203
84469	0.448657
190713	0.298324
7450	0.602062
151461	0.312047
354066	0.192321
206183	0.346685
57800	0.196595
125416	0.111470
379544	0.533383
58322	0.478355
255460	0.178572
354958	0.202155
267834	0.673215
139260	0.431828
355163	0.392787
23203	0.456643
355343	0.311630
405714	0.388988
355569	0.370710
139694	0.297235
207465	0.180016
232375	0.697651
304261	0.471486
280691	0.547960
392260	0.201623
342698	0.254525
256695	0.446801
61023	0.197789
256932	0.741045
74337	0.469029
392828	0.528951
194296	0.416329
356866	0.565194
39306	0.291352
269832	0.311790
39715	0.330765
40115	0.174731
75223	0.556488
11270	0.464472
234624	0.398401
89563	0.360268
89675	0.168176
168645	0.286807
41525	0.297699
306790	0.591458
371214	0.477730
182902	0.272324
408827	0.517604
383186	0.216079
196809	0.365265
247779	0.217578
409432	0.447978
27893	0.209981

2013083103310000001	0.464425
2013083103310000001	201308310331	http://sg.news.yahoo.com/michael-tse-denies-series-plagiarised-double-tap-023100809.html	Michael Tse denies new series plagiarised `` Double Tap '' - Yahoo ! News Singapore
144232	0.422259
36073	0.412342
29708	0.650005
125416	0.196989
219920	0.432764
46996	0.851749
231760	0.519004
411632	1.468902
106412	0.647216
106413	0.911282
310383	1.102234
60053	1.164087
60085	0.355773
60235	1.283986
180002	0.773604
292592	1.012322
17168	0.823257
133896	0.670204
208780	0.412989
187481	0.648887
227147	0.527721
194293	0.567511
140936	0.341046
652123	1.467222
141615	0.475415
11270	0.464425
209785	0.661218
413757	0.859195
40918	0.480907
394030	0.463749
394580	0.324888
90288	1.036569
265286	0.776854
104114	0.994122
97867	0.654360

2013083013480000002	0.464024
2013083013480000002	201308301348	http://www.forbes.com/sites/janelevere/2013/08/30/robert-osborne-of-tcm-hosts-new-bus-tour-of-new-york-city-film-locations/	Robert Osborne Of TCM Hosts New Bus Tour Of New York City Film Locations - Forbes
183906	0.388154
43446	0.253217
130859	0.860289
43849	0.385107
236797	0.290877
144528	0.217289
284358	0.596460
28849	0.559743
320668	0.279113
360132	0.241926
144751	0.189963
131612	0.126719
29100	0.269290
284732	0.221792
65608	0.770438
273179	0.301147
199245	0.210732
29708	0.477460
249787	0.223321
334827	0.447766
46964	0.243521
225709	0.298456
322192	0.394991
172094	0.197019
106360	0.284735
106401	0.211292
106491	0.153101
3407	0.190022
17016	0.325006
147206	0.328998
50387	0.159044
187556	0.235924
51015	1.162750
161455	0.331537
202097	1.056315
400220	0.458107
312066	0.395251
364153	0.184300
905623	1.075033
324773	0.234146
388120	0.389165
414527	0.178807
228928	0.274366
19528	0.342445
352100	0.716411
204032	0.321872
253453	0.332040
339570	0.415208
176618	0.639034
278076	0.372164
190678	0.335150
110923	0.432481
378455	0.439956
137792	0.467604
366791	0.346879
151568	0.563294
302642	0.356484
85522	0.348930
254748	0.565316
8321	0.337595
8334	0.259420
178452	0.397100
354692	0.379367
152669	0.235635
405075	0.296551
329005	0.429289
207151	0.192004
153038	0.467083
153077	0.292641
303963	0.280232
355346	0.309645
316603	0.322102
38473	0.339757
154641	0.538224
74242	0.269540
154674	0.290145
167371	0.491735
114207	0.231023
233705	0.483691
25156	0.259669
74996	0.693906
61954	0.802871
39910	0.475278
88921	0.536618
11270	0.464024
305931	0.648315
195451	0.157253
270439	0.392373
182130	0.300147
370638	0.235850
370765	0.674684
420403	0.406294
210738	0.401262
116139	0.334922
63999	0.195837
116683	0.367288
248165	0.511187
116814	0.327766
42578	0.384956

2013083006340000001	0.463782
2013083006340000001	201308300634	http://au.news.yahoo.com/a/-/latest/18723775/tracks-to-open-adelaide-film-festival/	Tracks to open Adelaide Film Festival - Yahoo ! 7
248409	0.623104
183993	0.389388
157870	0.443798
372470	0.764669
333678	0.367219
333947	0.368104
272610	0.799040
144751	0.250453
372794	0.943435
14444	0.234884
296981	1.037085
45992	0.250671
79054	0.565815
361573	0.672715
285732	0.320048
106724	0.364624
398375	0.381221
133546	0.644678
48986	0.365328
80523	0.269715
80551	0.290479
49439	0.335015
215030	0.199816
17120	0.280777
215543	0.633004
68371	0.950433
17934	0.442039
215972	0.171030
81727	0.407007
228113	0.174628
300086	0.509403
240830	1.264875
338559	0.223465
351970	0.260297
326259	0.414809
83998	0.538786
55478	0.683310
415400	0.685286
402944	0.581061
56401	0.989869
353376	0.258033
403498	0.386680
151461	0.292446
151497	0.398244
416597	0.478004
111873	0.338133
279431	0.650107
36650	0.474267
8750	0.442870
139260	0.333096
126106	0.504548
355346	0.356729
37183	0.856160
280176	0.573478
356019	0.598287
392296	0.327293
154177	0.174987
24355	0.185959
88226	0.429513
208770	0.858997
40115	0.207061
40283	0.271620
11270	0.463782
40325	0.482955
195451	0.157270
331603	0.432461
26330	0.338076
358542	0.561048
345421	0.472977
157116	0.559900
421226	0.478325
197358	0.705422

2013083023120000001	0.462350
2013083023120000001	201308302312	http://sg.news.yahoo.com/michael-douglas-kicks-off-deauville-film-festival-221223092.html	Michael Douglas kicks off Deauville film festival - Yahoo ! News Singapore
307630	0.569131
248409	0.663861
296242	0.679434
320371	0.715705
360132	0.302127
144751	0.296694
14444	0.224508
131677	0.287828
92253	0.454283
396679	1.074258
396887	0.469239
237498	0.549254
79054	0.549670
397438	0.552834
119076	0.395537
411891	1.032486
411997	0.304738
48953	0.592345
49305	0.253956
80523	0.316547
49439	0.356916
80626	0.373332
134031	0.606311
187481	0.449591
350001	0.659358
4281	0.265250
215979	0.200531
95701	0.551203
148458	0.999813
300086	0.553435
413778	0.703607
388135	0.407222
288012	0.468667
401633	0.558434
136333	0.282192
83605	0.843374
54918	0.343820
353376	0.308396
218889	0.839659
35473	0.722661
302698	0.273797
416597	0.521524
267165	0.743234
165101	0.652882
125465	0.329143
355346	0.396392
59266	0.458780
356019	0.637410
356124	0.393205
60487	0.326088
60624	0.401570
61023	0.264960
167168	0.704864
233875	0.752795
40003	0.375366
40061	0.341007
141615	0.318909
11270	0.462350
195451	0.164707
394292	0.408168
306966	1.192069
130122	0.403350

2013083021450000003	0.462350
2013083021450000003	201308302145	http://uk.news.yahoo.com/michael-douglas-kicks-off-deauville-film-festival-194523563.html	Michael Douglas kicks-off Deauville film festival - Yahoo ! News UK
307630	0.569131
248409	0.663861
296242	0.679434
320371	0.715705
360132	0.302127
144751	0.296694
14444	0.224508
131677	0.287828
92253	0.454283
396679	1.074258
396887	0.469239
237498	0.549254
79054	0.549670
397438	0.552834
119076	0.395537
411891	1.032486
411997	0.304738
48953	0.592345
49305	0.253956
80523	0.316547
49439	0.356916
80626	0.373332
134031	0.606311
187481	0.449591
350001	0.659358
4281	0.265250
215979	0.200531
95701	0.551203
148458	0.999813
300086	0.553435
413778	0.703607
388135	0.407222
288012	0.468667
401633	0.558434
136333	0.282192
83605	0.843374
54918	0.343820
353376	0.308396
218889	0.839659
35473	0.722661
302698	0.273797
416597	0.521524
267165	0.743234
165101	0.652882
125465	0.329143
355346	0.396392
59266	0.458780
356019	0.637410
356124	0.393205
60487	0.326088
60624	0.401570
61023	0.264960
167168	0.704864
233875	0.752795
40003	0.375366
40061	0.341007
141615	0.318909
11270	0.462350
195451	0.164707
394292	0.408168
306966	1.192069
130122	0.403350

2013083021450000002	0.462350
2013083021450000002	201308302145	http://sg.news.yahoo.com/michael-douglas-kicks-off-deauville-film-festival-204523008.html	Michael Douglas kicks-off Deauville film festival - Yahoo ! News Singapore
307630	0.569131
248409	0.663861
296242	0.679434
320371	0.715705
360132	0.302127
144751	0.296694
14444	0.224508
131677	0.287828
92253	0.454283
396679	1.074258
396887	0.469239
237498	0.549254
79054	0.549670
397438	0.552834
119076	0.395537
411891	1.032486
411997	0.304738
48953	0.592345
49305	0.253956
80523	0.316547
49439	0.356916
80626	0.373332
134031	0.606311
187481	0.449591
350001	0.659358
4281	0.265250
215979	0.200531
95701	0.551203
148458	0.999813
300086	0.553435
413778	0.703607
388135	0.407222
288012	0.468667
401633	0.558434
136333	0.282192
83605	0.843374
54918	0.343820
353376	0.308396
218889	0.839659
35473	0.722661
302698	0.273797
416597	0.521524
267165	0.743234
165101	0.652882
125465	0.329143
355346	0.396392
59266	0.458780
356019	0.637410
356124	0.393205
60487	0.326088
60624	0.401570
61023	0.264960
167168	0.704864
233875	0.752795
40003	0.375366
40061	0.341007
141615	0.318909
11270	0.462350
195451	0.164707
394292	0.408168
306966	1.192069
130122	0.403350

2013083104490000001	0.462350
2013083104490000001	201308310449	http://uk.news.yahoo.com/michael-douglas-kicks-off-deauville-film-festival-194523563.html	Michael Douglas kicks off Deauville film festival - Yahoo ! News UK
307630	0.569131
248409	0.663861
296242	0.679434
320371	0.715705
360132	0.302127
144751	0.296694
14444	0.224508
131677	0.287828
92253	0.454283
396679	1.074258
396887	0.469239
237498	0.549254
79054	0.549670
397438	0.552834
119076	0.395537
411891	1.032486
411997	0.304738
48953	0.592345
49305	0.253956
80523	0.316547
49439	0.356916
80626	0.373332
134031	0.606311
187481	0.449591
350001	0.659358
4281	0.265250
215979	0.200531
95701	0.551203
148458	0.999813
300086	0.553435
413778	0.703607
388135	0.407222
288012	0.468667
401633	0.558434
136333	0.282192
83605	0.843374
54918	0.343820
353376	0.308396
218889	0.839659
35473	0.722661
302698	0.273797
416597	0.521524
267165	0.743234
165101	0.652882
125465	0.329143
355346	0.396392
59266	0.458780
356019	0.637410
356124	0.393205
60487	0.326088
60624	0.401570
61023	0.264960
167168	0.704864
233875	0.752795
40003	0.375366
40061	0.341007
141615	0.318909
11270	0.462350
195451	0.164707
394292	0.408168
306966	1.192069
130122	0.403350

2013083009480000008	0.461691
2013083009480000008	201308300948	http://blogs.reuters.com/india/tag/movies	Movies | India Insight
42747	1.332807
105310	0.597720
118855	0.283318
397609	0.311584
15865	0.573109
386441	0.396421
362479	0.619591
486574	1.463467
133798	0.601779
107440	0.470038
133936	0.444208
187481	0.567681
215589	1.488376
107845	0.437345
95144	1.039568
387297	0.826323
227408	0.996942
215972	0.206835
148612	0.364951
188648	0.469095
217803	0.438828
204032	0.628799
136877	1.173609
190386	0.502827
205132	0.759261
415945	0.622060
340366	0.445443
302642	0.479101
151727	0.342045
112198	0.315725
58336	0.335500
152669	0.356509
22767	0.301429
58561	0.250696
73102	0.812562
355346	0.417857
112771	0.639153
342390	0.363182
153814	0.437094
304710	0.564960
24206	0.927633
127407	0.679240
61689	0.785912
357050	0.436241
114569	0.400227
25451	1.400524
11270	0.461691
40507	0.338824
12901	1.061063
157377	0.406496

2013083020020000001	0.461100
2013083020020000001	201308302002	http://www.cbsnews.com/8301-207_162-57600823/lindsay-lohan-is-a-no-show-at-venice-film-festival/	Lindsay Lohan is a no-show at Venice Film Festival - CBS News
307799	0.951651
43194	0.317009
224196	0.431773
346700	0.826540
144700	0.943708
308448	0.649162
170731	0.328816
237231	0.298487
1443	0.246783
360700	0.606852
105695	0.290092
79054	0.557380
199556	0.279630
145822	0.357221
185937	0.374640
262024	0.275313
348556	0.287777
398856	0.931054
147472	0.337705
173472	0.775038
187481	0.333348
17934	0.322335
336960	0.446318
215972	0.164307
299859	0.398314
300044	0.469838
216488	0.210660
300086	0.665022
53045	0.435789
175415	0.263994
53578	0.213317
149447	0.435721
19528	0.365239
54389	0.275990
217740	0.204610
265740	0.658084
137117	0.579358
55883	0.376269
190925	0.347714
353376	0.266059
390301	0.372542
205534	0.336657
404016	0.839072
327894	0.505806
354066	0.199608
303017	0.590661
164946	0.463430
125416	0.178506
178473	0.585862
404918	0.275666
244087	0.485165
86594	0.284097
405075	0.393169
86885	0.521967
355346	0.370248
112771	0.569994
153708	0.392495
316743	0.866166
154177	0.180290
11270	0.461100
305867	0.160235
382095	0.908209
294240	0.767655
420170	0.380754
102992	0.247499
210578	0.195959
210613	0.370815
169058	0.459369
235377	0.294584
383186	0.240306
196884	0.525441
63869	0.309778
223605	0.536373

2013083008040000006	0.458997
2013083008040000006	201308300804	http://www.examiner.com/article/mortal-instruments-most-popular-successful-film-on-opening-day-germany	` Mortal Instruments ' most popular , successful film on opening day in Germany - National The Mortal Instrument | Examiner.com
333244	0.922465
320137	0.453755
333911	0.731637
117916	0.535382
260713	0.829882
273058	0.380801
199556	0.395844
237850	1.076757
67399	0.538809
120367	0.260641
50387	0.270835
363737	0.654041
215972	0.217279
4830	0.370846
324773	0.316679
276705	0.575389
277013	0.543692
414527	0.313917
338559	0.280111
365527	1.450191
253570	0.463634
6545	0.454281
339720	0.614208
111175	0.501104
416870	0.551339
367831	1.391565
23001	0.271698
355346	0.611627
113530	0.915605
406897	0.494408
39306	0.460147
194882	0.462193
393462	0.990907
11270	0.458997
26330	0.463313
270800	0.978400
63522	0.364442
259025	0.552971
13216	0.778221
197429	0.427531

2013083006110000003	0.455960
2013083006110000003	201308300611	http://www.denverpost.com/movies/ci_23967236/drinking-buddies-review-wilde-kendrick-make-likable-fun?source=rss	`` Drinking Buddies '' movie review : Olivia Wilde , Anna Kendrick make likable , fun company - The Denver Post
116960	0.464592
14444	0.199847
44746	0.298769
373061	0.676389
92359	0.673440
360626	0.188298
45240	0.206354
78700	0.392410
118855	0.192301
119076	0.297176
185937	0.344976
397701	0.331923
171857	0.266713
47269	0.388421
93525	0.319390
47576	0.581510
200252	0.308574
349060	0.277305
215030	0.155564
94528	0.176920
49607	0.501624
120367	0.164857
349498	0.777857
399382	0.893319
107845	0.317617
227417	0.401617
215972	0.138837
161597	0.474327
202156	0.308188
337301	0.378880
400178	0.237659
400224	0.316066
108673	0.241132
108697	0.235386
18671	0.577860
188648	0.252829
351317	0.330374
376763	0.374581
53576	0.501336
401559	0.294145
136246	0.424402
136418	0.319411
204032	0.414690
190063	0.610313
176539	0.321966
366066	0.329337
6833	0.430760
190553	0.586083
266136	0.268973
190925	0.292451
218786	0.253333
353325	0.252401
151251	0.500086
314515	0.769321
403590	0.632150
21492	0.356510
164752	0.521791
191765	0.266802
57440	0.449083
152099	0.250205
86195	0.281894
86281	0.410574
354692	0.349057
72816	0.213283
391218	0.256071
152669	0.272582
291701	0.450289
179144	0.461413
37186	0.373200
73470	0.962826
59838	0.498662
126802	0.314908
9814	0.328144
193745	0.797449
256695	0.844514
61023	0.204670
342943	0.368705
140759	0.240475
39060	0.278485
257376	0.394794
419522	0.221579
40049	0.247465
62066	0.190741
11270	0.455960
11340	0.204470
270195	0.446059
331534	0.292494
294315	0.366530
258216	0.283899
89583	0.471579
89678	0.261172
420490	0.199394
271191	0.241043
235393	0.515348
383186	0.283442
383298	0.513770
90467	0.269389
247779	0.314342

2013083014300000011	0.455639
2013083014300000011	201308301430	http://www.latimes.com/entertainment/la-et-sneaks-the-fifth-estate-20130901,0,2088056.story?track=rss	Bill Condon on giving life to the online world of ` The Fifth Estate ' - latimes.com
395470	0.576063
346240	0.333177
384014	0.431675
43428	0.369347
296589	0.214376
131435	0.378323
260708	0.372021
44746	0.231626
272968	0.187553
79135	0.471102
397312	0.411582
46642	0.495731
119076	0.353759
46971	0.676670
106400	0.165766
335459	0.271112
200252	0.290176
106732	0.309319
172646	0.370658
49607	0.385005
49831	0.535426
31715	0.698677
80917	0.421297
275311	0.548550
349628	0.266126
50387	0.136175
187695	0.315977
239816	0.216984
337062	0.664610
4851	0.556175
108750	0.186472
376198	0.392552
350718	0.458692
82670	0.591124
96621	0.666082
338283	0.826328
241403	0.822029
53717	0.361121
19401	0.335442
96988	0.619412
338516	0.420956
414595	0.397309
149635	0.370149
109894	0.368273
97213	0.373139
149789	0.406270
351949	0.244469
217776	0.569709
289330	0.633641
289384	0.481452
6596	0.184328
84265	0.611491
289983	0.472122
218822	0.461402
353376	0.208751
85420	0.428674
85729	0.395538
379189	0.449769
152149	0.377556
111873	0.258093
303150	0.250534
57800	0.178665
112198	0.199861
8688	0.197854
219920	0.327187
391358	0.252772
58561	0.168011
231741	0.840941
355353	0.270449
329441	0.537762
193393	0.454226
73690	0.329959
392260	0.186860
166863	0.370237
61023	0.180967
356503	0.568171
24355	0.164368
74242	0.275062
74306	0.271270
330490	0.281372
38841	0.254534
369789	0.561557
269664	0.162799
343744	0.181702
11112	0.391996
11270	0.455639
41072	0.655542
26330	0.296427
358256	0.315959
358309	0.293760
182902	0.248135
383333	0.542804
197046	0.283270
247848	0.324338
197063	0.464370
345590	0.266646
223605	0.414874
130158	0.356230
90927	0.282711
13392	0.186219

2013083021450000008	0.448046
2013083021450000008	201308302145	http://au.news.yahoo.com/a/-/business/18731916/michael-douglas-kicks-off-deauville-film-festival/	Michael Douglas kicks-off Deauville film festival - Yahoo ! 7
307630	0.552360
248409	0.642898
395568	0.589639
296242	0.658688
320371	0.691503
360132	0.294493
144751	0.286616
14444	0.217054
131677	0.279313
92253	0.440597
396679	1.042625
396887	0.455254
237498	0.532429
79054	0.534977
185739	0.398689
397438	0.536297
119076	0.382431
411891	1.004011
411997	0.299721
48953	0.576528
49305	0.246853
80523	0.307368
49439	0.345588
80626	0.362007
134031	0.588514
187481	0.436499
350001	0.638176
4281	0.256296
215979	0.194765
95701	0.533583
148458	0.980146
300086	0.539291
413778	0.681408
388135	0.395761
288012	0.453433
401633	0.540628
136333	0.273520
83605	0.820122
54918	0.333221
353376	0.300543
218889	0.812491
35473	0.699799
302698	0.265807
416597	0.504459
267165	0.720767
165101	0.634446
125465	0.318787
153077	0.327814
355346	0.385363
59266	0.444006
166331	0.208025
356019	0.617231
356124	0.377848
60487	0.316555
60624	0.388701
61023	0.257485
167168	0.682446
221219	0.385189
233875	0.729884
40003	0.364816
40061	0.331516
141615	0.308088
11270	0.448046
40371	0.369210
195451	0.161805
394292	0.398183
306966	1.353051
130122	0.485070

2013083015290000008	0.446603
2013083015290000008	201308301529	http://www.sltrib.com/sltrib/entertainment2/56784087-223/band-direction-movie-image.html.csp	Movie review : One Direction shows prefab image in ` This Is Us ' | The Salt Lake Tribune
197634	0.595177
42967	0.641863
297129	1.144549
45285	0.624882
66320	1.169219
15790	1.168453
66911	0.443631
310658	0.773049
17065	1.036589
556436	1.568029
49855	1.038028
201406	0.400754
17934	0.428167
69293	0.991399
324881	1.264936
175173	0.754226
149208	1.191107
84010	0.518324
7444	0.400457
205471	0.906507
21566	0.621524
391358	0.433182
139298	0.351882
58887	0.870611
100257	0.931367
280353	1.190312
193336	0.371985
356124	0.438147
245560	1.141218
61090	0.777619
38841	0.536761
74850	1.145804
40115	0.326348
11270	0.446603
420170	0.403091
196142	0.549883
408636	0.743686
383186	0.380597
196769	0.604725

2013083121050000002	0.445584
2013083121050000002	201308312105	http://ireport.cnn.com/docs/DOC-1029897?ref=feeds/latest	Home is where the `` art '' is ! - CNN iReport
359514	0.714406
77667	0.685154
130855	0.518019
13917	0.618681
44512	0.501206
45274	0.888016
92694	0.364957
285321	0.734257
199816	0.829085
397724	0.922100
106491	0.346901
323814	1.148843
239816	0.465758
51413	0.804764
299844	0.393683
400362	0.678428
188819	0.923642
188897	0.407072
135733	0.686297
83010	0.580247
278362	1.018616
327212	1.472283
378912	0.873313
153369	0.481227
317369	0.400193
39498	0.683070
39717	0.688111
381944	0.772683
11270	0.445584
102455	0.432958
40713	0.759375
130158	0.698120

2013083114210000007	0.445216
2013083114210000007	201308311421	http://www.sfgate.com/entertainment/article/Frears-eager-for-pope-to-see-his-latest-film-4777476.php	Frears eager for pope to see his latest film - SFGate
183984	0.715082
184032	0.471257
395971	0.563521
184920	0.432227
78590	1.145865
79054	0.632070
107391	0.492503
263306	0.719151
187481	0.630069
201574	0.802241
50492	0.219317
239906	1.580497
400178	0.181705
300086	0.857458
229048	0.997696
217730	0.661409
217821	0.450171
265740	1.005738
230058	0.383428
366403	0.663145
230291	0.407011
353376	0.461309
355346	0.548056
100307	1.028754
37571	0.655254
127060	1.549905
392544	1.205092
194678	0.262497
407342	1.413232
246281	1.200509
62066	0.347696
11270	0.445216
40599	0.400531
40918	0.674847
420170	0.492072
26456	1.620111
210613	0.524961
183263	1.087341
196884	0.558422
223419	0.952387
197081	0.619450
90720	0.687745
157377	0.296556
259440	0.382734
395280	0.400002

2013083001400000001	0.443930
2013083001400000001	201308300140	http://www.utsandiego.com/news/2013/aug/29/review-movie-drinking-buddies/	Review : Something 's brewing with ` Drinking Buddies ' | UTSanDiego.com
248414	0.664241
42955	0.352991
333892	0.245127
131283	0.397894
272556	0.314634
44381	0.441920
198676	0.478150
198684	0.283423
65468	0.446105
44746	0.275313
373061	0.755693
65788	0.298330
199245	0.231802
297462	0.474209
46523	0.344957
185937	0.367189
397802	0.383616
309950	0.365420
15865	0.374006
47576	0.674709
214382	0.991194
298482	0.509153
186722	0.408644
238913	0.414522
310602	0.691042
49607	0.416982
349498	0.536553
50387	0.203352
187481	0.343730
399382	0.642240
215972	0.150085
337301	0.536333
188712	0.425526
376763	0.365067
175415	0.319302
338307	0.334000
313108	0.468600
136246	0.396576
83451	0.523628
54390	0.213471
204032	0.381198
20281	0.606823
150581	0.291248
415446	0.338627
190553	0.519975
366472	0.273045
151251	0.566176
314515	0.598375
403590	0.455120
366905	0.366387
21492	0.377278
86115	0.394077
86281	0.463779
152669	0.255988
355346	0.249086
37186	0.467329
73470	0.799501
256061	0.451982
329780	0.253070
392260	0.206907
256695	0.706904
61023	0.201828
392602	0.266557
180530	0.343054
140759	0.261970
194296	0.481081
180801	0.244021
194746	0.518304
194882	0.318452
234003	0.434269
11270	0.443930
407804	0.744795
344122	0.313625
25787	0.585386
270393	0.498432
357905	0.227184
210396	0.471644
222894	1.197470
358309	0.262184
282907	0.232659
394625	0.719501
41871	0.382636
271191	0.262029
283157	0.307584
383298	0.575704
345590	0.255717
63999	0.175338
283612	0.392016
345994	0.504302
13392	0.189942

2013083007370000003	0.441857
2013083007370000003	201308300737	http://feeds.abcnews.com/c/35229/f/654824/s/3093c33b/sc/38/l/0Labcnews0Bgo0N0CEntertainment0CwireStory0Cap0Einterview0Epolish0Emovie0Ehonors0Elech0Ewalesa0E20A114969/story01.htm	AP Interview : New Polish Movie Honors Lech Walesa - ABC News
158097	0.498196
333892	0.240976
396307	0.321816
1016	0.146387
360123	0.434185
131612	0.123794
14563	0.569393
158759	0.534640
272968	0.172069
347452	0.669188
78624	0.709072
14979	0.284665
1851	0.593025
105695	0.277667
79054	0.301303
46174	0.299365
185739	0.368318
411258	0.318760
273836	0.526361
119076	0.363100
146132	0.316296
66911	0.227339
106443	0.224070
214303	0.833301
386000	0.313888
238746	0.293954
107351	0.175688
173097	0.248514
107440	0.500492
349365	0.705446
251521	0.336145
239816	0.254992
17934	0.266917
227417	0.440417
215979	0.170412
81727	0.283570
95851	0.725311
148424	0.466723
324660	1.406778
228113	0.164661
312179	0.579543
300086	0.408862
82452	0.307387
351046	0.587401
325137	0.660387
325142	0.612658
69983	0.423898
54117	0.379885
351949	0.257742
365633	0.318891
265740	0.404347
278036	0.435731
163716	0.372391
366892	0.415739
390505	0.362131
290727	0.482301
57748	1.046102
303346	0.542164
58058	0.301723
391218	0.246636
58336	0.244402
58561	0.190365
355346	0.324059
368273	0.203577
166302	0.401967
304261	0.524657
280451	0.971602
207709	0.356475
220719	0.433342
154177	0.154789
113528	0.371224
221055	0.239059
61023	0.259914
304897	0.342552
406674	1.539436
24355	0.194088
74203	0.345895
221219	0.337627
141025	0.314384
269664	0.193392
39372	0.252946
11270	0.441857
102532	0.268175
331671	0.334960
420490	0.207753
382747	0.588299
247281	0.361256
358319	0.389730
182927	0.569606
319311	0.320949
143066	0.712775
371843	0.360876

2013083015290000009	0.440857
2013083015290000009	201308301529	http://www.sltrib.com/sltrib/entertainment2/56784089-223/china-gong-grandmaster-history.html.csp	Movie review : Beauty and grace in kung-fu history ` Grandmaster ' | The Salt Lake Tribune
117012	1.467405
197634	0.646324
44009	1.259227
144751	0.315292
308492	0.521482
29708	0.549558
106412	0.548045
298316	0.335649
119994	0.537638
80551	0.336086
107440	0.532624
31896	0.443353
32620	1.009793
121418	1.087876
148424	0.690928
174694	0.590761
364843	0.842370
414527	0.291255
34135	0.710361
97867	0.552370
402965	0.635986
353376	0.394509
7444	0.373053
58709	1.250492
139303	1.008193
193336	0.395067
280547	0.710607
60361	0.463786
73866	0.327098
40115	0.353581
11270	0.440857
40713	0.582424
294101	1.421271
182124	0.425506
196142	0.584378
156431	0.990173
345087	0.958337
383186	0.411444
196769	0.640831

2013083015290000011	0.439656
2013083015290000011	201308301529	http://www.sltrib.com/sltrib/entertainment2/56784093-223/mcadams-passion-rapace-christine.html.csp	Movie review : ` Passion ' has little of it behind the camera | The Salt Lake Tribune
197634	0.635627
308492	0.518513
44746	0.478353
410668	1.342741
171902	0.532656
285829	0.829593
298316	0.332933
50740	1.362584
215972	0.256652
51710	0.549938
95803	0.305668
110002	0.794586
34135	0.730751
402965	0.659039
327289	1.126883
314395	0.813745
7444	0.372593
804953	1.981840
36287	1.097886
152659	1.389623
112909	0.463317
193336	0.393592
280547	0.705720
60361	0.483104
73866	0.322754
39835	0.774635
40003	0.579305
62066	0.309363
40115	0.348289
11270	0.439656
357905	0.322418
196142	0.611774
394610	1.164233
295201	1.388785
383186	0.405915
196769	0.640715
247772	0.532791
223605	0.872350

2013083023050000001	0.439627
2013083023050000001	201308302305	http://examiner.com/list/horror-movies-uncut-friday-august-the-30th	HORROR MOVIES UNCUT FRIDAY AUGUST THE 30TH - St. Louis horror movies | Examiner.com
359421	0.492711
284106	0.670248
677	0.582394
91583	0.538913
384305	0.434996
396156	0.423637
333892	0.191340
158581	0.300422
198667	0.490264
131612	0.166325
44929	0.135810
360626	0.232066
65944	0.193372
145567	0.322785
45992	0.224479
46862	0.460828
119076	0.296821
361554	0.336412
79527	0.478100
106443	0.192927
93648	0.384242
48795	0.557066
49048	0.379544
31419	0.497919
94612	0.674954
215211	0.276500
349628	0.304100
375242	0.338754
363287	0.273241
107845	0.289619
239816	0.230249
51082	0.241383
108056	0.458703
51461	0.333669
161597	0.483916
121417	0.294751
400178	0.214822
162428	0.348291
53578	0.176813
175558	0.217724
53895	0.507456
162825	0.681893
136145	0.255138
70173	0.560115
136333	0.213221
97267	0.487387
204032	0.300518
313645	0.194673
339468	0.698363
366066	0.283295
204645	0.305637
190684	0.258177
190713	0.227409
353325	0.236279
415958	0.377502
57439	0.439549
303040	0.242381
85938	0.440020
8334	0.313534
36743	0.297532
22772	0.293602
58885	0.878750
207151	0.197583
139468	0.415600
59023	0.647281
355346	0.377324
153368	0.247939
193336	0.228642
342395	0.331421
316707	0.674713
317075	0.262990
38526	0.655263
24675	0.347424
24745	0.272294
180801	0.206055
38841	0.240295
39372	0.306363
343773	0.374607
209372	0.202642
11270	0.439627
393645	0.174737
331534	0.242912
270439	0.331521
168437	0.395237
115501	0.573079
12166	0.268850
282527	0.253175
420625	0.327760
358120	0.415815
332171	0.584808
282907	0.207913
27028	0.617371
142767	0.374046
76431	0.307081
358575	0.156841
90467	0.235884
247772	0.354273
409076	0.465024
13392	0.182182

2013083009330000004	0.439221
2013083009330000004	201308300933	http://www.bbc.co.uk/tv/episode/b00ykm6t	BBC iPlayer - Great Movie Mistakes : Series 2 : The Sequel : Episode 5
359263	0.386652
42813	0.643540
43446	0.415989
347065	0.450740
144751	0.254498
131537	0.907359
106443	0.303763
67399	0.517646
16574	0.432361
94464	0.611717
363287	0.535728
215972	0.235348
216059	1.162062
4513	0.558689
95689	0.990297
299844	0.346058
162324	0.389140
135557	0.961863
109667	0.748650
388892	0.477122
217740	0.252657
97496	0.740349
163996	0.679253
205568	0.320807
231110	1.056798
86241	1.061804
405325	0.395233
355346	0.425372
139694	0.379502
59462	0.821095
418110	0.482197
329497	0.784013
74242	0.573110
221343	0.609474
180760	0.313879
39330	0.644691
194923	0.376114
11270	0.439221
318066	0.849076
168645	0.388816
282676	0.867175
116061	0.748110
157116	0.663222
319534	0.719296
345808	0.943365

2013083019000000006	0.437457
2013083019000000006	201308301900	http://www.utsandiego.com/news/2013/aug/30/cinema-society-san-diego-films/	Big screen 's biggest fan Page 1 of 2 | UTSanDiego.com
43009	0.325691
184032	0.305700
359514	0.333232
43446	0.318819
396193	0.344752
360132	0.316011
14444	0.197492
45240	0.247530
385119	0.323789
273467	0.536674
79054	0.317606
397340	0.163353
79309	0.368001
119076	0.375437
185992	0.934214
106401	0.206455
106491	0.170028
226232	1.605802
49194	0.362242
3407	0.229682
398856	0.938368
50045	0.409184
299045	0.571063
120655	0.250929
50387	0.171806
299360	0.304898
350130	0.670851
216493	0.339970
324773	0.166570
109091	0.314944
174928	0.788733
162688	0.215965
189616	0.610208
217730	0.364589
150034	0.741311
54801	0.447766
136836	0.461551
55612	0.258202
289407	0.447169
6596	0.219688
339826	0.256910
176903	0.255749
403137	0.642040
254079	0.684172
353376	0.292657
218986	0.546005
230612	0.656274
230805	0.280393
85738	0.314184
22371	0.501534
192260	0.281882
355346	0.463556
112771	0.905563
355504	0.632453
368608	0.286993
126667	0.592496
356124	0.329249
154604	0.415275
38765	0.425224
317369	0.257836
343540	0.640800
75203	0.597150
11270	0.437457
305867	0.181097
234294	0.488274
344136	0.257129
40713	0.383535
102532	0.277951
41104	0.499507
370704	0.729213
357905	0.225922
129025	0.294720
210578	0.206128
116023	0.358398
116139	0.494138
63522	0.275311
409149	0.303540

2013083107260000018	0.433822
2013083107260000018	201308310726	http://examiner.com/article/how-many-times-have-you-said-no-today	How Many Times Have You Said No Today ? - Knoxville Homeschooling | Examiner.com
259898	1.136948
130720	0.396344
43446	0.429428
144155	0.844262
131772	0.516341
45056	0.551652
360626	0.263173
172094	0.414290
146438	0.436851
31724	0.748895
215972	0.339373
95803	0.375582
108750	0.304222
188648	0.395629
277199	0.546973
289016	0.416730
253453	0.535912
339826	0.514259
366472	0.427394
7830	0.514620
57162	0.530411
177792	0.527422
243720	1.283458
57837	0.339791
355353	0.475576
179261	0.885251
418584	0.697170
154177	0.258969
180530	0.486687
257211	1.007997
141333	0.500139
209372	0.449778
11270	0.433822
40622	0.428706
331534	0.362018
129025	0.471758
271197	0.663735
247848	0.457357
345648	0.847929
409205	0.459234
63999	0.266790

2013083002070000008	0.432928
2013083002070000008	201308300207	http://my.news.yahoo.com/tanda-putera-film-makers-speak-freedom-choice-020700887.html	` Tanda Putera ' : Film-makers speak up for freedom of choice - Yahoo ! News Malaysia
144528	0.202821
333982	0.583916
131435	0.351125
1016	0.164316
29100	0.237925
360626	0.168265
118417	0.625531
396887	0.376459
199245	0.217667
65944	0.180137
347748	0.243182
185484	0.232341
397340	0.134296
46565	0.575502
411258	0.237293
335007	0.343931
119076	0.513150
159868	0.364110
47683	0.161399
47737	0.961958
106443	0.217260
386392	1.169747
48986	0.274934
94285	0.564024
160601	0.625724
120655	0.206651
251521	0.239148
17684	0.515707
147741	0.461682
312073	0.318321
108649	0.363542
121753	1.074584
108692	0.315759
188912	0.314519
53578	0.166124
377099	0.289839
19528	0.315653
338559	0.170142
54721	0.577660
54749	0.290866
402254	0.661635
326534	0.266150
176539	0.257321
34817	0.574629
339826	0.229488
289721	0.939431
353325	0.201502
353376	0.220300
35481	0.230556
151461	0.219742
353575	0.496908
151727	0.236776
164593	0.252835
354284	0.182847
57932	0.227322
354730	0.263934
303485	0.265112
86546	0.203561
36743	0.278624
22772	0.302284
58561	0.154376
165692	0.930785
58736	0.421330
207151	0.179827
355334	0.709818
355346	0.413094
112771	0.769779
268129	0.316794
207459	0.246956
59458	0.298413
368608	0.236734
100709	0.465956
153814	0.294694
60210	0.190428
392217	0.394450
154674	0.249774
221219	0.335969
127407	0.427623
10446	0.210953
180751	0.196614
62066	0.159101
11270	0.432928
40507	0.222127
195451	0.146319
102455	0.208037
40918	0.263859
331534	0.257915
11756	0.386005
370590	0.371688
306406	0.359689
115501	0.532299
89711	0.626308
420490	0.178277
182815	0.290610
196877	0.232631
247726	0.392762
818118	1.011746
64037	0.227756
116787	0.593697
295823	0.324195

2013083002070000004	0.432928
2013083002070000004	201308300207	http://sg.news.yahoo.com/tanda-putera-film-makers-speak-freedom-choice-020700887.html	` Tanda Putera ' : Film-makers speak up for freedom of choice - Yahoo ! News Singapore
144528	0.202821
333982	0.583916
131435	0.351125
1016	0.164316
29100	0.237925
360626	0.168265
118417	0.625531
396887	0.376459
199245	0.217667
65944	0.180137
347748	0.243182
185484	0.232341
397340	0.134296
46565	0.575502
411258	0.237293
335007	0.343931
119076	0.513150
159868	0.364110
47683	0.161399
47737	0.961958
106443	0.217260
386392	1.169747
48986	0.274934
94285	0.564024
160601	0.625724
120655	0.206651
251521	0.239148
17684	0.515707
147741	0.461682
312073	0.318321
108649	0.363542
121753	1.074584
108692	0.315759
188912	0.314519
53578	0.166124
377099	0.289839
19528	0.315653
338559	0.170142
54721	0.577660
54749	0.290866
402254	0.661635
326534	0.266150
176539	0.257321
34817	0.574629
339826	0.229488
289721	0.939431
353325	0.201502
353376	0.220300
35481	0.230556
151461	0.219742
353575	0.496908
151727	0.236776
164593	0.252835
354284	0.182847
57932	0.227322
354730	0.263934
303485	0.265112
86546	0.203561
36743	0.278624
22772	0.302284
58561	0.154376
165692	0.930785
58736	0.421330
207151	0.179827
355334	0.709818
355346	0.413094
112771	0.769779
268129	0.316794
207459	0.246956
59458	0.298413
368608	0.236734
100709	0.465956
153814	0.294694
60210	0.190428
392217	0.394450
154674	0.249774
221219	0.335969
127407	0.427623
10446	0.210953
180751	0.196614
62066	0.159101
11270	0.432928
40507	0.222127
195451	0.146319
102455	0.208037
40918	0.263859
331534	0.257915
11756	0.386005
370590	0.371688
306406	0.359689
115501	0.532299
89711	0.626308
420490	0.178277
182815	0.290610
196877	0.232631
247726	0.392762
818118	1.011746
64037	0.227756
116787	0.593697
295823	0.324195

2013083115210000008	0.432891
2013083115210000008	201308311521	http://feeds.nbcnews.com/c/35197/f/663376/s/30a1a22a/sc/38/l/0L0Stoday0N0Centertainment0Cmiranda0Ecosgrove0Edocuments0Ereunite0Eschool0Erock0Ereunion0E8C110A50A754/story01.htm	Miranda Cosgrove documents ` School of Rock ' reunion on Instagram - TODAY.com
158022	0.471551
296589	0.313601
360132	0.349698
144751	0.311733
158581	0.625003
44394	0.294042
106401	0.336095
263488	1.385481
108292	0.714670
148612	0.404223
69793	0.318446
338581	0.486159
388892	0.609797
326207	0.819317
176505	0.621928
339720	0.672108
366242	0.754616
150868	0.791241
137598	1.234574
353376	0.326950
7444	0.372068
22122	0.389523
291184	1.329756
192292	0.507953
22767	0.281066
355346	0.416751
126184	0.531622
380287	0.748259
87607	0.594799
329776	0.470541
60673	0.885224
141097	0.461921
40115	0.306308
11270	0.432891
305867	0.218852
195451	0.208423
12250	0.439833
247418	1.263765
358826	0.565608

2013083000330000002	0.432707
2013083000330000002	201308300033	http://seattletimes.com/html/entertainment/2021713740_grandmastermoviexml.html?syndication=rss	` The Grandmaster ' : a stunning tale of Bruce Lee 's trainer | Entertainment | The Seattle Times
117012	1.185539
43010	0.645710
359399	0.295342
260155	0.309708
44009	1.018481
131207	0.550696
144751	0.205859
360548	0.848631
45240	0.230221
926152	1.174577
872043	1.176684
146232	0.426612
119994	0.411485
412381	0.581285
251419	0.814961
187481	0.288675
323773	0.571928
412971	1.046655
239809	0.364316
18029	0.332707
375641	0.647716
32620	0.725294
121418	0.766579
108750	0.207141
252374	0.382222
300210	0.510509
324972	0.546764
364843	0.632621
338559	0.249761
54643	0.443975
289407	0.394178
176539	0.338388
163711	0.326794
190551	0.516548
204666	0.229583
339742	0.675075
7251	0.352555
353376	0.273176
56691	0.891428
205536	0.463298
111731	0.336677
404263	0.312924
379725	0.398987
86637	0.409174
86700	0.317964
391358	0.257244
231815	0.522228
58709	1.014024
220038	0.647328
139303	0.988015
368421	0.525247
193326	0.309619
193336	0.286953
60085	0.300922
9814	0.338467
368844	0.629697
154214	0.484153
342770	0.389590
316880	0.400972
342858	0.558071
392496	0.336275
61023	0.317609
38841	0.282759
11112	0.433181
344020	0.325475
11270	0.432707
40713	0.490345
294101	0.903135
195531	0.242412
195584	0.910686
115199	0.340150
128633	1.166144
182246	0.257403
89675	0.206833
156431	0.748542
358256	0.378305
358483	0.311037
383186	0.238286
129738	0.357233
247772	0.339459
247814	0.467453
332776	0.505298
130158	0.420915

2013083117360000001	0.432677
2013083117360000001	201308311736	http://www.huffingtonpost.com/2013/08/31/actors-whove-lost-weight-for-roles_n_3845470.html?utm_hp_ref=celebrity&ir=Celebrity	Actors Who 've Lost Extreme Amounts Of Weight For Roles , From Matthew McConaughey To Tom Hanks
359263	0.205600
395557	0.392303
395568	0.529656
346532	0.477594
130858	0.333439
395951	0.385838
260306	0.342057
333865	0.363482
333911	0.336516
372762	0.311696
360132	0.268862
44392	0.472185
158589	0.362700
117916	0.365952
29025	0.314832
44929	0.154710
360636	0.420873
45299	0.276790
45300	0.453022
45349	0.236574
45418	0.290343
360778	0.768886
213105	0.301991
334525	0.366608
45758	0.275870
118569	0.349792
321614	0.272072
47377	0.382666
225944	0.807888
106443	0.168316
322619	0.460803
48684	0.328266
214846	0.794240
80551	0.190233
349571	0.315142
187481	0.461828
387102	0.421799
187653	0.893410
363497	0.513981
51324	0.565375
287382	1.021305
399898	0.405609
299706	0.645040
18226	0.312540
311839	0.381052
95740	0.229220
108740	0.674993
108750	0.167186
188648	0.406989
241131	0.319986
217101	0.451423
217293	0.643881
414527	0.138350
277433	0.224448
217740	0.191225
338936	0.553765
313645	0.152904
6457	0.665450
326534	0.362784
34537	0.623856
150507	0.286028
190389	0.879795
34860	0.534366
415486	0.630379
339720	0.290608
7443	0.348398
35596	0.602233
206181	0.557839
404633	0.278370
112121	0.391795
279502	0.379189
8499	0.318804
125748	0.596663
405325	0.235946
139263	0.389804
23001	0.125185
112878	1.008620
355569	0.317568
179439	0.648412
112976	0.349135
268280	0.619476
292143	0.365020
73543	0.494861
60429	0.426635
73866	0.195467
356726	0.307858
194258	0.445617
141557	0.250635
195271	0.481977
141615	0.227977
11270	0.432677
195451	0.114300
41158	0.311696
103332	0.396093
358309	0.253786
182948	0.355124
76431	0.302393
103669	0.302186
358796	0.540970
104075	0.611189

2013083022250000010	0.431072
2013083022250000010	201308302225	http://www.examiner.com/review/receive-kisses-from-katie?cid=rss	Receive Kisses from Katie - National Christian books | Examiner.com
528913	1.606272
333947	0.359881
117916	0.502846
44514	0.498923
260713	0.779301
273179	0.496859
45462	0.904065
397340	0.213561
215030	0.294176
107351	0.266082
215979	0.231148
400178	0.407436
216312	0.340599
376775	0.459737
401366	0.999763
149815	0.511609
136387	0.754967
218169	0.343357
339720	0.509414
289943	0.428163
353325	0.331441
151461	0.366525
366905	0.545232
178398	0.787229
354958	0.266712
231760	0.493183
37182	0.806002
329751	0.518526
268651	0.669196
113530	0.860383
180530	0.494258
257084	0.398102
269343	0.540384
180760	0.438383
180801	0.305509
11270	0.431072
11271	0.300395
370378	0.353776
234600	0.604472
89675	0.310599
26542	0.371672
270800	0.918816
371000	0.499064
156948	0.485789
157377	0.540787
63999	0.245129
13216	0.730807

2013083014240000015	0.429256
2013083014240000015	201308301424	http://www.utsandiego.com/news/2013/aug/30/nicolas-cage-joe-among-most-memorable-roles/	Nicolas Cage : ` Joe ' among most memorable roles | UTSanDiego.com
42955	0.747770
79054	0.696556
373673	1.699182
66985	0.543276
286381	0.755830
107391	0.524994
17120	0.349910
263306	0.815396
187481	0.706348
17934	0.345197
300086	0.943710
364392	0.682670
122960	0.340798
217730	0.703554
265740	1.138871
339386	1.213115
190684	0.380405
366403	0.710767
378576	1.116350
367331	0.404328
36271	0.562755
112198	0.270377
341863	0.668593
355346	0.655810
153369	0.355448
61023	0.278670
407342	1.777716
357050	0.299284
11270	0.429256
40507	0.327407
40918	0.728846
270393	0.586147
420627	0.483791
197081	0.666645
395280	0.531058

2013083006090000006	0.428493
2013083006090000006	201308300609	http://www.denverpost.com/movies/ci_23967279/one-direction-this-is-us-review-1d-film?source=rss	`` One Direction : This is Us '' review : 1D film is too one-dimensional - The Denver Post
43849	0.510164
333904	0.430977
260457	0.351048
284732	0.294518
261058	0.843751
92694	0.314678
45992	0.370525
199556	0.351758
362315	0.541415
3407	0.241405
147041	0.758081
120419	0.263982
17245	0.510686
107639	0.262757
399250	0.662222
275713	0.715252
4281	0.308591
81894	0.365427
148442	0.505811
148449	0.980889
400525	0.669056
174694	0.452924
136107	0.397180
338581	0.599747
388879	0.900764
217669	0.636037
217821	0.606436
97631	0.618075
289407	0.539332
151727	0.360057
367268	0.522476
206150	0.388847
178018	0.674042
165101	1.009179
355346	0.313798
37182	0.498845
417849	0.637787
60210	0.245162
221001	0.907768
369147	0.748881
269101	0.599027
38841	0.557631
39309	0.358289
88918	0.578478
11270	0.428493
332013	0.636560
156694	0.653389
394580	0.251183
196654	0.866500
383186	0.359710
196874	0.309641
196987	0.432819
157377	0.445529
346075	0.417515

2013083119020000005	0.428482
2013083119020000005	201308311902	http://www.sfgate.com/entertainment/television/article/NM-clinic-to-offer-Breaking-Bad-free-rehab-4777891.php	NM clinic to offer ` Breaking Bad ' free rehab - SFGate
395726	0.649439
260155	0.356202
296589	0.352915
170521	0.898918
44394	0.274171
198882	0.554999
185001	0.830399
238081	0.513935
66911	0.399280
172094	0.341273
335423	1.057343
200252	0.490383
411992	1.066324
107351	0.231440
387663	0.860937
400312	0.727938
312294	0.543005
364563	0.529453
400914	0.671146
54390	0.340064
253780	0.914106
176539	0.459834
176669	0.555973
55982	0.614691
56234	1.079920
353325	0.358443
404263	0.547899
255352	1.052247
207151	0.345602
329780	0.382392
113643	0.351406
317075	0.424143
356592	1.125508
233671	0.755114
39372	0.546967
40206	1.148505
11270	0.428482
331534	0.367563
282724	0.312973
235974	1.013169

2013083013180000005	0.428291
2013083013180000005	201308301318	http://www.foxnews.com/entertainment/2013/08/30/lindsay-lohan-is-no-show-at-venice-film-festival/	Lindsay Lohan is no-show at Venice Film Festival | Fox News
359399	0.353250
307799	0.951856
43194	0.336421
224196	0.451342
346700	0.878156
198291	0.599490
308448	0.564662
144835	0.523487
144838	0.232434
65468	0.492293
78594	0.327873
1443	0.262256
105695	0.301325
79054	0.382096
199556	0.319033
385369	0.353845
145822	0.376237
185937	0.396440
132893	0.431955
348556	0.302623
311139	0.337125
147472	0.353709
173472	0.737831
187481	0.350464
17934	0.287807
336960	0.463373
215972	0.213256
300044	0.419204
216488	0.226677
300086	0.518129
53045	0.453529
175334	0.315025
175415	0.275680
53578	0.226059
265740	0.513484
415250	0.985431
137117	0.609746
366472	0.350516
230291	0.301226
353376	0.284927
205534	0.360317
404016	0.797899
327894	0.530792
303017	0.624567
86339	0.406107
86594	0.298409
23001	0.183578
86885	0.553541
355346	0.288752
153708	0.415640
356124	0.350622
60466	0.381002
316743	0.925914
356282	0.423475
154177	0.192607
141018	0.328386
11270	0.428291
305867	0.170165
11331	0.417877
382095	1.057036
294240	0.804811
102992	0.263195
210578	0.204423
210613	0.375818
358261	0.339119
383186	0.252492
196884	0.495272
63869	0.322820
223605	0.576192

2013083013110000001	0.426392
2013083013110000001	201308301311	http://www.csmonitor.com/The-Culture/Culture-Cafe/2013/0830/Summer-movie-season-Which-films-ruled-over-the-box-office	Summer movie season : Which films ruled over the box office ? - CSMonitor.com
104370	0.352871
117263	0.178409
13875	0.440274
260342	0.200091
396193	0.340756
396203	0.338150
333947	0.211970
320668	0.262434
249096	0.672304
144751	0.162610
117916	0.281025
131612	0.133405
14502	0.320628
78446	0.210283
44929	0.121381
213285	0.226883
159368	0.481893
238081	0.207086
172221	0.522068
172486	0.183672
411992	0.463540
67399	0.311732
186906	0.390062
251064	0.318601
187026	0.270666
214988	0.391797
67837	0.381472
3495	0.651130
120367	0.253270
399145	0.223725
263446	0.403998
187695	0.288765
68468	0.562809
187805	0.198749
4281	0.167484
363737	0.668537
215972	0.133881
51541	0.368964
299844	0.199223
108943	0.385625
121970	0.681894
413823	0.333198
5221	0.265253
240889	0.224489
364793	0.462689
69793	0.245166
376801	0.465337
175386	0.256044
338559	0.154836
83666	0.553470
150094	0.653798
54809	0.339374
204032	0.347272
123420	0.346797
176618	0.488727
339771	0.193926
230085	0.410018
366403	0.278643
353442	0.457828
85154	0.725301
205568	0.187959
151727	0.273929
279040	0.259426
191878	0.548903
22122	0.166933
267363	0.474070
152335	0.588151
86594	0.238200
255460	0.183786
23174	0.352760
355346	0.358511
166263	0.243469
9384	0.215928
193336	0.295679
60411	0.323716
60442	0.165794
392252	0.178051
24206	0.588119
392496	0.258790
154678	0.466505
74306	0.268225
180655	0.299126
140759	0.278805
39306	0.468345
39372	0.236707
181246	0.521913
40049	0.215899
11270	0.426392
305980	0.909837
357582	0.353179
394030	0.284105
102992	0.189997
394238	0.205171
247167	0.516775
358483	0.346269
283285	0.176215
64037	0.225159
345866	0.335686
42578	0.257707
64220	0.212940

2013083008190000007	0.424975
2013083008190000007	201308300819	http://www.philly.com/r?19=961&43=168076&44=221664891&32=3796&7=195392&40=http://www.philly.com/philly/entertainment/movies/20130830_Friends_with_beer_and_benefits.html	Friends with beer and benefits
248414	0.668996
42920	0.286402
42955	0.374159
197677	0.685247
130854	0.249625
91583	0.510768
333947	0.260748
260457	0.270140
144751	0.210506
78200	1.045199
373061	0.730069
334345	0.347039
45078	0.604133
78700	0.445634
65944	0.203413
45681	0.599836
199556	0.267409
66225	0.536995
46523	0.347383
66457	0.518951
47576	0.507692
214382	1.020305
80523	0.222211
49607	0.433459
349498	0.570006
201406	0.296432
81068	0.528791
107960	0.632683
50949	0.471813
337301	0.474088
400185	0.344146
174694	0.388123
109139	0.446135
175092	0.624045
241131	0.332811
351317	0.378844
376763	0.365325
53316	0.754490
203213	0.294213
175415	0.289172
414527	0.180962
136246	0.425454
83451	0.578798
54394	0.349104
217740	0.230311
204032	0.360981
402771	0.756930
150581	0.341966
110616	0.793451
204575	0.292447
190553	0.436089
151251	0.556313
314515	0.620781
124610	0.368166
35929	0.435137
139274	0.369760
37186	0.448513
59266	0.511499
126382	0.290475
73470	0.827758
245147	0.328203
245157	0.813356
193693	0.325752
342747	0.372538
256695	0.627279
342992	0.572982
154608	0.450085
180751	0.318437
180760	0.208928
245924	0.378070
39060	0.285278
269873	0.438367
167956	0.769811
11270	0.424975
11271	0.193644
89308	0.360674
222894	1.006372
283157	0.305396
383298	0.556991
211117	0.620997
307351	0.559330

2013083018220000013	0.424952
2013083018220000013	201308301822	http://www.examiner.com/article/stephen-king-works-that-haven-t-been-adapted-to-film?cid=rss	Stephen King Works That Have n't Been Adapted to Film - National Stephen King | Examiner.com
183984	0.387126
77451	0.442624
130854	0.241136
272556	0.337262
333947	0.382904
117916	0.323567
184840	0.234392
260713	0.501259
185019	0.316394
360626	0.211995
284921	0.374601
360700	0.504709
396823	0.684457
14979	0.288102
297316	0.989372
46174	0.278238
397609	0.269047
285732	0.312916
49044	0.251488
67807	0.352496
107351	0.175086
17120	0.260151
107485	0.378578
349628	0.278516
239816	0.385836
215979	0.263386
400178	0.241746
95803	0.158580
108750	0.236572
388135	0.286593
19654	0.245852
19679	0.498288
54390	0.329654
402424	0.513396
326455	0.384601
55472	0.361452
6534	0.389867
366017	0.734947
339720	0.327853
339826	0.276221
230085	0.510251
353325	0.270974
7443	0.447825
177601	0.765144
85522	0.398253
99650	0.253659
405075	0.449935
405149	0.419563
22772	0.478382
355346	0.260968
153368	0.321936
193399	0.850801
166621	0.501964
60210	0.185874
329824	0.354878
329828	0.453144
9822	0.496315
418507	0.634671
113530	0.620897
140365	0.421891
61023	0.219305
392602	0.316070
194293	0.312660
269609	0.419835
39364	0.415113
39372	0.299767
114569	0.326172
39756	0.362400
62066	0.177765
11270	0.424952
102455	0.251433
89308	0.353656
89333	0.324041
234863	0.339478
12068	0.497464
270800	0.591029
63445	0.273021
196874	0.319519
197046	0.362660
64037	0.264168
13216	0.565002
197429	0.243157
42578	0.460378

2013083018080000008	0.424653
2013083018080000008	201308301808	http://www.usatoday.com/story/life/movies/2013/08/30/one-direction-girlfriends-this-is-us/2744299/	One Direction 's girlfriends left out of ` This is Us '
260716	0.670415
44848	0.537377
198967	0.524232
297129	0.931192
284921	0.426856
45285	0.433900
45992	0.283134
66320	0.821929
15790	0.836380
200057	0.434817
66911	0.311752
48228	0.493889
349060	0.548469
17065	0.738765
49855	0.726463
251521	0.302497
18029	0.440185
400077	1.096132
400178	0.261477
69293	0.725333
364377	0.638455
149208	0.850323
338581	0.627675
122960	0.333572
84010	0.378304
352585	1.193082
190386	0.469043
190655	0.447294
190657	0.603767
204784	0.417461
190925	0.661670
218932	0.334051
205471	0.684822
86700	0.315538
391358	0.383994
354958	0.227915
179091	0.503374
355346	0.353637
100257	0.770011
342390	0.326923
329780	0.325241
369147	0.700237
245560	0.814013
61090	0.563440
208779	0.573435
38841	0.472605
141018	0.346540
39309	0.316417
74850	0.838625
11270	0.424653
128330	0.516061
195531	0.295439
26330	0.396645
12166	0.297387
169254	0.530284
196874	0.271420
129791	0.793356
358847	0.406579
211346	0.340666

2013083001350000001	0.424283
2013083001350000001	201308300135	http://www.utsandiego.com/news/2013/aug/29/review-aint-them-bodies-saints/	Review : ` Ai n't Them Bodies Saints ' | UTSanDiego.com
42920	0.223358
346240	0.342423
130650	0.684972
130720	0.254240
333526	0.296469
43838	0.488383
44512	0.272766
131677	0.288293
44755	0.442292
373000	0.652285
29175	0.843201
15064	0.270761
309196	0.608894
348027	0.447199
385616	0.688312
238081	0.291757
159760	0.503910
106491	0.186391
48161	0.399266
172486	0.203978
119994	0.361866
286607	0.587029
311139	0.310193
134147	0.642541
187481	0.342023
187680	0.814938
215972	0.154308
51520	0.367036
387554	0.650654
240215	0.479264
400285	0.703717
174438	0.490508
300042	0.556130
109156	0.316885
19017	1.054171
351317	0.394878
136145	0.331964
70550	0.613190
190010	0.378836
55612	0.265459
415446	0.378750
339720	0.365409
34986	0.850205
190925	0.338209
289943	0.439907
353376	0.287503
314936	0.821009
327980	0.257428
152146	0.353205
72605	0.468973
86339	0.308500
86546	0.246911
8683	0.638724
139260	0.310549
112568	0.485454
59048	0.392986
355346	0.273917
304261	0.503993
23752	0.395170
220719	0.517356
154177	0.182238
342858	0.440537
392496	0.373548
61441	0.310131
39161	0.565429
155274	0.572149
419659	0.386130
11270	0.424283
11271	0.201853
40702	0.284598
195531	0.266933
370759	0.479867
282676	0.693517
210578	0.205574
358196	0.582411
210727	0.514543
358309	0.248076
358575	0.170135
63707	0.531964
235630	0.280969
197046	0.373675
395153	0.936244
395280	0.279049
345994	0.491305

