20130801
261
20130810 20130818

2013081319130000020	2.952351
2013081319130000020	201308131913	http://www.huffingtonpost.com/2013/08/13/miley-cyrus-subliminal-messages-we-cant-stop_n_3749103.html?utm_hp_ref=celebrity&ir=Celebrity	Miley Cyrus Says There Are No Subliminal Messages In ` We Ca n't Stop ' Video
359399	0.315220
91693	0.427524
144528	0.461202
347065	0.589935
396307	0.359052
14335	0.492887
372762	0.458151
360132	0.357380
29025	0.462365
78406	0.211436
78446	0.255318
118569	0.513975
29858	0.328402
66531	0.357361
172094	0.490037
106400	0.247859
250585	0.767176
48684	0.387764
349571	0.462022
399320	0.361729
251521	0.276062
18197	0.237815
350603	0.615086
350716	0.691812
53578	0.219477
123005	1.539639
54389	0.415767
54390	0.235412
217740	0.225524
313645	0.228610
190655	0.368597
339826	0.517326
403228	0.798688
98407	0.872481
254236	1.134383
7444	0.261699
35481	0.280508
21354	0.299628
353720	0.679715
327898	0.359049
379114	0.965529
404633	0.410469
244269	0.721679
139299	0.325576
23001	0.176006
112976	0.513919
418110	0.331392
60210	0.186239
61023	0.233192
356726	0.459930
281438	0.993411
39330	0.350864
305527	1.196512
195104	0.443418
235377	0.283667
76431	0.443715
383297	1.014483

2013081119370000003	2.937015
2013081119370000003	201308111937	http://www.huffingtonpost.com/2013/08/11/miley-cyrus-hannah-montana-singer-disney-past_n_3739456.html?utm_hp_ref=tv&ir=TV	Miley Cyrus On ` Hannah Montana ' : Singer Distances Herself From Her Disney Past
183870	0.971432
283789	0.558388
359399	0.288339
384014	0.478470
339826	0.344571
91693	0.468178
254236	0.673406
333892	0.214959
144528	0.274271
340366	0.473408
35481	0.213181
260457	0.283605
21354	0.317445
372762	0.438353
360132	0.237906
144751	0.240753
44394	0.195826
205568	0.322774
14444	0.184055
29025	0.442415
78446	0.282059
379114	0.944246
111873	0.294982
213285	0.295066
118569	0.488156
404633	0.389794
367683	0.615887
397569	0.519970
391358	0.309813
23001	0.173686
262117	1.040990
66911	0.262973
172094	0.312990
112976	0.488067
292143	0.514143
48684	0.462591
186722	0.419153
73866	0.275535
298779	0.438506
349571	0.442149
208720	1.072785
356726	0.436541
381335	0.880987
180751	0.273722
287143	0.385276
281438	0.996385
167840	0.542435
370378	0.240083
364357	0.606679
109185	0.445004
89547	0.888125
414124	0.390038
129025	0.294486
69793	0.218840
33890	0.501591
388828	0.589972
235377	0.265936
136246	0.380403
76431	0.424599
383297	0.977299
217740	0.216718
204032	0.395714
313645	0.216658

2013081522000000004	2.846774
2013081522000000004	201308152200	http://www.huffingtonpost.com/2013/08/15/miley-cyrus-bangerz-album-october-8_n_3764047.html?utm_hp_ref=celebrity&ir=Celebrity	Miley Cyrus ' ` BANGERZ ' Album To Hit Stores On Oct. 8
283789	0.563929
359399	0.300967
43446	0.298992
144528	0.253897
396307	0.354867
260457	0.286572
372762	0.445332
360132	0.354903
144751	0.212584
44394	0.279902
29025	0.449394
184840	0.332203
78446	0.251824
118569	0.499246
262117	0.647879
322311	0.499709
172094	0.319343
67399	0.411010
48684	0.470123
298680	0.706801
349571	0.448993
287143	0.709163
400181	0.434429
53356	0.472248
69793	0.330356
388828	0.570642
253131	0.457213
217740	0.220321
54645	0.276473
313645	0.222400
339257	0.704890
123516	0.527607
339771	0.261786
339826	0.285016
430161	1.610143
254236	0.624001
21354	0.293298
416597	0.453548
191765	0.263650
379114	0.903554
111873	0.310265
404633	0.398833
125465	0.308700
255460	0.198666
391358	0.320045
23001	0.180026
207206	0.531449
112976	0.499271
292143	0.522477
329780	0.401201
329886	0.350932
392260	0.262896
73866	0.280040
208720	0.552180
356726	0.447407
281438	0.971610
167840	0.566168
420170	0.296213
282873	0.684457
235377	0.279685
76431	0.431235
383297	0.949266

2013081119370000004	2.730626
2013081119370000004	201308111937	http://www.huffingtonpost.com/2013/08/11/miley-cyrus-we-cant-stop-first-no-1-british-singles_n_3740127.html?utm_hp_ref=celebrity&ir=Celebrity	Miley Cyrus ' ` We Ca n't Stop ' Earns The Singer Her First No. 1 On The British Singles Chart
190723	0.334475
339826	0.518517
130869	0.372301
164105	0.309053
91693	0.560994
254236	1.137103
390218	0.183215
144528	0.462286
124470	0.468867
21354	0.450447
372762	0.435116
360132	0.345870
44394	0.206206
366925	0.336940
403809	0.731083
29025	0.439111
302698	0.216499
131612	0.154722
78406	0.201516
78446	0.243256
284835	0.544013
379114	0.883303
111873	0.296903
118569	0.488066
404633	0.389802
118766	0.423306
199556	0.271196
112198	0.264173
58674	0.278486
139298	0.256587
23001	0.174996
172094	0.270894
112976	0.488028
292143	0.510432
207667	0.748247
48684	0.459320
73671	0.409715
60442	0.216906
193704	0.380127
60603	0.333317
73866	0.273568
107276	0.293658
215030	0.186371
49519	0.392181
263148	0.491638
38473	0.256613
349571	0.438773
399320	0.344755
180655	0.255918
356726	0.436874
61441	0.256114
281438	0.923661
141049	0.503851
344100	0.437686
40918	0.314313
89592	0.791698
414527	0.188603
235377	0.270310
76431	0.421393
196874	0.269592
196884	0.360682
383297	0.928080
217740	0.215205
313645	0.217152
197429	0.333363

2013081317570000005	2.653517
2013081317570000005	201308131757	http://bostonherald.com/entertainment/music/music_news/2013/08/miley_cyrus_robin_thicke_to_perform_at_mtv_vmas	Miley Cyrus , Robin Thicke to perform at MTV VMAs | Boston Herald
144528	0.366169
260457	0.453656
184840	0.350224
334448	0.816188
213090	0.743293
261349	0.701162
285440	0.927624
172094	0.370657
187026	0.512778
173658	0.619887
364828	0.957305
175638	0.930266
55245	0.983660
301783	0.922277
190655	0.647425
339826	0.412219
254236	0.897314
379114	0.698244
341299	0.724629
379544	0.812042
112198	0.394542
303963	0.333864
37489	0.731562
368608	0.574872
268805	0.983647
330004	0.918347
61143	0.335837
38841	0.379307
281438	0.977637
305867	0.241302
222651	1.056966
247228	0.852410
408827	0.795869
383297	0.730151
248098	0.521719

2013081316250000013	2.650927
2013081316250000013	201308131625	http://www.examiner.com/article/miley-cyrus-blasts-critics-over-latest-remarks-i-know-what-color-my-skin-is	Miley Cyrus blasts critics over latest remarks : ` I know what color my skin is ' - National Celebrity Headlines | Examiner.com
77409	0.853113
77451	0.680155
77578	0.545237
13917	0.484432
333892	0.276925
144528	0.325802
347065	0.433084
260457	0.539908
144751	0.418755
44381	0.628516
45423	0.663987
45992	0.412989
397340	0.228385
172659	0.743091
3400	0.892861
80968	0.506420
174521	0.367016
121824	0.488021
388892	0.452710
253131	0.553026
204630	0.321799
190655	0.489728
71502	0.589608
390218	0.230919
151727	0.417858
177792	0.513125
379114	0.857727
354284	0.329851
192490	0.572001
58336	0.380903
86605	0.439828
279701	0.875025
153415	0.612172
281438	0.896600
128322	0.927254
234624	0.481992
75825	0.337202
210613	0.446254
182805	0.388674
383297	0.835102
104132	0.727601
13392	0.329962

2013081316230000006	2.562082
2013081316230000006	201308131623	http://www.oregonlive.com/celebrity-news/index.ssf/2013/08/miley_cyrus_robin_thicke_will.html	Miley Cyrus , Robin Thicke will perform at VMAs , compete for new ` best song of summer ' award | OregonLive.com
144528	0.327381
260457	0.522317
184840	0.312820
334448	0.730050
213090	0.665439
261349	0.628277
285440	0.829998
172094	0.426343
187026	0.536298
120655	0.392882
173658	0.555193
364828	1.098562
175638	0.833000
55245	1.024264
301783	1.059831
190655	0.577641
339826	0.368506
254236	0.802375
379114	0.623104
341299	0.647627
379544	0.727813
112198	0.459381
640593	1.792913
303963	0.297928
37489	0.838756
368608	0.598738
268805	1.131971
330004	0.821997
61143	0.300442
281438	0.969489
62066	0.309000
305867	0.215497
40918	0.452224
222651	1.049119
247228	0.982396
408827	0.712970
383297	0.651618
248098	0.466894

2013081014550000002	2.559228
2013081014550000002	201308101455	http://www.huffingtonpost.com/2013/08/10/miley-cyrus-throwback-britney-snoop-dogg_n_3736459.html?utm_hp_ref=celebrity	Miley Cyrus Tweets Britney Spears , Snoop Dogg Throwback Pic On Set Of 2004 ` Outrageous '
283789	0.613624
117123	1.207541
130752	0.347799
91693	0.391099
260457	0.312511
372762	0.497600
360132	0.392646
29025	0.501866
249258	0.516967
360485	1.396463
347746	1.259858
118569	0.554997
172094	0.400296
48684	0.421408
349571	0.500866
50387	0.267865
51291	0.582047
51508	0.846856
18577	0.319988
96247	0.698119
148891	0.339301
388892	0.472282
253131	0.411914
217740	0.245239
136610	0.870839
313645	0.251525
366271	1.152610
7356	0.975078
379114	0.868312
254897	0.635159
404633	0.444409
192292	0.409243
23001	0.192499
139478	0.472967
179264	0.768010
112976	0.555682
59633	1.360914
113935	1.421375
356726	0.505779
281438	0.845458
181077	0.369492
75253	1.387685
195531	0.273374
89820	0.313832
76431	0.481323
383297	0.855974
63965	0.478726
13392	0.241193

2013081118310000004	2.493945
2013081118310000004	201308111831	http://uk.news.yahoo.com/u-singer-miley-cyrus-tops-uk-singles-chart-183139961.html	U.S. singer Miley Cyrus tops UK singles chart for first time - Yahoo ! News UK
91693	0.718936
144528	0.382625
44394	0.317341
131612	0.214837
284835	0.838524
199556	0.392025
107276	0.428093
215030	0.280165
49519	0.585822
263148	0.712731
414527	0.285217
190723	0.496256
339826	0.430196
254236	0.938868
390218	0.278118
124470	0.701886
21354	0.579146
403809	1.089651
302698	0.336665
379114	0.672233
111873	0.439477
139298	0.398709
207667	1.078440
73671	0.503876
60442	0.315275
60603	0.488496
38473	0.378927
180655	0.376974
61441	0.385790
281438	0.910856
141049	0.724622
344100	0.626991
89592	0.931773
196884	0.559288
383297	0.703144
197429	0.370702

2013081120100000001	2.493945
2013081120100000001	201308112010	http://sg.news.yahoo.com/u-singer-miley-cyrus-tops-uk-singles-chart-181013118.html	U.S. singer Miley Cyrus tops UK singles chart for first time - Yahoo ! News Singapore
190723	0.496256
339826	0.430196
91693	0.718936
254236	0.938868
390218	0.278118
144528	0.382625
124470	0.701886
21354	0.579146
44394	0.317341
403809	1.089651
302698	0.336665
131612	0.214837
284835	0.838524
379114	0.672233
111873	0.439477
199556	0.392025
139298	0.398709
207667	1.078440
73671	0.503876
60442	0.315275
60603	0.488496
107276	0.428093
215030	0.280165
49519	0.585822
263148	0.712731
38473	0.378927
180655	0.376974
61441	0.385790
281438	0.910856
141049	0.724622
344100	0.626991
89592	0.931773
414527	0.285217
196884	0.559288
383297	0.703144
197429	0.370702

2013081316050000007	2.487642
2013081316050000007	201308131605	http://www.usatoday.com/story/life/music/2013/08/13/miley-cyrus-robin-thicke-to-perform-on-mtv-vmas-one-direction/2647695/	Miley Cyrus , Robin Thicke to perform on MTV VMAs
395971	0.473707
144528	0.336540
198967	0.570175
187026	0.389304
17245	0.637835
31749	0.816062
95701	0.728528
216493	0.507747
108967	0.708119
148957	0.633763
364828	0.974619
136085	0.405184
401633	0.736569
55245	0.808810
190386	0.511037
204630	0.395402
339826	0.378940
218582	0.818817
254236	0.824536
151566	0.479436
21706	0.527207
379114	0.825506
125347	0.898094
112198	0.421692
152669	0.502840
179091	0.546509
37182	0.623361
37489	0.745322
37620	0.659776
368608	0.400562
153814	0.462682
60624	0.531828
38841	0.507711
281438	0.831068
141018	0.377240
420326	1.175378
408368	0.952296
222651	0.773166
156694	0.815640
383297	0.864324
211346	0.370191

2013081000590000011	2.470554
2013081000590000011	201308100059	http://www.huffingtonpost.com/2013/08/09/miley-cyrus-liam-hemsworth-paranoia-premiere_n_3730973.html?utm_hp_ref=celebrity	Miley Cyrus & Liam Hemsworth Arrive At ` Paranoia ' Premiere Amid Ongoing Split Rumors
248409	0.597031
170025	0.770107
158022	0.242452
130854	0.268727
372762	0.428457
360132	0.384925
14444	0.226523
29025	0.432398
78406	0.202829
78446	0.268875
44929	0.197175
118235	0.525677
45240	0.256701
118569	0.480669
309950	0.364001
47683	0.192342
48684	0.362631
49439	0.357804
49831	1.025156
349571	0.432079
147472	0.403500
187481	0.349433
17934	0.469650
336914	0.979685
81604	0.380985
51461	0.386649
32858	1.517677
287764	1.196049
203253	0.550332
175415	0.409441
351949	0.318189
217740	0.210907
402243	0.466092
313645	0.214746
204630	0.259753
204729	0.820235
151320	0.614438
379114	0.807100
111873	0.293684
367478	1.013894
404633	0.383868
391218	0.281140
58461	0.306734
23001	0.172802
179335	0.422896
112976	0.480614
356019	0.573314
369201	0.630691
61090	0.926318
356726	0.432049
281438	0.831727
11270	0.358537
305867	0.154321
40507	0.276932
420170	0.319344
115346	0.818069
115383	0.585865
344932	0.517909
235377	0.270890
76431	0.414957
196874	0.263549
383297	0.830994
196966	1.256145
143161	0.820192

2013081321430000015	2.457259
2013081321430000015	201308132143	http://au.news.yahoo.com/a/-/business/18491833/cyrus-thicke-to-perform-at-mtv-awards/	Cyrus , Thicke to perform at MTV awards - Yahoo ! 7
144528	0.343230
260457	0.418370
44394	0.297796
184840	0.324665
45240	0.291533
334448	0.768350
213090	0.705327
261349	0.670173
285440	0.875930
172094	0.341173
187026	0.371606
173658	0.590293
350112	0.652130
240710	0.726250
264657	0.815572
364828	0.874464
175638	0.884279
55245	0.907346
84010	0.439854
84231	1.011406
190655	0.610931
339826	0.385871
254236	0.842275
379114	0.635383
341299	0.676541
379544	0.777661
112198	0.360695
37489	0.667200
368608	0.531942
268805	0.906260
330004	0.869975
61143	0.316630
38841	0.363975
281438	0.910938
305867	0.223212
89433	0.991732
222651	0.987849
247228	0.787687
408827	0.759263
383297	0.665404
394999	0.452696
248098	0.493430

2013081522500000007	2.456525
2013081522500000007	201308152250	http://www.examiner.com/article/miley-cyrus-upcoming-album-due-out-october?cid=rss	Miley Cyrus ' upcoming album due out in October - National Britney Spears | Examiner.com
283789	0.702871
130752	0.432031
144528	0.314056
260457	0.358104
144751	0.300171
78446	0.267738
131897	0.544227
45992	0.325675
172094	0.349792
106401	0.356279
374156	0.703327
120419	0.305537
120655	0.368523
50387	0.199736
287143	0.701848
51541	0.489550
81727	0.441259
122203	0.928927
69793	0.415685
388892	0.580169
203623	0.728937
19654	0.327617
253131	0.377531
792586	1.664708
190655	0.444033
190684	0.434074
339826	0.352997
353278	0.619957
254236	0.770854
390218	0.238675
151461	0.358348
21354	0.365038
379114	0.593894
290794	0.429409
8688	0.347415
86700	0.349705
22767	0.252577
22906	0.523303
23001	0.223289
9384	0.269934
73690	0.556407
329780	0.357759
392260	0.265071
60603	0.422253
24092	1.234997
281438	0.931315
75825	0.321916
394238	0.298010
383297	0.622385
130017	0.641049

2013081123180000002	2.344691
2013081123180000002	201308112318	http://au.news.yahoo.com/a/-/business/18460328/miley-cyrus-scores-first-uk-no-1/	Miley Cyrus scores first UK No. 1 - Yahoo ! 7
130869	0.558401
91693	0.514646
144528	0.428052
144751	0.320489
131612	0.193161
262117	0.774832
385929	0.386707
263148	0.735365
375099	0.664182
51541	0.577810
188823	0.462458
203623	0.858993
204666	0.350173
190723	0.493908
339826	0.482245
254236	1.048140
35481	0.427477
21354	0.441689
302698	0.338850
379114	0.770024
36073	0.373325
111873	0.437221
57800	0.312429
8688	0.347561
207667	1.251499
59875	0.553836
60442	0.287464
208720	0.766216
180655	0.410559
281438	0.787334
209372	0.361883
195531	0.406559
89547	0.697429
89592	0.661440
358325	0.595299
156789	0.717701
196884	0.523926
383297	0.704309

2013081118310000006	2.289114
2013081118310000006	201308111831	http://au.news.yahoo.com/a/-/business/18457881/u-s-singer-miley-cyrus-tops-uk-singles-chart-for-first-time/	U.S. singer Miley Cyrus tops UK singles chart for first time - Yahoo ! 7
130869	0.501499
91693	0.678908
144528	0.351206
44394	0.290106
131612	0.207950
284835	0.765977
118766	0.540350
199556	0.369800
107276	0.402072
215030	0.259086
49519	0.543463
263148	0.671326
287143	0.488204
414527	0.262979
204388	0.857940
190723	0.461938
339826	0.394538
164105	0.397072
254236	0.862518
390218	0.255957
124470	0.650432
21354	0.539864
403809	1.011978
302698	0.306232
379114	0.612729
111873	0.409571
58674	0.356661
139298	0.362428
207667	1.018856
73671	0.468288
60442	0.297294
193704	0.511184
60603	0.457557
38473	0.353571
180655	0.352187
61441	0.386683
281438	0.838193
141049	0.687382
344100	0.594235
89592	0.869216
196884	0.509424
383297	0.641831
197429	0.348661

2013081002200000003	2.240554
2013081002200000003	201308100220	http://au.news.yahoo.com/a/-/business/18442093/cyrus-tells-of-fight-for-artistic-vision/	Cyrus tells of fight for artistic vision - Yahoo ! 7
43194	0.378529
339826	0.470516
430161	1.079528
320137	0.335407
35080	0.920276
13917	0.622478
124135	0.347209
260155	0.334964
254236	1.028423
144528	0.418801
396307	0.460202
260457	0.465659
21354	0.537550
144751	0.340991
260602	0.894591
131612	0.183854
184840	0.311553
78446	0.294755
249315	0.613749
14832	0.431383
279084	0.489267
379114	0.608074
86115	0.537188
379743	0.719392
309950	0.461947
153368	0.399545
316603	0.341178
392260	0.416305
369047	0.517034
374905	0.259549
356390	0.480163
24355	0.220149
221343	0.571050
287143	0.556531
127667	0.538701
281438	0.816240
194737	0.873619
51541	0.504084
18553	0.301542
115282	0.501052
69793	0.309412
203623	0.750615
253131	0.452210
383297	0.637214
123516	0.683455

2013081614560000003	2.164838
2013081614560000003	201308161456	http://www.usatoday.com/story/life/music/2013/08/16/bruno-mars-macklemore-ryan-lewis-added-to-mtv-vmas/2664081/	Bruno Mars , Macklemore & Ryan Lewis added to MTV VMAs
260457	0.482531
1443	0.358397
79054	0.476229
397731	0.428287
186121	0.534155
172094	0.350365
17245	0.631230
95701	0.907158
134970	0.929180
4916	1.103977
202577	1.067944
401633	0.738875
54801	0.922888
55245	0.874249
190386	0.537450
390250	0.887076
151430	0.714672
327754	0.547577
379114	0.616637
125347	0.981024
112198	0.507573
367955	1.294386
231857	1.109230
37620	0.723557
60624	0.535508
281438	0.774100
141018	0.396444
62351	0.855735
40713	0.454650
128523	1.095235
222651	0.744763
383297	0.641279
42645	1.483718
346075	0.548676

2013081316390000016	2.148865
2013081316390000016	201308131639	http://www.nydailynews.com/entertainment/music-arts/miley-cyrus-tops-british-singles-chart-stop-article-1.1425507	Miley Cyrus tops British singles chart with ` We Ca n't Stop ' - NY Daily News
295935	0.397926
371964	0.364574
130869	0.364845
91693	0.502242
144528	0.351847
44381	0.371457
44394	0.223989
198663	0.349963
131612	0.153622
260643	0.458287
284835	0.590539
78594	0.237722
45423	0.393149
199556	0.262860
385654	0.403991
398375	0.331937
48574	0.292711
172659	0.440817
250888	0.633641
17016	0.310821
107276	0.325239
215030	0.204297
49519	0.430878
107391	0.236500
263148	0.475903
50126	0.273178
68170	0.626941
287143	0.423243
287342	0.483322
161431	0.636879
400181	0.336893
174521	0.246447
364153	0.223715
241096	0.600831
376763	0.319998
69793	0.236025
414527	0.206289
217702	0.230688
204388	0.632200
190723	0.368335
339826	0.394509
254236	0.865753
390218	0.200109
124470	0.514738
21354	0.485652
164348	0.549683
403809	0.803837
302698	0.234117
353773	0.495550
327894	0.450774
379114	0.654269
111873	0.327219
192032	0.515040
192506	0.320365
219935	0.302352
232349	0.461123
207667	0.726207
73671	0.445447
60442	0.274831
193704	0.373052
60603	0.368546
60624	0.295709
193758	0.441824
74120	0.204275
38473	0.283041
180655	0.282503
61441	0.280541
140936	0.204761
281438	0.747298
141049	0.472254
344100	0.425936
40676	0.651541
155936	0.625637
195525	0.252877
222359	0.456401
393840	0.598741
270439	0.347826
182124	0.324589
246925	0.319689
89592	0.745085
41471	0.427734
182902	0.250007
142649	0.432390
196884	0.409955
383297	0.687585
157377	0.296060
143355	0.355607
197429	0.246510

2013081318510000007	2.131529
2013081318510000007	201308131851	http://feeds.cbsnews.com/~r/CBSNewsTravelGuru/~3/Zp6S1bijj4g/	Miley Cyrus , Robin Thicke to perform at MTV Video Music Awards - CBS News
272299	0.456721
144528	0.246143
260457	0.406796
144751	0.178577
170731	0.347960
144838	0.215188
184840	0.229072
237231	0.368203
1443	0.250073
45240	0.216781
334448	0.554334
213090	0.514372
261349	0.493329
285440	0.634601
262024	0.339544
172094	0.308086
187026	0.331039
201406	0.299582
50387	0.153540
173658	0.432462
4281	0.235447
350112	0.490240
252299	0.369812
108967	0.440070
240710	0.541465
264657	0.614870
364828	0.876037
175638	0.646344
136085	0.229523
54389	0.340306
217740	0.195347
54801	0.423562
55245	0.740235
84010	0.328825
84231	0.758192
301783	0.585222
190655	0.441657
339826	0.276188
254236	0.605217
390301	0.355674
151566	0.385907
354066	0.190556
379114	0.632756
125347	0.510877
125416	0.143583
341299	0.482413
379544	0.573858
112198	0.351072
367955	0.627082
231857	0.535785
303963	0.211452
37489	0.666236
37620	0.408643
368608	0.490671
153814	0.303951
60487	0.290235
392252	0.212333
268805	0.819800
330004	0.633030
61143	0.228911
38841	0.269259
281438	0.749386
195104	0.429808
40049	0.251108
62066	0.211411
305867	0.156973
40507	0.243842
40918	0.272212
89433	0.749872
294315	0.379918
222651	0.815245
247228	0.716393
306930	0.382844
408827	0.557567
383297	0.664738
63999	0.173058
248098	0.358254
64037	0.282440

2013081321430000014	2.126803
2013081321430000014	201308132143	http://www.nydailynews.com/entertainment/music-arts/miley-cyrus-robin-thicke-set-perform-mtv-vmas-article-1.1425940	Miley Cyrus , Robin Thicke set to take the stage at MTV 's Video Music Awards - NY Daily News
272299	0.673304
224290	0.471450
410129	0.473593
144528	0.237443
260457	0.479570
184840	0.223103
347416	0.493522
1443	0.323532
45232	0.471254
334448	0.532898
159393	0.470207
285440	0.608611
46829	0.424734
250123	0.473538
397731	0.345539
119228	0.472092
66911	0.279483
172094	0.315938
159942	0.474415
250888	0.494945
187026	0.323996
68170	0.545285
50387	0.195737
50539	0.445167
134510	0.496134
161431	0.551756
299964	0.419085
388145	0.405655
96440	0.468105
364828	0.992119
55245	0.879014
301783	0.579119
190655	0.421740
339826	0.266725
254236	0.583163
218970	0.483222
151566	0.403039
379114	0.590877
125347	0.750785
341299	0.466909
112198	0.365303
37489	0.755121
368608	0.458165
153814	0.388547
245163	0.446061
392252	0.313117
268805	0.840205
406434	0.366252
24097	0.776595
24297	0.441351
61143	0.219799
281438	0.767963
155437	0.495290
40218	0.488553
305867	0.153186
40918	0.405380
222359	0.393813
222651	0.869626
222697	0.468883
247228	0.732909
306930	0.564728
76407	0.388575
383297	0.620187
248098	0.343165
64037	0.365233

2013081118000000002	2.124451
2013081118000000002	201308111800	http://www.bbc.co.uk/news/entertainment-arts-23657911#sa-ns_mchannel=rss&ns_source=PublicRSS20-sa	BBC News - Miley Cyrus storms to top of singles chart
359632	0.794610
104614	0.553344
130869	0.450569
91693	0.452791
144528	0.289835
144750	0.292529
144751	0.251226
44394	0.274111
14444	0.234296
45240	0.230265
132008	0.409700
185937	0.401830
385654	0.485837
186013	0.352340
262117	0.607519
106400	0.193399
398375	0.401943
17016	0.373677
107276	0.337067
263148	0.583038
349628	0.320186
287070	0.385155
287143	0.605897
51541	0.425118
400185	0.421022
188546	0.428241
287960	0.461638
376763	0.387035
175558	0.282542
19679	0.576698
83605	0.491181
389276	0.542515
204388	0.933123
190655	0.419276
339826	0.328041
254236	0.712536
21354	0.468416
302698	0.275168
379114	0.627427
22001	0.982781
206553	0.826044
86413	0.336222
192506	0.384784
379743	0.462486
354958	0.276169
153175	0.435413
207667	0.890056
113263	0.692682
60442	0.315382
193758	0.531011
208720	0.599087
281438	0.748512
10640	0.742861
181077	0.323170
61761	0.557772
209372	0.282175
167930	0.485986
141608	1.004099
246925	0.387556
89547	0.542358
89592	0.752663
357905	0.230077
394292	0.337260
210578	0.237734
358261	0.292467
358325	0.461582
383297	0.658546

2013081322430000001	2.123366
2013081322430000001	201308132243	http://www.nydailynews.com/entertainment/music-arts/miley-cyrus-robin-thicke-set-perform-mtv-vmas-article-1.1425940	Miley Cyrus , Robin Thicke set to take the stage to perform at MTV 's Video Music Awards - NY Daily News
272299	0.671756
224290	0.470371
410129	0.472507
144528	0.236922
260457	0.478530
184840	0.222608
347416	0.492383
1443	0.322791
45232	0.470174
334448	0.531735
159393	0.469131
285440	0.607287
46829	0.423762
250123	0.472451
397731	0.345348
119228	0.471010
66911	0.278843
172094	0.315214
159942	0.473327
250888	0.493858
187026	0.323247
68170	0.544091
50387	0.195627
50539	0.444144
134510	0.494989
161431	0.550551
299964	0.418128
388145	0.404718
96440	0.467037
364828	0.990460
55245	0.877142
301783	0.577820
190655	0.420765
339826	0.266139
254236	0.581886
218970	0.482106
151566	0.402110
379114	0.590103
125347	0.749061
341299	0.465880
112198	0.407421
37489	0.753855
368608	0.457144
153814	0.387651
245163	0.445036
392252	0.312397
268805	0.838278
406434	0.365412
24097	0.774803
24297	0.440342
61143	0.219320
281438	0.766631
155437	0.494147
40218	0.487426
305867	0.152845
40918	0.404449
222359	0.392956
222651	0.868101
222697	0.467812
247228	0.731227
306930	0.563429
76407	0.387683
383297	0.619382
248098	0.342420
64037	0.364396

2013081300560000007	2.110350
2013081300560000007	201308130056	http://www.examiner.com/article/twerking-showdown-harry-styles-twerking-at-tcas-better-than-miley-cyrus?cid=rss	Twerking showdown : Harry Styles ' Twerking at TCAs better than Miley Cyrus ' ? - National Celebrity Headlines | Examiner.com
32	0.619905
359422	0.868759
77667	0.605201
130886	0.666641
170350	0.577657
44381	0.533227
14444	0.303912
44929	0.203545
45992	0.520214
30285	0.748207
172094	0.368207
31432	0.456213
107853	0.364797
187695	0.537618
18197	0.270360
174437	0.413750
69293	1.249752
203213	0.446237
388828	1.176218
253131	0.365224
84010	0.687472
84044	1.064843
266136	0.356869
218582	0.866052
151566	0.508344
379114	0.700356
57827	0.562204
192292	0.419998
112198	0.355260
219920	0.333338
22772	0.467143
391358	0.545332
303756	0.351308
368608	0.424025
153814	0.490187
342521	0.421361
329886	0.752604
38841	0.377460
281438	0.704997
305426	0.499626
393237	0.583701
246480	1.180759
102455	0.341840
182218	0.470162
357905	0.282753
247518	0.334233
383186	0.294694
196874	0.386225
383297	0.733127
63869	0.408394

2013081418440000003	2.001430
2013081418440000003	201308141844	http://www.huffingtonpost.com/2013/08/14/nicole-scherzinger_n_3754709.html	Nicole Scherzinger Supports Miley Cyrus To Fight Skin Cancer
43270	1.660531
372365	0.665944
260155	0.426123
372762	0.574947
360132	0.438398
29025	0.578967
78406	0.389054
132670	0.589425
119336	1.142356
398423	0.646705
48684	0.610486
374905	0.327544
31749	0.858741
349571	0.575952
68516	0.901426
400178	0.312427
300040	0.564860
241713	1.665821
217740	0.287326
19893	0.993320
313645	0.279499
415451	0.725467
379114	0.664227
58138	0.883188
192490	0.674906
139298	0.529650
292143	0.677333
73866	0.363772
356726	0.560986
281438	0.668601
420170	0.406093
182743	0.542052
76431	0.554381
383297	0.695254
197026	0.447803

2013081219190000014	1.985196
2013081219190000014	201308121919	http://feeds.nbcnews.com/c/35002/f/663303/s/2fde3090/sc/17/l/0L0Stoday0N0Centertainment0Cselena0Egomez0Emiley0Ecyrus0Emore0Eteen0Echoice0Eawards0Efashions0E6C10A8970A59/story01.htm	Selena Gomez , Miley Cyrus and more Teen Choice Awards fashions - TODAY.com
43278	0.961283
13925	0.917800
43693	0.463527
64882	0.746435
260457	0.398184
144751	0.277578
14444	0.256663
334467	0.428076
249563	0.647958
66911	0.478033
106401	0.317915
108292	0.676574
324773	0.233550
388135	0.440634
300486	1.150728
136107	0.434986
6669	1.434341
55883	0.462598
204784	0.637356
218582	0.826845
191115	0.715612
416095	0.727824
151566	0.486275
379114	0.658856
192260	0.426668
99690	1.243087
355346	0.349561
126184	0.533453
368608	0.404398
153814	0.468210
356019	0.628157
101042	1.436240
281438	0.663170
269530	0.898629
40115	0.289859
408301	0.920449
382985	0.885689
358531	0.585462
383297	0.689578
358847	0.629925
64220	0.337390

2013081215550000005	1.985196
2013081215550000005	201308121555	http://www.today.com/entertainment/selena-gomez-miley-cyrus-more-teen-choice-awards-fashions-6C10897059	Selena Gomez , Miley Cyrus and more Teen Choice Awards fashions - TODAY.com
43278	0.961283
13925	0.917800
43693	0.463527
64882	0.746435
260457	0.398184
144751	0.277578
14444	0.256663
334467	0.428076
249563	0.647958
66911	0.478033
106401	0.317915
108292	0.676574
324773	0.233550
388135	0.440634
300486	1.150728
136107	0.434986
6669	1.434341
55883	0.462598
204784	0.637356
218582	0.826845
191115	0.715612
416095	0.727824
151566	0.486275
379114	0.658856
192260	0.426668
99690	1.243087
355346	0.349561
126184	0.533453
368608	0.404398
153814	0.468210
356019	0.628157
101042	1.436240
281438	0.663170
269530	0.898629
40115	0.289859
408301	0.920449
382985	0.885689
358531	0.585462
383297	0.689578
358847	0.629925
64220	0.337390

2013081316020000017	1.973056
2013081316020000017	201308131602	http://feeds.nydailynews.com/~r/nydnrss/entertainment/~3/WRs3a1LSWc4/story01.htm	Miley Cyrus fires back at racial jabs : ` I know what color my skin is ' - NY Daily News
42775	0.633284
77578	0.473799
346662	0.285606
224290	0.359001
64882	0.569061
395971	0.300430
410129	0.359360
91693	0.366991
333892	0.207404
144528	0.269675
144751	0.161514
144838	0.216261
78446	0.164309
347416	0.367917
237231	0.259287
44929	0.132325
45232	0.358003
45992	0.205905
385369	0.246765
159393	0.358918
46829	0.324604
250123	0.358085
119228	0.359062
262024	0.239026
66911	0.213077
159942	0.359568
106847	0.249766
250888	0.464530
31749	0.519686
50126	0.248998
201406	0.293879
68170	0.460899
50539	0.335878
107853	0.250173
819207	0.954427
17934	0.251531
134510	0.368801
161431	0.467830
400181	0.246860
299964	0.321486
287764	0.581198
364153	0.180054
324773	0.204723
388145	0.300976
96440	0.359546
300486	0.880235
241096	0.439005
149613	0.498324
253131	0.334929
54389	0.239484
351970	0.184743
217730	0.358384
217740	0.146437
176505	0.307715
204630	0.206457
55883	0.280590
218582	0.680561
218970	0.358863
164348	0.401028
151566	0.396438
340569	0.223323
151727	0.258759
353773	0.361860
177792	0.444188
354066	0.137549
379114	0.629334
303150	0.254010
152486	0.404346
178553	0.240445
192490	0.496829
354921	0.254389
219935	0.299553
368608	0.332351
153814	0.407466
193595	0.322587
245163	0.336181
60442	0.160849
406434	0.277271
24297	0.337720
61090	0.452587
38841	0.217043
281438	0.671861
155437	0.368524
61878	0.386834
62066	0.160370
40218	0.363861
40252	0.456955
40676	0.475506
222359	0.334985
393840	0.437600
270454	0.237103
89547	0.405684
420326	0.746961
408301	0.702897
222697	0.359235
76407	0.293507
383297	0.661832
196966	0.629647
64164	0.324600
64220	0.295213

2013081217560000012	1.960970
2013081217560000012	201308121756	http://www.newsday.com/shop-talk-1.811931/miley-cyrus-named-teen-choice-awards-style-icon-over-lea-michele-emma-watson-demi-lovato-1.5875962	Miley Cyrus named Teen Choice Awards style icon over Lea Michele , Emma Watson , Demi Lovato ?!
296080	0.520368
77685	1.158889
77701	0.470223
64882	0.542267
284486	0.742016
92487	0.329735
45686	0.912876
1845	0.384771
185486	0.713653
297831	0.640953
159619	1.159603
46923	1.230106
262024	0.271223
386176	0.993258
374861	0.795001
120655	0.275061
363221	0.523587
4281	0.243206
33162	0.697033
351347	0.545287
136085	0.369956
54389	0.272249
217730	0.347011
217740	0.205003
54649	0.639149
70709	0.810755
176553	0.495093
176905	1.142169
218582	0.854289
327491	0.303566
151557	0.752593
151566	0.541789
56978	0.546151
328061	0.640585
379114	0.612692
72453	0.587102
165060	0.604093
152299	0.393643
303233	0.704356
391358	0.411459
368608	0.501516
153814	0.530460
380584	0.714003
60146	0.983535
10047	0.883961
281438	0.674139
181132	0.628452
61878	0.483466
40115	0.356301
407821	0.675433
102461	0.599743
181924	0.706742
306392	0.555728
383297	0.641321
211346	0.288956

2013081818030000002	1.901165
2013081818030000002	201308181803	http://uk.news.yahoo.com/goulding-secures-number-one-single-180337837.html	Goulding secures number one single - Yahoo ! News UK
91087	0.851696
190723	0.559696
339826	0.364757
218582	0.755770
533	0.452631
130869	0.510524
91693	0.461266
254236	0.797628
144528	0.324739
21354	0.610507
44394	0.245020
151727	0.341169
243303	0.683842
230835	0.592857
379114	0.631254
191822	0.389045
78822	0.644724
152417	0.791577
112198	0.287738
58461	0.355304
354958	0.263744
58561	0.245743
385610	0.747087
132722	0.570771
186004	0.409458
37186	0.379821
207667	1.002737
368608	0.369986
153814	0.429159
172640	0.712670
60442	0.366228
49825	0.222229
38473	0.351803
349606	1.043039
180649	0.357916
180655	0.362635
287143	0.491468
281438	0.634955
350112	0.714063
51541	0.570202
343776	0.617342
195451	0.182559
89433	1.091550
89592	0.573989
264657	1.194075
277007	0.854981
394496	0.540049
383297	0.659781
116421	0.596445
346009	0.643037

2013081320570000009	1.841118
2013081320570000009	201308132057	http://www.mysanantonio.com/news/local/article/The-music-charts-4729413.php	The music charts - San Antonio Express-News
320225	0.690820
144528	0.363505
360598	0.525568
334448	0.761849
213090	0.737048
261064	0.396509
285440	0.866113
251078	0.486508
107400	0.499021
107845	0.444957
173658	0.628477
188372	0.843513
188546	0.574412
413880	1.216621
364422	0.796814
364828	1.032380
175638	0.923457
19679	0.772083
175881	0.828160
176584	0.998395
339826	0.408827
254236	0.891670
111136	0.695961
379114	0.611507
341458	0.892763
37489	0.790400
153814	0.541550
316603	0.496912
330004	0.909667
61143	0.313522
180649	0.418531
407116	0.941633
269471	0.930733
281438	0.614805
39230	0.808740
222651	0.819464
210749	0.859529
383297	0.638539
116772	0.812520
307557	0.933695

2013081019310000003	1.781472
2013081019310000003	201308101931	http://www.huffingtonpost.com/2013/08/10/selena-gomez-abs_n_3736908.html?utm_hp_ref=celebrity	Selena Gomez And Her Rock Hard Abs Are Ready To Hit The Road
42944	0.509517
211826	0.463471
144239	0.346428
91693	0.315210
333892	0.196937
372762	0.386682
360132	0.380488
144751	0.234579
44394	0.206976
29025	0.390370
44929	0.143129
1445	0.856133
360636	0.521598
45418	0.361025
373244	0.380250
321326	0.609200
118569	0.435170
261349	0.971496
273516	0.679312
46902	0.487331
30682	0.503986
200293	0.446339
48684	0.407756
17245	0.448254
349571	0.390349
227057	0.630687
50387	0.157021
275696	0.421353
51541	0.337300
400185	0.334270
18447	0.362447
108673	0.356091
108745	0.377273
203623	0.503669
217740	0.226562
19957	0.626143
277725	0.587327
313645	0.193347
176505	0.391104
176553	0.328191
191765	0.219316
379114	0.591065
303063	0.629509
125307	0.704962
404633	0.347036
315398	0.449501
379544	1.131159
192490	0.434890
86695	0.472648
23001	0.158571
165807	0.230442
37182	0.437274
112976	0.434807
126421	0.556086
292143	0.453297
60442	0.249763
329886	0.341722
329913	0.527655
73866	0.242863
61023	0.194632
24355	0.157956
61112	0.513670
154641	0.439363
256907	0.400788
356726	0.389115
281438	0.595203
61692	0.393799
114569	0.315925
344136	0.261511
40918	0.282356
41158	0.386584
408366	0.568700
382755	0.670184
156694	0.574293
408827	1.096957
76431	0.374752
156954	0.919633
383297	0.619186
42460	0.316955
64242	0.491905

2013081415000000017	1.750877
2013081415000000017	201308141500	http://www.bbc.co.uk/newsbeat/23694105#sa-ns_mchannel=rss&ns_source=PublicRSS20-sa	BBC - Newsbeat - Lady Gaga track charts at number 11 after seven hours
157698	0.666773
130869	0.518164
144528	0.344786
184840	0.262334
373300	0.337497
106401	0.285754
49044	0.332170
49194	0.387468
49397	0.596059
323423	0.833153
49982	0.472869
160988	0.353461
201406	0.330313
50387	0.192551
287143	0.459928
187695	0.445124
350112	0.798213
399904	0.856841
51541	0.431837
95701	0.765089
287960	0.467799
264657	0.999840
69793	0.383579
175333	0.346298
414527	0.256938
401633	0.639118
253131	0.398910
313645	0.231001
326895	0.714589
190655	0.500950
190723	0.421536
339826	0.387407
124135	0.322999
254236	0.846567
390218	0.327090
21354	0.433927
138101	0.843406
379114	0.581146
191822	0.369374
125214	0.564751
57832	0.458503
303485	0.373708
22767	0.244795
9384	0.218977
207667	1.021120
60404	0.717881
60442	0.287006
60624	0.459630
193758	0.576313
38473	0.334485
281438	0.584866
343776	0.474127
89433	1.217751
89592	0.772968
196130	0.341070
383297	0.608065

2013081118020000001	1.749321
2013081118020000001	201308111802	http://uk.news.yahoo.com/miley-cyrus-scores-first-number-one-180204464.html	Miley Cyrus scores first number one - Yahoo ! News UK
359632	0.695612
130869	0.434552
91693	0.382415
236797	0.352115
144528	0.332618
144751	0.213075
44381	0.458986
131612	0.159942
45423	0.485446
132008	0.473868
92694	0.258175
297660	0.298348
411246	0.334348
262117	0.589069
172094	0.239422
385929	0.303157
67399	0.379960
133421	0.275932
172659	0.543915
31432	0.390882
215030	0.201910
49519	0.425112
263148	0.564446
375099	0.515039
287143	0.482341
4281	0.236485
188823	0.345491
69793	0.213414
136246	0.380054
217730	0.347942
176539	0.304324
204666	0.275562
190723	0.376671
339826	0.373294
254236	0.817672
124470	0.508143
35481	0.335827
21354	0.323328
151676	0.642014
403809	0.792617
379114	0.577302
36073	0.292051
111873	0.334506
191946	0.443111
57800	0.234718
206553	0.723467
8688	0.271459
354958	0.226427
153175	0.381693
59401	0.404838
207667	1.027904
59875	0.465145
113263	0.657220
316603	0.283031
60442	0.251567
208720	0.580736
180655	0.299839
74523	0.467840
61441	0.277418
281438	0.586010
39372	0.304386
419522	0.261459
114569	0.363534
209372	0.273459
141608	0.879816
305867	0.147607
102485	0.219741
195531	0.294277
89547	0.525469
89592	0.522774
394292	0.319932
358325	0.445967
156789	0.527905
196884	0.390350
383297	0.508709

2013081123100000006	1.746146
2013081123100000006	201308112310	http://in.reuters.com/article/2013/08/11/entertainment-us-britain-charts-idINBRE97A0AB20130811?feedType=RSS&feedName=hollywood	U.S. singer Miley Cyrus tops UK singles chart for first time | Reuters
395568	0.668357
130869	0.399918
91693	0.534609
144528	0.267602
14352	0.598030
44394	0.219918
198663	0.377683
131612	0.167393
184840	0.254213
284835	0.580093
46039	0.593514
118766	0.462933
199556	0.290803
397430	0.617549
385654	0.432873
47516	0.388151
398375	0.359701
17016	0.334018
107276	0.314693
215030	0.199216
49519	0.419445
107391	0.255586
120367	0.215863
263148	0.527071
201641	0.537099
287143	0.390817
287342	0.526501
363737	0.569261
400178	0.215367
4830	0.282258
376763	0.346295
69793	0.211266
376806	0.428271
414527	0.201492
204388	0.689557
190723	0.357932
339826	0.300301
164105	0.337582
254236	0.657902
390218	0.195666
124470	0.501368
21354	0.419258
403809	0.782055
302698	0.230635
354066	0.212927
164856	0.415135
379114	0.462720
111873	0.317788
8499	0.402578
192506	0.342759
125748	0.752368
58674	0.304374
139298	0.272720
207667	0.802515
73671	0.362126
60442	0.233460
193704	0.408418
60603	0.357046
193758	0.476153
38473	0.274717
88149	0.799981
61140	0.264906
180655	0.274027
61441	0.273716
281438	0.641713
141049	0.543013
39306	0.399543
233968	0.478481
344100	0.469631
270439	0.378412
246925	0.346891
89592	0.676199
196884	0.384354
383297	0.485607
223605	0.577984
197429	0.273310

2013081517580000001	1.735174
2013081517580000001	201308151758	http://www.huffingtonpost.com/2013/08/15/amber-tamblyn-two-and-a-half-men-ashton-kutcher_n_3761331.html?utm_hp_ref=tv	Amber Tamblyn On ` Two And A Half Men ' Is ` Amazing , ' Kutcher Says
42967	0.489289
43194	0.220700
248567	0.395526
13693	0.496724
333892	0.219375
372762	0.282707
144751	0.250433
105068	0.196863
29025	0.285638
131612	0.097775
237231	0.273997
44929	0.187679
373107	0.566586
396803	1.191530
385087	0.708762
118569	0.317350
213365	0.414216
2003	0.475736
385369	0.216405
397340	0.229094
262024	0.252244
262116	0.590052
47716	0.329377
48684	0.238997
239226	0.459604
80626	0.313895
107391	0.194485
275152	0.662978
363043	0.397607
349571	0.286097
161181	1.076156
51014	0.621805
17934	0.216574
108697	0.389229
216636	0.505963
388135	0.231578
96868	0.438655
377025	0.412217
253114	0.852460
54389	0.252388
402036	0.898502
217740	0.138842
402141	0.718287
313645	0.137526
402625	0.410576
6596	0.159980
339720	0.262806
176903	0.333326
353325	0.271471
266523	0.856592
243016	0.371966
379114	0.574851
404633	0.252231
86281	0.461165
152669	0.300914
405075	0.331928
244153	0.455127
23001	0.119941
391827	0.473747
112976	0.316552
304255	0.496490
73690	0.287960
329780	0.346078
392252	0.187776
73866	0.295754
304710	0.545583
167001	0.178690
24382	1.123376
154674	0.295798
356726	0.277099
61441	0.288440
281438	0.580162
381756	0.755783
39756	0.463083
407555	0.898554
407652	1.090258
11152	0.433969
62066	0.272894
141615	0.247011
40392	0.273272
195451	0.134018
270234	0.171230
420170	0.207076
89675	0.220442
12020	0.493212
12066	0.335678
102992	0.174441
26667	0.250942
358033	0.449943
258605	0.724828
258757	0.499434
235377	0.248263
76431	0.274438
383297	0.604898
157175	0.421974
283285	0.246157
358826	0.318003
307344	0.267640
27857	0.335084
64263	0.422431

2013081314230000002	1.718062
2013081314230000002	201308131423	http://www.utsandiego.com/news/2013/aug/13/spotifys-top-10-most-streamed-tracks/	Spotify 's Top 10 most streamed tracks | UTSanDiego.com
144528	0.331700
144751	0.311093
334448	0.889937
285440	1.015198
186121	0.452923
106478	0.308537
262865	0.903940
49513	1.001743
49519	0.505741
239443	1.244212
201406	0.486366
4916	0.935432
188546	0.531619
364828	0.935387
19679	0.715566
54668	0.773980
54801	0.561726
242014	0.578080
313645	0.266178
339826	0.450338
55982	0.594899
366403	0.470310
353278	0.752274
254236	0.814601
205481	0.783982
379114	0.570102
111873	0.429669
367485	0.864917
231857	0.711689
126382	0.404602
37489	0.714422
418110	0.460706
392018	1.447712
60442	0.259895
392260	0.469647
61143	0.366854
281438	0.573980
39309	0.361431
62351	0.553539
222651	0.741570
383297	0.596991
157172	1.329557
64037	0.383851
116772	0.743438
42645	1.074515

2013081218460000006	1.688272
2013081218460000006	201308121846	http://examiner.com/article/2013-teen-choice-awards-remembering-cory-monteith-forgetting-miley-cyrus	2013 Teen Choice Awards , remembering Cory Monteith , forgetting Miley Cyrus - National Celebrity Obsession | Examiner.com
295935	0.491335
197781	0.764900
260269	0.350186
144626	0.535961
360132	0.264825
144751	0.226427
14444	0.225211
360420	0.674774
92827	0.597742
145822	0.385129
66401	0.439612
273901	0.583306
397802	0.429671
322311	0.525838
106491	0.182039
386022	0.271451
322656	0.530202
386404	0.291127
106968	0.832989
107552	0.569870
134493	0.545670
108232	0.776442
51985	0.457418
108492	0.772088
228113	0.177253
324773	0.203005
351317	0.439810
376775	0.381632
53578	0.212403
162851	0.275912
97222	0.565251
415024	0.347154
218582	0.713374
110923	0.474038
390253	0.791045
151566	0.502617
124609	0.584047
205569	0.285674
379114	0.552675
72453	0.448150
112198	0.278028
58336	0.289259
22772	0.407852
391358	0.313729
153064	0.373171
139478	0.450048
126184	0.464153
292226	0.430042
368608	0.533818
153814	0.509493
355976	0.294528
356124	0.303789
268769	0.735986
304710	0.446551
269101	0.542299
38841	0.348420
281438	0.567798
194882	0.410786
61878	0.449694
88918	0.524460
40003	0.421677
11271	0.225030
393640	0.620956
234624	0.377376
12166	0.267234
247281	0.389809
394580	0.239722
383297	0.485240
143026	0.383414
104205	0.566152
64220	0.293050
346075	0.379066

2013081316420000010	1.678660
2013081316420000010	201308131642	http://mysanantonio.com/entertainment/article/Miley-Cyrus-Robin-Thicke-to-perform-at-MTV-VMAs-4728629.php	Miley Cyrus , Robin Thicke to perform at MTV VMAs - San Antonio Express-News
320225	0.678374
144528	0.351956
184840	0.353593
360598	0.515860
45240	0.296687
334448	0.786942
213090	0.720804
261064	0.389912
261349	0.683525
285440	0.896364
251078	0.478233
187026	0.381873
173658	0.602665
188372	0.828057
364422	0.782983
175638	0.903253
175881	0.813371
54801	0.578010
55245	0.740931
190655	0.625432
339826	0.395832
254236	0.863352
341299	0.694512
379544	0.792735
341458	0.877742
367955	0.852737
231857	0.733673
368608	0.435446
153814	0.531390
60487	0.398770
330004	0.889477
61143	0.324156
38841	0.370829
407116	0.925127
269471	0.914265
281438	0.839330
39230	0.793683
222651	0.909442
408827	0.774788
248098	0.504719
307557	0.916729

2013081320540000014	1.652286
2013081320540000014	201308132054	http://www.sacbee.com/2013/08/13/5647416/the-top-10-songs-and-albums-on.html#mi_rss=Wire National News	The top 10 songs and albums on the iTunes Store - Wire Business News - The Sacramento Bee
42809	0.560933
130869	0.510172
144528	0.325307
260457	0.412218
131612	0.190162
65448	0.812747
334448	0.814802
14930	0.945162
213090	0.636269
118766	0.514448
285440	0.927308
106478	0.311229
106491	0.205117
106519	0.695131
173658	0.550577
202577	0.757250
188546	0.581042
174728	0.718505
413880	1.106903
364828	0.827139
19679	0.780770
176584	0.891938
190655	0.499544
339826	0.365497
164105	0.377841
353278	1.120311
254236	0.798795
390218	0.257248
390250	0.775561
379114	0.548393
99517	0.977265
58674	0.339474
152979	0.937965
37489	0.633830
207667	1.001712
60442	0.285590
330004	0.784696
61143	0.335492
180649	0.373447
281438	0.551947
40918	0.421196
89592	0.593478
222651	0.656847
358531	0.507439
383297	0.573889
116772	0.731082
346075	0.477305

2013081320430000002	1.652286
2013081320430000002	201308132043	http://feeds.abcnews.com/c/35229/f/654824/s/2fe9ea61/sc/5/l/0Labcnews0Bgo0N0CEntertainment0CwireStory0Ctop0E10A0Esongs0Ealbums0Eitunes0Estore0E19949513/story01.htm	The Top 10 Songs and Albums on the iTunes Store - ABC News
42809	0.560933
130869	0.510172
144528	0.325307
260457	0.412218
131612	0.190162
65448	0.812747
334448	0.814802
14930	0.945162
213090	0.636269
118766	0.514448
285440	0.927308
106478	0.311229
106491	0.205117
106519	0.695131
173658	0.550577
202577	0.757250
188546	0.581042
174728	0.718505
413880	1.106903
364828	0.827139
19679	0.780770
176584	0.891938
190655	0.499544
339826	0.365497
164105	0.377841
353278	1.120311
254236	0.798795
390218	0.257248
390250	0.775561
379114	0.548393
99517	0.977265
58674	0.339474
152979	0.937965
37489	0.633830
207667	1.001712
60442	0.285590
330004	0.784696
61143	0.335492
180649	0.373447
281438	0.551947
40918	0.421196
89592	0.593478
222651	0.656847
358531	0.507439
383297	0.573889
116772	0.731082
346075	0.477305

2013081319210000011	1.598167
2013081319210000011	201308131921	http://www.newsday.com/entertainment/music/mtv-vmas-adds-miley-cyrus-robin-thicke-to-list-of-performers-1.5883439	MTV VMAs adds Miley Cyrus , Robin Thicke to list of performers
250	0.725135
77701	0.577883
260457	0.302116
284732	0.320839
334397	0.814120
45686	0.652660
297831	0.788175
225709	0.440422
172094	0.247106
386176	0.807255
16574	0.431023
349187	0.722465
187026	0.263308
374861	0.823027
201406	0.310672
18283	0.930734
174437	0.418452
364828	0.646897
136085	0.247771
149474	0.462285
19893	0.582506
253347	0.687268
70709	0.828744
55245	0.673843
176553	0.477418
84573	0.807251
151557	0.924354
164593	0.396405
379114	0.472588
152299	0.432115
152447	0.747004
112198	0.265934
37489	0.494675
193326	0.437045
368608	0.345116
380584	0.732995
60146	0.798939
232787	0.316621
268805	0.655422
10047	0.908056
74242	0.317171
406831	0.460296
88226	0.516727
281438	0.562789
181132	0.439181
181357	0.631854
102164	0.775968
40115	0.352944
40826	0.631016
306392	0.570149
222651	0.606146
382664	0.531424
270743	0.521647
331959	0.945073
247228	0.567038
270985	0.792293
332414	0.769242
383297	0.493877

2013081314410000005	1.597412
2013081314410000005	201308131441	http://www.philly.com/r?19=961&43=332264&44=219400231&32=3796&7=195352&40=http://www.philly.com/philly/business/technology/20130813_ap_44180cce1fb649fdaba9b18b778fd757.html	Spotify 's Top 10 most streamed tracks
42809	0.651391
130869	0.561475
144528	0.308838
144751	0.287317
334448	0.820906
14930	0.840243
285440	0.937211
186121	0.420023
106519	0.618083
262865	0.852287
49513	0.933522
49623	1.115775
239443	1.162205
201406	0.458847
4916	0.867875
228113	0.274687
188546	0.495867
364828	0.862493
364966	1.156027
19679	0.667757
54668	0.715453
242014	0.527703
313645	0.250308
339826	0.418942
55982	0.560398
353278	0.684172
254236	0.758787
379114	0.529923
111873	0.404932
152979	0.833923
126382	0.380803
37489	0.658251
166331	0.313998
207667	1.110714
392018	1.326381
60442	0.244714
392260	0.444014
61143	0.338533
281438	0.533744
222651	0.683519
383297	0.555373
157172	1.228471
64037	0.361118
116772	0.694098
64220	0.349592
42645	0.997830

2013081216370000020	1.563388
2013081216370000020	201308121637	http://www.examiner.com/arts-and-entertainment-in-jackson	Arts & Entertainment in Jackson Articles , Arts & Entertainment News | Examiner.com
45274	1.053078
119994	0.673646
263019	1.263229
107632	0.710897
160988	0.587571
400178	0.460372
389276	0.951267
302233	0.865940
177792	0.780563
23001	0.350639
112709	0.617632
368273	0.416961
37702	0.773278
564407	2.131230
60628	1.166044
126933	0.743810
221219	0.755268
281438	0.781694
182218	0.715634
371124	1.276965
196884	0.708574

2013081216370000019	1.562560
2013081216370000019	201308121637	http://www.examiner.com/celebrity-in-jackson	Celebrity in Jackson Articles , Celebrity News | Examiner.com
360132	0.450968
131537	1.031842
45274	1.033509
132912	0.692501
106360	0.537575
80523	0.376007
17016	0.594659
263019	1.288581
399915	1.697893
69793	0.431658
338559	0.363873
277433	0.480481
389276	1.025496
21354	0.630026
8688	0.402432
112709	0.602307
368273	0.410593
126393	0.803749
37702	0.767021
564407	2.318201
126933	0.740493
221219	0.738833
281438	0.781280
102992	0.400729
371124	1.402346
63999	0.339383

2013081314010000021	1.556395
2013081314010000021	201308131401	http://bostonherald.com/business/media_marketing/2013/08/spotifys_top_10_most_streamed_tracks	Spotify 's Top 10 most streamed tracks | Boston Herald
42809	0.628461
130869	0.549990
144528	0.301022
144751	0.280984
334448	0.802378
14930	0.799911
285440	0.916385
186121	0.410137
106478	0.280639
106519	0.585697
262865	0.828711
49513	0.910108
49519	0.459099
49623	1.081401
239443	1.133761
201406	0.446200
4916	0.847574
228113	0.266549
188546	0.483547
364828	0.842882
364966	1.123185
19679	0.651248
54668	0.699948
242014	0.522071
313645	0.243271
339826	0.408842
55982	0.544810
366403	0.407823
353278	0.674518
254236	0.739668
205481	0.712141
379114	0.516279
111873	0.393699
152979	0.792038
126382	0.370153
37489	0.643069
166331	0.306539
418110	0.399360
207667	1.087757
392018	1.293429
60442	0.237889
392260	0.437216
61143	0.330951
281438	0.520058
62351	0.501856
222651	0.667865
383297	0.541192
157172	1.201619
64037	0.350992
116772	0.677024
64220	0.342596
42645	0.974977

2013081819020000001	1.517110
2013081819020000001	201308181902	http://bbc.co.uk/news/entertainment-arts-23745906	BBC News - Ellie Goulding secures first UK number one single
204388	0.897943
242508	0.499247
190655	0.535067
190723	0.419005
339826	0.329545
130869	0.485084
366403	0.398588
353095	0.365384
248794	0.591899
91693	0.426120
254236	0.721381
390218	0.220326
144528	0.293542
333950	0.521139
35473	0.745440
320625	0.414929
21354	0.521118
131612	0.210689
379114	0.503207
132008	0.477698
36073	0.322778
111873	0.373737
15121	0.792901
57832	0.386867
219920	0.312250
354958	0.233382
186013	0.367584
207667	0.958181
207703	0.486475
355954	0.801868
316603	0.316718
60442	0.260829
60624	0.387324
80523	0.279810
323423	0.713698
38473	0.295665
167168	0.727901
287143	0.667676
187695	0.389576
281438	0.506951
141049	0.471511
350112	0.804410
399904	0.601375
343649	0.830222
233968	0.624967
343776	0.528208
95701	0.531048
188316	0.276015
270234	0.231638
89433	1.230942
89592	0.812000
264657	1.119107
69793	0.286429
175558	0.320142
414527	0.226784
401633	0.537400
122960	0.302304
383297	0.527616
143026	0.509831
259118	0.556655

2013081318390000006	1.473018
2013081318390000006	201308131839	http://m.guardian.co.uk/culture/2013/aug/13/miley-cyrus-tweets-many-faces	The many faces of Miley Cyrus | Katie Rogers
183870	0.540173
13486	0.286473
77578	0.319945
104617	0.327234
296605	0.644366
333892	0.161916
144528	0.207464
396307	0.266955
260457	0.235809
260479	0.779495
144751	0.204188
44381	0.415817
44394	0.186623
92007	0.526334
14444	0.190754
158843	0.458755
44929	0.165365
45415	0.284641
45423	0.440028
347746	0.448312
45992	0.260241
273604	0.365337
46603	0.448864
15628	0.442505
106128	0.180434
361672	0.505171
262117	0.679700
200057	0.359527
66911	0.226539
335500	0.340791
386069	0.249100
172659	0.493298
603018	0.894343
3269	0.457663
107639	0.151743
201406	0.214147
147472	0.314011
227485	0.396348
4281	0.166342
134550	0.729304
51541	0.267122
400362	0.288842
4830	0.187128
400431	0.496367
108750	0.183352
202577	0.445391
53578	0.155189
33890	0.278670
388828	0.562653
388892	0.293601
203623	0.399316
175968	0.439893
365839	0.466065
204630	0.171861
190655	0.331341
35481	0.233984
21354	0.268987
366905	0.275001
164453	0.439030
151727	0.265232
302698	0.166274
254582	0.276387
340828	0.515045
177792	0.296898
254787	0.339554
379114	0.638433
152299	0.187324
390997	0.522749
57932	0.199987
367683	0.593837
354692	0.330654
86413	0.221944
192490	0.332103
391358	0.240587
112563	0.303838
126184	0.316409
207459	0.176806
59401	0.341266
153814	0.310873
60085	0.210294
166623	0.298718
60400	0.240465
154177	0.126922
24355	0.187571
61143	0.220446
208720	0.704984
194293	0.182468
281438	0.417293
269732	0.337561
128322	0.546103
331534	0.197345
168437	0.349333
89547	0.516244
89675	0.168445
358325	0.295237
282907	0.175055
394580	0.166552
196809	0.268028
383297	0.352442
307557	0.474694

2013081216110000009	1.458573
2013081216110000009	201308121611	http://www.latimes.com/features/image/alltherage/la-ar-teen-choice-awards-fashion-winners-losers-20130812,0,4317749.story?track=rss	Teen Choice Awards : Fashion winners and losers - latimes.com
371964	0.384319
346151	0.793989
158022	0.256787
158092	0.618775
144239	0.326086
64882	0.517506
439356	1.140504
91693	0.327282
144751	0.221245
44381	0.402983
14444	0.173964
237231	0.277731
44929	0.183829
158912	0.442096
1545	0.658586
118399	0.280771
321326	0.418809
213362	0.450421
118649	0.364007
132640	0.184988
186013	0.282024
262024	0.255915
30525	0.318813
66911	0.238711
146595	0.681667
323058	0.940080
226612	0.662271
107351	0.149219
107391	0.238493
226796	0.602930
399153	0.722577
80913	1.001740
323759	0.649775
239753	0.380970
364153	0.220030
108750	0.186859
324773	0.199132
300486	0.800024
54389	0.256292
97454	0.260154
415024	0.346875
20354	0.310175
136973	0.232077
6669	0.712686
204784	0.319910
218582	0.773152
416095	0.354969
151566	0.458002
151727	0.247908
807625	1.077760
328016	0.542325
367209	0.534686
379114	0.483416
57440	0.424315
303063	0.794912
206129	0.474974
178317	0.494603
192260	0.305818
99690	0.608980
405075	0.329361
291434	0.483070
417631	0.623804
139478	0.464402
23203	0.492158
87320	0.671455
37645	0.532714
368608	0.388153
153814	0.476030
329676	0.494198
342521	0.308800
73743	0.584378
356124	0.282062
60442	0.248104
392252	0.216008
101042	0.706837
61112	0.648071
304986	0.697309
256907	0.580962
24587	0.283942
281438	0.487578
330753	0.347615
61878	0.381896
39802	0.498840
62066	0.183318
11156	0.425613
40392	0.215032
155936	0.661912
408301	0.639032
357905	0.178768
371055	0.292956
210727	0.382565
358531	0.375854
295171	0.565954
156954	0.630749
196884	0.413349
383297	0.508049
358847	0.311479
259460	0.528927
64220	0.287272
104264	0.679032

2013081314230000001	1.404624
2013081314230000001	201308131423	http://www.denverpost.com/music/ci_23850951/spotifys-top-10-most-streamed-tracks?source=rss	Spotify 's Top 10 most streamed tracks - The Denver Post
42809	0.576551
42887	0.344367
130869	0.510198
320561	0.487950
144528	0.272224
144751	0.258555
44856	0.457921
45240	0.245960
334448	0.736311
14930	0.719947
285440	0.842454
186121	0.374524
106478	0.257722
106519	0.526559
262865	0.739458
49513	0.824092
49519	0.420560
49623	0.995437
239443	1.030048
201406	0.398376
4916	0.774575
228113	0.245597
188546	0.438421
364828	0.772798
364966	1.035915
351738	0.781900
19679	0.590866
54668	0.645308
54801	0.471432
242014	0.506825
313645	0.216499
339826	0.372130
55982	0.485696
366403	0.401816
353278	0.644929
254236	0.669331
205481	0.652894
379114	0.465747
111873	0.351138
206150	0.321247
367485	0.745022
367955	0.697958
231857	0.596334
152979	0.712461
179279	0.621362
126382	0.329700
37489	0.588588
166331	0.279547
418110	0.392518
207667	1.007970
392018	1.185894
60429	0.346193
60442	0.211983
392260	0.415570
61143	0.303973
281438	0.469439
39309	0.312322
128400	0.438976
62351	0.458992
102484	0.419071
222651	0.611804
554456	1.252660
383297	0.488812
157172	1.106750
64037	0.312498
116772	0.614669
64220	0.318516
42645	0.893136

2013081322480000017	1.384540
2013081322480000017	201308132248	http://examiner.com/article/miley-cyrus-to-perform-at-video-music-awards	Miley Cyrus to perform at Video Music Awards - Fresno TV/Movie/DVD | Examiner.com
13917	0.445054
144528	0.359850
131612	0.170694
184840	0.289774
158881	0.583256
45240	0.260556
334448	0.796983
213090	0.603969
261349	0.604907
285440	0.910323
262117	0.570499
67399	0.415310
187026	0.317338
133798	0.528772
17245	0.556571
173658	0.506825
287143	0.411756
95701	0.612213
240710	0.656142
388135	0.464601
69793	0.286164
364828	0.879119
175638	0.758211
136085	0.306447
401633	0.620101
55245	0.794718
190655	0.436900
339826	0.404140
430161	0.822188
218786	0.295575
254236	0.883985
340667	1.213368
111730	0.437375
57800	0.228768
341299	0.576591
125465	0.308771
379544	0.703230
112198	0.306268
328673	0.944872
341543	0.748218
37182	0.519219
37489	0.670017
23773	0.695108
60624	0.446121
87798	0.520820
330004	0.743986
61143	0.328744
208720	0.563344
194293	0.260871
281438	0.692270
40918	0.382629
294315	0.616007
89547	0.509503
222651	0.769872
156694	0.681760
358325	0.435328
408827	0.684075
196884	0.376812
143026	0.393170
283285	0.265735

2013081514360000017	1.376380
2013081514360000017	201308151436	http://feeds.abcnews.com/c/35229/f/654824/s/2ffd6428/sc/1/l/0Labcnews0Bgo0N0CLifestyle0Chottest0Epregnancy0Etrend0Etwerking0Cstory0Did0F19959978/story01.htm	Hottest Pregnancy Trend ? Twerking - ABC News
372394	0.386310
396193	0.336649
360132	0.358448
44381	0.737066
145567	0.321257
273516	0.744322
172094	0.263429
172361	0.661096
298579	0.996974
50126	0.279242
336728	0.368124
275696	0.516938
51541	0.365160
81804	0.531912
68961	0.503573
18447	0.390046
216503	0.527665
122105	0.928984
325148	0.271092
338307	0.315737
217382	0.310237
377090	0.406433
388828	1.104453
189635	1.444621
217740	0.211721
19957	0.682976
55164	0.596020
314194	0.651727
242851	0.829458
353325	0.277792
378486	1.082353
151566	0.429409
379114	0.456601
191822	0.313513
22122	0.242186
57932	0.289146
303374	0.469536
86546	0.255715
231593	0.323408
355366	0.540552
126208	0.862612
342521	0.503413
329886	0.591273
316880	0.515108
232974	0.361400
113643	0.271988
194194	0.537481
281438	0.459889
11271	0.225491
270065	0.835289
40392	0.279451
270234	0.213658
270454	0.324866
408366	0.697147
103009	0.359518
382755	0.732648
196874	0.274581
383297	0.478521
247779	0.271431
13287	0.580006
64164	0.444414
42590	0.661723
27857	0.295602
27893	0.322242

2013081819310000002	1.343012
2013081819310000002	201308181931	http://in.reuters.com/article/2013/08/18/britain-charts-idINDEE97H05Z20130818?feedType=RSS&feedName=entertainmentNews	Royal favourite Goulding grabs first UK chart number one | Reuters
190655	0.401515
190723	0.368159
176903	0.316944
91693	0.470688
260273	0.574123
248958	0.385945
390218	0.202229
137877	0.578280
21354	0.434106
340468	0.386865
44394	0.227832
131612	0.138244
243303	0.580518
72193	0.614940
354066	0.240041
379114	0.445690
191822	0.320598
57976	0.493069
385369	0.345779
112198	0.266703
58461	0.338348
22764	0.531767
354958	0.206283
385610	0.634350
139298	0.283141
79555	0.877921
23001	0.192417
361690	0.518093
214245	0.491327
106491	0.193915
106552	0.540323
133421	0.288543
73671	0.311318
329776	0.268330
60442	0.206427
349133	0.431134
60624	0.372755
73866	0.354563
262945	0.451005
31432	0.464874
61140	0.298520
154674	0.341598
281438	0.448661
363497	0.563170
25156	0.378918
39427	0.428232
350112	0.587028
399904	0.576603
343776	0.396728
161712	0.495927
400178	0.242588
95701	0.511025
69116	0.387828
25790	0.397674
89433	0.897289
222525	0.763886
89592	0.649169
264657	0.901767
69793	0.225473
162688	0.229958
394496	0.515057
401562	0.405659
414527	0.207969
401633	0.517086
401738	0.503091
196884	0.370655
383297	0.466584
289341	0.527033

2013081818070000001	1.292225
2013081818070000001	201308181807	http://in.reuters.com/article/2013/08/18/entertainment-us-britain-charts-idINBRE97H09X20130818?feedType=RSS&feedName=hollywood	Royal favorite Goulding grabs first UK chart number one | Reuters
190655	0.383080
190723	0.353186
91370	0.312464
91693	0.449487
260273	0.543081
248958	0.367205
390218	0.193107
137877	0.559499
21354	0.416239
44394	0.274087
131612	0.160906
243303	0.551719
72193	0.583017
354066	0.217486
379114	0.428680
191822	0.307873
297398	0.601145
57832	0.356051
125416	0.158498
57976	0.468047
385369	0.328766
112198	0.255124
58461	0.323807
219920	0.287508
22764	0.509638
354958	0.199457
385610	0.603099
139298	0.268903
79555	0.830679
361690	0.496294
214245	0.471111
106491	0.184017
106552	0.511971
398375	0.354276
133421	0.279723
73671	0.348789
60442	0.230321
349133	0.409516
60624	0.359127
73866	0.377429
87798	0.301302
262945	0.428530
31432	0.441853
61140	0.270535
154674	0.324061
68279	0.588863
281438	0.431773
194483	0.453256
363497	0.533013
25156	0.360396
39427	0.405413
350112	0.558314
399904	0.556832
343776	0.378672
161712	0.470324
400178	0.219924
95701	0.492623
69116	0.367586
388135	0.307434
89433	0.854043
109156	0.386671
246925	0.341765
222525	0.722390
89592	0.662149
264657	0.860029
26667	0.374240
69793	0.261041
394496	0.493152
414527	0.198761
401633	0.498758
401738	0.476418
196884	0.356316
383297	0.449271
90927	0.350068

2013081422070000006	1.269111
2013081422070000006	201308142207	http://feeds.huffingtonpost.com/~r/HP/media/~3/OOxsDZMnD8E/gilbert-gottfried-twogging_n_3757451.html	Gilbert Gottfried Twogging : Comedian Demonstrates The Latest Dance Craze ( VIDEO )
832751	1.679107
211883	0.407806
77667	0.463651
533	0.284275
198084	0.425058
144151	0.621454
333889	0.641613
144528	0.223004
320606	0.319433
372762	0.310671
360132	0.195750
144750	0.207220
184731	0.568009
14444	0.152608
29025	0.313786
44746	0.253506
78431	0.307828
360636	0.443539
45418	0.306200
118569	0.351191
411246	0.349734
172094	0.263070
106360	0.231856
67034	0.528203
47936	0.188904
106582	0.660627
48666	0.284725
48684	0.262727
48986	0.503633
120557	0.386468
50126	0.250760
349571	0.314076
400220	0.394075
188897	0.207404
400887	0.264811
53578	0.163714
277158	0.250196
149538	0.466392
388828	0.657962
338808	0.253913
217740	0.152679
204132	0.388383
313645	0.153908
301658	0.569380
20354	0.274044
55620	0.671818
366066	0.268409
190684	0.234380
190713	0.212610
84737	0.237281
124286	0.548519
403498	0.277700
378486	0.899424
124610	0.270333
353773	0.387363
191555	0.454925
379114	0.420476
231030	0.448205
354284	0.232509
404633	0.279502
379743	0.347248
354863	0.342880
86695	0.400530
86700	0.287202
23001	0.131515
37186	0.325622
112976	0.350543
126421	0.472045
59947	0.639312
9636	0.449211
418315	0.549025
60210	0.157898
329886	0.359299
342770	0.345067
180385	0.345247
330269	0.588831
356726	0.309877
180760	0.170782
180801	0.187850
281438	0.424317
194525	0.355503
369789	0.496926
305509	0.670190
39717	0.655032
40230	0.445836
270065	0.604139
40507	0.207794
195497	0.552524
195531	0.233334
331534	0.225116
41158	0.396841
75825	0.208248
26503	0.467384
394238	0.188213
210712	1.056610
116023	0.298991
76431	0.301379
358575	0.143980
247687	0.378211
383297	0.442364

2013081219070000009	1.254063
2013081219070000009	201308121907	http://www.huffingtonpost.com/2013/08/12/harry-styles-twerks_n_3744604.html?utm_hp_ref=celebrity&ir=Celebrity	Harry Styles Twerking At 2013 Teen Choice Awards ( VIDEO )
359586	0.342482
64882	0.774882
260269	0.283649
248961	0.696048
144528	0.179742
260457	0.246636
360132	0.184546
44848	0.342070
237231	0.425204
347748	0.273999
46009	0.561909
273648	0.782322
397731	0.301523
262024	0.391378
172094	0.236176
106360	0.257114
322388	0.449913
226187	0.920079
160297	0.748622
187026	0.190428
362687	0.712810
80523	0.292307
80624	0.444181
298861	0.522424
363221	0.362468
412765	0.429442
68392	0.636047
387334	0.723769
51334	0.520113
108673	0.205350
108695	0.617161
69293	0.770358
135273	0.900516
33162	0.473281
188934	0.787875
252802	0.848295
228928	0.220352
388828	0.707618
54389	0.391533
217730	0.356021
83605	0.394733
54649	0.441514
84010	0.399680
229543	0.603448
402630	0.903136
204673	0.503722
278128	0.547211
190655	0.269982
339826	0.201366
218582	0.893484
254236	0.442651
151566	0.519127
21524	0.278628
56978	0.389923
278919	0.613171
243479	0.629103
328061	0.433945
267103	0.522871
379114	0.415369
303063	0.667123
72453	0.300433
165060	0.621670
111983	0.629449
303233	0.488725
152472	0.625251
112198	0.174794
391358	0.348538
255623	0.414862
153138	0.365004
368608	0.453084
153814	0.526071
140167	0.510372
392260	0.166150
24355	0.123317
317092	0.297023
61112	0.542625
304988	0.889294
256907	0.424055
180649	0.273982
343261	0.380395
180950	0.737470
281438	0.419347
269530	0.761638
281659	0.723530
370026	0.977811
195147	0.577520
62066	0.222772
407821	0.968378
181924	0.481000
40918	0.424819
420170	0.287717
222459	0.993676
408330	0.594868
408636	0.740523
258755	0.589593
76280	0.334748
358531	0.494161
383297	0.437374
394999	0.280745
371881	0.992958

2013081103370000001	1.251254
2013081103370000001	201308110337	http://au.news.yahoo.com/a/-/business/18451510/avicii-still-sits-atop-aria-singles-chart/	Avicii still sits atop ARIA singles chart - Yahoo ! 7
204388	0.739593
42887	0.329260
117030	0.650272
42945	0.467061
301986	0.617585
339826	0.273822
130869	0.417915
144232	0.259129
353278	0.572860
91698	0.664053
254236	0.600524
144528	0.244134
21354	0.284191
144751	0.203399
14444	0.167838
131612	0.199960
416436	0.522157
44856	0.471695
44929	0.129321
379039	0.988372
45240	0.295683
45260	0.803567
334448	0.552578
379114	0.414785
36073	0.269182
111873	0.314765
367485	0.669781
8334	0.243535
321614	0.280138
285440	0.633151
379743	0.381939
58501	0.881876
354958	0.208927
405245	0.676400
58674	0.222623
93679	0.323705
37489	0.437975
59549	1.100528
59570	0.613310
207667	0.940317
406190	0.437882
316603	0.235532
60400	0.293264
60442	0.237838
336057	0.802012
17016	0.335669
461373	0.958328
263148	0.440367
49825	0.155369
342943	0.385875
375099	0.409451
50003	0.425249
215292	0.425498
74203	0.350754
61143	0.228286
113851	0.938733
31896	0.236040
50705	0.914110
161194	0.496124
287143	0.558960
281438	0.418235
141049	0.426227
39309	0.281442
350112	0.493480
343776	0.341354
141615	0.228661
135085	0.922494
344136	0.238626
40507	0.266163
257911	0.899788
82182	0.344862
188546	0.373274
270439	0.359741
115282	0.395409
168394	0.486378
89433	0.756506
331600	0.238183
148810	0.312569
89592	0.588198
89734	0.344146
264657	0.619618
222651	0.455549
364828	0.575809
41556	0.667838
344842	0.654704
175386	0.338369
175415	0.271621
19679	0.503131
383297	0.435667
345421	0.329549
143026	0.304321
12925	0.975041
409149	0.275962
70555	0.354923
54785	0.426658
42578	0.297309

2013081523020000007	1.236952
2013081523020000007	201308152302	http://www.cbsnews.com/8301-207_162-57598758/justin-timberlake-to-perform-at-mtv-video-music-awards/	Justin Timberlake to perform at MTV Video Music Awards - CBS News
272299	0.477928
91693	0.360492
260457	0.420004
144751	0.187337
170731	0.273234
144838	0.225736
78446	0.232803
237231	0.379501
397731	0.316743
262024	0.350008
186121	0.361046
172094	0.417533
172474	0.480587
386441	0.304677
107400	0.381911
50251	0.228171
50387	0.179442
287143	0.484151
239924	0.793111
51541	0.357899
216312	0.342421
4916	0.746782
202577	0.998102
69793	0.217045
364828	0.566442
135809	0.388034
69907	0.317459
241639	0.545983
54389	0.350838
401981	0.684024
217740	0.205162
55245	0.683745
218582	0.564242
390250	0.907861
390301	0.373544
151566	0.405327
354066	0.200146
404263	0.337767
379114	0.410279
125347	0.534675
125416	0.150809
112198	0.366109
8630	0.404412
22723	0.664928
37489	0.431624
368608	0.511190
153814	0.318817
60487	0.318477
392252	0.222182
268805	0.842878
281438	0.413336
330753	0.398054
293483	0.609470
39521	0.462867
40049	0.262793
141615	0.281481
305867	0.163894
62351	0.442571
195451	0.153206
40918	0.314201
294315	0.516848
222651	0.448543
168729	0.448355
394238	0.256087
247228	0.736309
247281	0.331457
306930	0.400580
383297	0.430190
196994	0.279410
197081	0.325038
358826	0.472140
63999	0.242859
42645	0.698366
346075	0.556899

2013081622270000004	1.220463
2013081622270000004	201308162227	http://www.washingtonpost.com/blogs/soccer-insider/wp/2013/08/16/maryland-terrapins-lose-two-key-players/	Maryland Terrapins lose two key players
43550	0.411638
260708	0.383427
308780	0.329296
284874	0.547427
45349	0.354017
397340	0.170233
47812	0.313935
348556	0.325542
386069	0.336473
93891	0.323306
335800	0.643252
187026	0.357707
120809	0.303593
187805	0.273899
4281	0.228867
350070	0.516625
51423	0.708360
215972	0.191908
399972	1.288778
51985	0.460702
228113	0.229019
202610	1.120319
188648	0.319939
162310	0.370317
52934	0.451840
122960	0.300816
150302	0.705530
403586	0.906897
151674	0.289542
22122	0.224661
191946	0.476069
206243	0.730613
125465	0.327281
231593	0.381731
354958	0.221136
231813	0.870158
303756	0.340341
86999	0.264741
355353	0.402325
112909	0.378729
166331	0.233689
87410	0.624726
23658	0.602444
245404	0.576977
292672	0.430568
180767	0.293634
269411	0.490052
281438	0.610232
88960	1.056292
167930	0.463939
11271	0.218230
141875	0.507982
182124	0.395708
12166	0.294616
420625	0.434570
235197	0.797017
358256	0.411598
318976	0.357231
282975	0.430270
358531	0.459338
129738	0.490714
283285	0.277267
197387	0.296015
64120	0.375739
64220	0.292956

2013081218500000010	1.210015
2013081218500000010	201308121850	http://www.latimes.com/entertainment/news/la-et-ct-teen-choice-awards-take-twitter-by-storm-20130812,0,7946532.story?track=rss	Teen Choice Awards take Twitter by storm - latimes.com
91693	0.326118
248961	0.652983
78177	0.471338
144751	0.194132
260602	0.545208
131612	0.146702
65468	0.430375
78406	0.226081
334345	0.307524
45240	0.344211
213099	0.645150
45992	0.263878
397731	0.315027
47377	0.457856
106360	0.280840
200252	0.354646
200293	0.497507
322656	0.612924
160297	0.700655
238951	0.359066
374905	0.218739
107552	0.548113
17419	0.310476
363221	0.737791
187805	0.251748
287512	0.541519
18226	0.429271
69293	0.643865
148888	0.489408
203213	0.289312
175476	0.502056
388828	0.567340
401738	0.461544
388892	0.568689
253131	0.501113
54649	0.658573
55245	0.493000
313645	0.228491
84010	0.335499
366013	0.571746
204630	0.242346
218582	0.887474
302333	0.522048
243016	0.448372
111175	0.298288
151566	0.508976
151655	0.433993
403905	0.597127
72024	0.551267
327980	0.284689
354066	0.210987
267103	0.491666
379114	0.401358
303233	0.727553
58336	0.286336
152669	0.280107
391358	0.280855
165807	0.261073
59458	0.335689
368608	0.496363
153814	0.524506
73671	0.288552
316603	0.274545
329886	0.346094
24355	0.164271
194293	0.263050
38841	0.273574
281438	0.404329
40264	0.431040
11271	0.187753
210578	0.216658
210739	0.340285
358575	0.177144
196884	0.374331
383275	0.609328
383297	0.420794
104205	0.740479

2013081702420000006	1.192951
2013081702420000006	201308170242	http://www.examiner.com/article/jennifer-lopez-returning-to-american-idol-according-to-boyfriend?cid=rss	Jennifer Lopez returning to ` American Idol ' according to boyfriend - National Performing Arts | Examiner.com
43078	1.245884
170025	0.672457
320137	0.287607
130752	0.281799
359696	0.487426
308359	0.711430
44394	0.205925
184840	0.328571
272968	0.192551
1433	0.816350
78594	0.345675
78700	0.483652
213362	0.455065
132640	0.223237
309950	0.382592
47377	0.580430
322296	0.493337
106360	0.311755
172486	0.328638
398375	0.354101
322918	0.726296
386433	0.423593
374937	0.507937
17245	0.405103
386873	0.688289
147472	0.378168
375879	0.377384
174437	0.349080
18447	0.457848
364377	0.384551
148891	0.348801
148957	0.387230
69882	0.820183
69907	0.325476
203648	0.563621
253123	0.954174
365914	0.739019
34697	0.666638
190684	0.456201
71579	1.048113
390218	0.225126
218932	0.305371
302698	0.337154
56849	0.312582
111415	0.679168
57162	0.413872
35929	0.464855
379114	0.395850
206186	0.357734
86195	0.377138
125641	0.893089
405075	0.362969
255460	0.186277
139299	0.357283
23001	0.222738
220185	0.613118
355353	0.346754
37182	0.475666
37348	0.385057
268223	0.754583
245491	0.724353
281438	0.398550
39364	0.448897
39717	0.482753
270234	0.256918
102561	0.431393
318347	0.548839
394046	0.540237
12015	0.463233
89730	0.409485
156694	0.518623
196809	0.341818
383297	0.414538
235644	0.401044
283285	0.274028
394999	0.386495

2013081312120000006	1.156339
2013081312120000006	201308131212	http://fashion.telegraph.co.uk/news-features/TMG10239960/Cara-Delevingne-reluctant-model-of-the-moment.html	Cara Delevingne : reluctant model-of-the-moment - Telegraph
183870	0.670413
359263	0.306438
485312	0.980996
395557	0.516617
359421	0.504987
130854	0.270537
260457	0.256530
91922	0.800716
44307	0.657586
144751	0.181622
131612	0.178268
29100	0.358209
360626	0.214704
45285	0.393863
45338	0.745453
14979	0.343762
185627	0.810592
2179	0.902710
397340	0.174661
297842	0.316831
397609	0.233501
146138	0.387297
361749	0.438759
262117	0.481328
298181	0.650731
200252	0.337149
17030	0.743510
107351	0.171228
17375	0.663509
120809	0.291684
173716	0.410908
324012	0.971522
148612	0.322695
109062	0.850583
148891	0.302624
175333	0.303234
203213	0.320826
175558	0.343345
33890	0.346441
122960	0.267455
351999	0.321298
289016	0.282004
415024	0.409516
97969	0.407703
313962	0.833366
190583	0.374637
339678	0.923446
340217	0.434474
205446	0.635899
378912	0.389009
379114	0.383626
290794	0.307283
86265	0.398937
219710	0.812194
22525	0.703445
72816	0.247071
192490	0.382662
8679	0.504036
37186	0.456176
37819	0.326863
87798	0.321698
154177	0.174956
166981	0.625239
406766	0.912900
233261	0.673174
208720	0.474892
317369	0.251886
24761	0.362683
180801	0.315127
281438	0.386357
407476	0.467679
155567	0.662064
195104	0.372928
11291	0.682705
40507	0.233840
40622	0.303680
41104	0.565832
89547	0.436322
195890	1.075682
196150	0.904396
196182	0.524385
383297	0.401976
90728	0.548024

2013081618200000006	1.152018
2013081618200000006	201308161820	http://www.latimes.com/entertainment/la-et-mg-amanda-seyfried-dating-justin-long-20130816,0,1519803.story?track=rss	Amanda Seyfried reportedly dating actor Justin Long - latimes.com
157870	0.673955
320180	0.698072
346620	1.139970
131200	0.765633
260457	0.261781
396346	0.663470
144750	0.231106
144751	0.244057
198684	0.297169
198685	0.437655
14444	0.163938
144838	0.216790
78406	0.194888
105259	0.794421
44929	0.169204
45240	0.225851
92412	0.504362
273398	0.482219
45992	0.234229
79054	0.297480
397340	0.132566
132640	0.177817
361621	0.583891
262437	0.396460
412108	0.728680
349060	0.275465
187026	0.254189
107236	0.437813
80523	0.222063
386790	0.299977
49831	0.604422
17245	0.393976
31907	0.725267
50381	0.298566
187481	0.368206
187556	0.226499
17934	0.321146
81604	0.353210
95343	0.670794
147987	0.372412
18447	0.331243
287764	0.589019
108745	0.327581
175415	0.272237
83010	0.290098
136333	0.297055
351949	0.353224
338923	1.100132
217769	0.522457
54797	0.517305
402516	0.643389
55612	0.266703
254079	0.320239
289983	0.568566
254316	0.624468
35481	0.194683
85358	0.380284
254707	0.503757
35943	0.490504
354066	0.141633
191765	0.223949
379114	0.381890
191822	0.290887
206183	0.297725
125416	0.204172
532172	1.111088
846589	1.187834
112771	0.451679
316086	0.541253
37182	0.384041
23392	0.428011
193336	0.224577
329780	0.406306
280740	0.347132
154177	0.191447
61023	0.170221
61090	0.458324
61140	0.246836
127667	0.361379
281438	0.385064
11112	0.438511
382076	0.512361
234379	0.468351
270234	0.185186
62474	1.036092
408103	0.717334
210037	0.644308
234666	0.293474
156694	0.505132
394580	0.260405
76493	0.443861
196874	0.224887
383297	0.401111
196966	0.638100
157317	0.304594
346075	0.504461

2013081113500000002	1.144804
2013081113500000002	201308111350	http://www.denverpost.com/breakingnews/ci_23822506/2-colorado-powerball-tickets-win-2-million-each?source=rss	2 Colorado Powerball tickets win $ 2 million each - The Denver Post
44150	0.766453
44394	0.257847
297090	1.037313
360626	0.268906
1845	0.471674
249787	0.331242
185739	0.510340
335500	0.550635
106478	0.346136
172457	0.654701
120367	0.262390
215529	0.767760
215972	0.204937
400181	0.428551
288170	0.739793
414224	1.183340
203698	0.914288
217740	0.248838
97454	0.352557
20310	0.516799
218169	0.289081
190723	0.631532
390218	0.262329
366907	0.333306
85286	0.943504
138014	0.630864
354066	0.206110
219457	0.688602
206150	0.438102
291300	0.427891
72845	1.076744
112369	0.618334
354958	0.313278
192658	0.672185
355241	0.437372
153077	0.418877
9384	0.265334
37625	0.703384
355972	0.822648
9768	0.829069
60603	0.412048
24675	0.408477
281438	0.572402
293479	0.738044
155350	0.419664
128618	0.552889

2013081502310000008	1.142420
2013081502310000008	201308150231	http://www.huffingtonpost.com/2013/08/14/chloe-grace-moretz-conan-obrien_n_3757763.html?utm_hp_ref=celebrity&ir=Celebrity	Chloe Grace Moretz , ` Kick-Ass 2 ' Star , Shows Off Butterfly Knife Skills On ` Conan ' ( VIDEO )
359586	0.329029
64882	0.745202
260269	0.272504
248961	0.635972
260457	0.236951
360132	0.177809
144751	0.142305
44848	0.328586
237231	0.408917
347748	0.263295
46009	0.513554
361239	0.918787
273648	0.751536
185937	0.258440
397731	0.289779
262024	0.376387
172094	0.187801
106360	0.247006
322388	0.432206
226187	0.884259
160297	0.683988
48822	0.620412
362687	0.684710
80523	0.281021
363221	0.348158
412765	0.412621
239705	0.800510
68392	0.611119
387334	0.695237
51334	0.499671
148424	0.528491
108673	0.197256
108695	0.564034
135273	0.822973
188934	0.756870
217160	0.566250
252802	0.815542
228928	0.211656
388828	0.421725
54389	0.376535
217730	0.342162
83605	0.379209
54649	0.424083
189896	0.522732
229543	0.579662
402630	0.867820
204673	0.483898
278128	0.525641
190655	0.259328
218582	0.823533
110981	0.317423
151566	0.482294
278919	0.589086
267103	0.477757
379114	0.378404
303063	0.641026
165060	0.597468
111983	0.604593
303233	0.469430
152472	0.600692
391358	0.210487
279805	0.459224
255623	0.398557
179036	0.625788
153095	0.694663
153138	0.350612
368608	0.421810
153814	0.490615
140167	0.490325
392260	0.159593
256441	0.834294
24355	0.118450
317092	0.285329
61112	0.521399
304988	0.854520
256907	0.407467
180649	0.263244
194242	0.373348
343261	0.365424
180950	0.708389
281438	0.382008
269530	0.732240
281659	0.695093
370026	0.940057
195147	0.554747
62066	0.214138
407821	0.931286
40867	0.531177
40918	0.408546
420170	0.276516
222459	0.955307
408330	0.571474
408636	0.712155
258755	0.566538
358531	0.475087
383297	0.398409
394999	0.269679
42460	0.296046
395288	0.373340
371881	0.954630

2013081023050000001	1.130066
2013081023050000001	201308102305	http://blogs.denverpost.com/eletters/2013/08/10/tipping-for-service/24525/	Tipping for service | eLetters -- The Denver Post
130799	0.503098
14141	0.433449
272556	0.388789
117776	0.650603
117788	0.740792
334525	0.533286
322637	0.402939
322815	0.626562
48574	0.457773
215030	0.214289
362853	0.553012
201406	0.384268
239816	0.330196
51272	0.292326
82182	0.464295
216481	0.437142
121956	0.707154
364377	0.522156
96186	0.375725
288170	0.742191
338307	0.324862
401559	0.401561
288771	0.471820
97213	0.490376
6099	0.441243
217740	0.317920
366403	0.449144
278571	0.860070
7449	0.843244
71996	0.251644
57837	0.277556
72845	1.063229
192658	0.800139
355241	0.349782
207151	0.327842
207211	0.490852
87161	1.137936
73500	0.337780
60499	0.754445
180760	0.296881
194313	0.446704
281438	0.565033
606186	1.558267
282724	0.340629
282824	0.771235
282861	0.687230
383186	0.283806
247779	0.406105
259564	0.866725

2013081300190000010	1.106633
2013081300190000010	201308130019	http://examiner.com/article/music-artists-highlight-the-night-at-teen-choice-awards-2013	Music artists highlight the night at Teen Choice Awards 2013 - Los Angeles Music | Examiner.com
91370	0.309954
13917	0.477487
64882	0.446008
260269	0.354732
248961	0.560307
260457	0.377904
360132	0.194027
144751	0.160120
44381	0.360012
260716	0.373671
237231	0.247301
45240	0.284637
92487	0.327481
45423	0.381210
65944	0.172221
45992	0.230709
46009	0.451308
92827	0.504112
261349	0.388855
397731	0.333156
262024	0.227879
186121	0.277411
106360	0.240078
200252	0.254680
322656	0.440203
160297	0.602359
172659	0.427628
187026	0.234077
201087	0.324654
215030	0.187575
80624	0.630053
275152	0.424163
187202	0.864633
201406	0.226246
363221	0.508795
324068	0.506955
18029	0.291853
4916	0.574127
108695	0.495461
108750	0.176779
135273	0.722614
33162	0.671269
388135	0.310636
377090	0.344945
97199	0.636584
54389	0.228219
204032	0.275275
415024	0.308628
313645	0.142160
229543	0.596141
176505	0.251740
378011	0.448965
278128	0.540759
339720	0.412999
190655	0.446732
218582	0.493802
243016	0.453246
21354	0.332582
151566	0.396636
416249	0.979246
302638	0.657716
340569	0.202541
205568	0.183411
21524	0.306714
85358	0.323002
56978	0.443464
243479	0.691774
328061	0.616096
267103	0.421090
404263	0.296905
379114	0.366864
177882	0.848757
111983	0.742963
57800	0.161588
112198	0.245043
8630	0.427907
58336	0.204911
58464	0.297249
355346	0.200373
368608	0.458527
153814	0.594398
317092	0.386556
269101	0.441091
38841	0.300616
281438	0.369885
88918	0.425050
62351	0.340451
195451	0.141648
370378	0.220620
181924	0.681526
247281	0.357629
408827	0.439654
383297	0.385269
247779	0.205424
247837	0.297837
394999	0.289475
63999	0.199593
104205	0.462467
42645	0.536280
346075	0.306134

2013081215100000004	1.105107
2013081215100000004	201308121510	http://www.newsday.com/michele-dedicates-teen-choice-award-to-monteith-1.5871217	Michele dedicates Teen Choice Award to Monteith
250	0.433929
77701	0.329305
130858	0.317065
144528	0.182992
144751	0.174514
347244	0.574298
308626	0.363461
296978	0.558225
78406	0.198857
78446	0.160950
45240	0.258096
334448	0.432211
45486	0.222777
45686	0.548785
92827	0.555711
285440	0.495841
261712	0.447234
297831	0.356704
145972	0.503927
132640	0.235006
322241	0.390631
106360	0.286511
298316	0.187842
322656	0.504775
16574	0.257227
298576	0.721011
119994	0.259535
238951	0.254856
349187	0.431739
133695	0.236495
187026	0.244863
375008	0.252460
201406	0.271391
17419	0.192308
363221	0.548312
187481	0.261330
95147	0.614972
51520	0.302935
18226	0.388504
337280	0.583901
364402	0.597370
413880	0.523523
52650	0.307820
364828	0.455286
277085	0.758080
19641	0.475862
217790	0.294238
176553	0.215354
339720	0.289046
190655	0.407490
339826	0.205148
218582	0.747847
302344	0.742150
254236	0.450339
243016	0.347957
35481	0.166409
21354	0.219496
151566	0.439921
85538	0.286725
379114	0.316101
112198	0.188214
58336	0.213777
22772	0.328077
152965	0.466041
355241	0.342100
303963	0.154677
37489	0.345856
368608	0.383891
153814	0.450723
316603	0.213039
60411	0.297748
60442	0.171353
73866	0.185805
208200	0.385162
256684	0.551623
61023	0.157614
61143	0.178668
281438	0.394503
317506	0.562300
181132	0.343100
39378	0.367824
181276	0.525703
102164	0.624755
40049	0.255306
62066	0.157867
40115	0.235866
40918	0.280066
182153	0.491889
89584	0.296199
222651	0.447122
270743	0.414673
371000	0.246387
394364	0.484607
408636	0.487184
247498	0.559824
196884	0.264275
383297	0.332366
247779	0.184570
211346	0.216605
104205	0.574461

2013081423020000011	1.098020
2013081423020000011	201308142302	http://blogs.denverpost.com/eletters/2013/08/14/messiahs-name-already-in-use/24675/	Messiah 's name already in use
130301	1.253061
42695	0.560076
236636	0.392333
359865	0.708849
117788	0.537981
117916	0.440218
44514	0.494485
44856	0.467515
78594	0.311554
131902	0.674156
185524	0.572200
669044	1.028538
322104	0.629108
309950	0.387855
336001	0.583243
251186	1.009973
107378	0.675555
107391	0.303001
94705	0.603198
201406	0.326624
251392	0.792204
120809	0.285650
187805	0.269984
4281	0.417481
216159	0.675845
216497	0.745933
300201	0.914927
350950	0.392713
252493	0.980154
288170	0.480468
338352	0.664658
135953	0.585239
351670	0.954972
377099	0.375225
338808	0.340135
217740	0.203183
55164	0.393404
6545	0.526805
150581	0.305873
278076	0.472168
809319	1.320187
327003	0.736086
366403	0.362077
266575	0.480495
218939	1.375138
98887	0.468077
366925	0.315671
206058	0.571744
207151	0.259782
207211	0.466257
139476	0.363286
255837	0.715978
153366	0.484071
153368	0.435775
166612	0.406609
60210	0.180975
342698	0.304821
180760	0.241344
281438	0.549010
39309	0.316585
357077	0.569528
102102	0.677261
40143	0.472515
305867	0.179308
89675	0.230350
408637	0.343522
247752	0.859775
247779	0.309966
345590	0.299656
42578	0.341747

2013081421470000003	1.095117
2013081421470000003	201308142147	http://www.nydailynews.com/entertainment/music-arts/paul-mccartney-set-perform-iheartradio-music-festival-article-1.1426985	Paul McCartney set to perform at iHeartRadio music festival - NY Daily News
42955	0.308480
260457	0.408491
14444	0.177381
1443	0.226704
373300	0.231847
237594	0.571445
79054	0.523816
285352	0.821164
46752	0.713576
397731	0.255002
47269	0.315238
186121	0.318565
119308	0.312088
106360	0.268572
79957	0.588774
322778	0.428868
250888	0.505608
349049	0.626346
49048	0.413600
386544	0.461984
49305	0.274592
80551	0.237748
374937	0.408691
275152	0.561841
50126	0.236324
68170	0.558796
50387	0.160675
173820	0.670691
161431	0.567262
121417	0.315291
337280	1.112057
400181	0.297127
4725	0.539875
188358	0.539588
33069	0.468542
174728	0.524764
325219	0.791079
241096	0.473239
122466	0.455418
69996	0.630907
33890	0.349148
54108	0.411991
54801	0.411926
55412	0.537562
55612	0.279284
150581	0.276640
229713	0.296421
415451	0.392536
314376	0.210778
353534	0.772896
164348	0.485577
403715	0.629562
205534	0.429054
353773	0.437612
290637	0.593364
35929	0.374232
379114	0.363007
178342	0.529661
112198	0.399481
255460	0.258374
367955	0.610515
58736	0.320032
231857	0.520507
153077	0.295606
316603	0.240693
100858	0.431577
60442	0.167575
418548	0.511545
245491	0.583467
281438	0.366055
407656	0.829334
305867	0.143546
195451	0.168733
40676	0.515786
25959	0.631130
222359	0.402289
393840	0.528566
234624	0.390396
306271	0.438732
89588	0.208729
294454	0.343774
168639	0.347648
12166	0.224641
371015	0.332938
318896	0.623927
332170	0.307614
223295	0.647328
197081	0.384898
259269	0.811787
130040	0.385763
64037	0.312947
42460	0.391002

2013081420470000013	1.083862
2013081420470000013	201308142047	http://www.nydailynews.com/entertainment/music-arts/paul-mccartney-set-perform-iheartradio-music-festival-article-1.1426985	Paul McCartney set to perform at iHeartRadio music festival - NY Daily News
42955	0.304879
260457	0.403358
14444	0.175210
1443	0.223738
373300	0.227054
237594	0.564861
79054	0.517344
285352	0.814678
46752	0.705789
397731	0.252360
47269	0.311786
186121	0.314810
119308	0.308084
106360	0.265436
79957	0.581856
322778	0.424154
250888	0.508052
349049	0.618068
49048	0.409162
386544	0.456949
49305	0.271470
80551	0.234870
374937	0.404129
275152	0.557318
50126	0.238007
68170	0.561635
50387	0.158534
173820	0.662963
161431	0.570285
121417	0.308781
337280	1.098051
400181	0.299131
4725	0.533827
188358	0.532387
33069	0.462613
174728	0.518560
325219	0.781185
241096	0.476343
122466	0.449641
69996	0.623737
33890	0.344829
54108	0.406753
54801	0.407026
55412	0.531326
55612	0.276138
150581	0.273507
229713	0.293075
415451	0.388059
314376	0.208092
353534	0.762764
164348	0.489317
403715	0.624687
205534	0.423419
353773	0.440896
290637	0.586415
35929	0.370071
379114	0.359265
178342	0.523143
138868	0.638132
112198	0.394525
255460	0.255406
367955	0.603276
58736	0.316672
231857	0.514297
153077	0.292188
316603	0.238177
100858	0.426814
60442	0.165559
418548	0.505793
369092	0.605801
245491	0.577003
281438	0.362299
407656	0.818484
305867	0.141766
195451	0.166804
40676	0.519076
25959	0.623907
222359	0.404854
393840	0.532430
234624	0.385981
306271	0.433799
89588	0.205987
294454	0.339827
168639	0.343158
12166	0.218738
371015	0.330283
318896	0.619145
332170	0.305208
223295	0.640234
383297	0.377447
197081	0.380092
259269	0.802977
130040	0.380883
64037	0.309001
42460	0.386108

2013081706570000001	1.059179
2013081706570000001	201308170657	http://feeds.abcnews.com/c/35229/f/654836/s/300d90f5/sc/38/l/0Labcnews0Bgo0N0C20A20A0Cvideo0Ckids0Etweet0Edarndest0Ethings0E19988358/story01.htm	Kids Tweet the Darndest Things | Video - ABC News
28017	0.990496
43446	0.385121
260155	0.203650
144483	0.260503
144528	0.171616
333947	0.260245
131435	0.318747
360132	0.264233
144751	0.225490
184784	0.733371
44929	0.143515
29242	0.706287
14783	0.612361
46174	0.211001
334774	0.407192
309950	0.329210
172093	0.295243
106400	0.144026
47683	0.135652
374442	0.588723
48574	0.330216
386404	0.208145
823943	0.900003
119994	0.227151
49617	0.248093
107400	0.267373
17205	0.389491
50126	0.199800
50387	0.150713
227631	0.429876
400178	0.202822
337405	0.353214
69116	0.235640
337483	0.328110
82182	0.283840
388135	0.231467
300532	0.227947
376806	0.266264
135809	0.387514
241639	0.356055
388892	0.378718
253131	0.343871
136333	0.176404
217740	0.171139
70555	0.380205
136658	0.378023
218169	0.171168
204630	0.155800
415446	0.298200
353325	0.243168
35481	0.174879
151461	0.235618
124610	0.247943
390486	0.185614
379114	0.334377
205993	0.586337
206022	0.336953
267352	0.749347
125416	0.170406
354692	0.276861
86413	0.232893
22772	0.260492
329005	0.346077
112563	0.273973
207151	0.157213
139476	0.215238
153217	0.489806
342390	0.234961
60085	0.171588
329913	0.400843
154177	0.132348
126978	0.520707
127052	0.391829
180751	0.174989
61441	0.204391
281438	0.362401
39498	0.414464
343744	0.145896
39715	0.175529
209372	0.174544
141615	0.268474
40283	0.196531
11270	0.330223
40713	0.289628
102498	0.390939
11756	0.336332
246833	0.506529
270454	0.232250
234666	0.243679
26330	0.246663
12066	0.260663
129025	0.241908
358575	0.185613
383297	0.351562
247779	0.225296
116450	0.575147
63999	0.133072
64164	0.318250
64242	0.424205
169743	0.403356

2013081103410000004	1.038025
2013081103410000004	201308110341	http://www.examiner.com/article/eydie-gorme-classic-song-stylist-dies-at-84?cid=rss	Eydie Gorme , classic song stylist , dies at 84 - National classic rock music | Examiner.com
136973	0.250645
176505	0.304761
366066	0.278528
98153	0.529855
301930	0.467202
190655	0.487565
190710	0.379113
143977	0.358063
130854	0.222986
13917	0.283952
395971	0.388132
91693	0.417428
21120	0.534570
111175	0.333049
353442	0.574168
333892	0.169841
124610	0.362677
44394	0.247008
243303	0.477470
72187	0.242694
279040	0.307031
45240	0.239999
379114	0.344012
45336	0.278185
315229	0.732456
213365	0.310828
125416	0.113365
199528	0.475818
99650	0.181591
379560	0.400196
112198	0.210898
354692	0.288904
46424	0.306534
185937	0.362661
397731	0.246473
30525	0.305206
207211	0.284773
172094	0.200214
348676	1.063730
160247	0.318028
48800	0.643386
119994	0.285868
49039	0.441390
60442	0.152091
368844	0.561666
392260	0.234770
60619	0.362861
60624	0.289490
49305	0.219013
256667	0.567358
61023	0.176544
317092	0.298421
61140	0.207839
107607	0.515445
154641	0.239984
233249	0.770925
201406	0.285664
180751	0.204992
317417	0.492487
239731	0.600422
239816	0.212213
281438	0.347006
275696	0.391131
39756	0.346295
114633	0.875593
202208	0.444961
195104	0.409948
40003	0.335211
95701	0.397708
40283	0.221213
40392	0.231848
141762	0.545520
33069	0.447954
96029	0.348333
25952	0.494110
270439	0.438722
115282	0.355118
182130	0.264533
258216	0.280643
148810	0.314255
89592	0.395383
778258	0.977235
109325	0.259233
19042	0.354204
129025	0.238001
122466	0.461607
89916	0.438327
53578	0.236617
282791	0.392355
156789	0.480419
90163	0.492389
401633	0.403283
271191	0.211332
63402	0.564936
54108	0.394008
338808	0.216230
351999	0.270839
383297	0.361609
110333	0.317817
42578	0.312635

2013081000530000009	1.037517
2013081000530000009	201308100053	http://www.huffingtonpost.com/2013/08/09/kate-moss-bikini-body_n_3733859.html?utm_hp_ref=celebrity	Kate Moss ' Bikini Body Is Stunning At Age 39
42920	0.188988
346263	0.327241
43194	0.247316
170124	0.485826
333526	0.338242
144136	0.312511
144483	0.402410
212511	0.415298
372762	0.342870
360132	0.274041
29025	0.346200
373061	0.552895
118216	0.860499
360626	0.159988
360636	0.461744
65788	0.255214
45418	0.319365
347746	0.461905
118569	0.386486
132384	0.694289
145947	0.479177
47683	0.155019
106784	0.353962
48684	0.361368
336270	0.758998
275281	0.688760
201406	0.230769
349571	0.346303
227057	0.362443
350012	0.872373
252157	0.231360
148424	0.488154
162020	0.857768
188546	0.326482
148612	0.226137
109083	0.784528
69437	0.470250
364765	0.580803
33771	0.315346
175558	0.227525
19528	0.310909
338538	0.389539
136246	0.289858
217740	0.169145
389244	0.471988
313645	0.170616
84408	0.391229
340217	0.241974
205600	0.760179
290462	0.427925
290641	0.381954
72231	0.797330
191765	0.197163
379114	0.344228
152099	0.259754
85939	0.537064
404633	0.307987
291029	0.693568
219710	1.143901
178484	0.368987
86617	0.381624
86695	0.418008
86700	0.224149
23001	0.175659
255623	0.532268
126083	0.429933
37186	0.571720
112976	0.386022
126421	0.492035
23535	0.591889
292143	0.401799
59633	0.510600
139944	0.650591
356029	0.346777
60495	0.584132
73866	0.215235
154177	0.137481
268877	0.654138
61115	0.682712
356726	0.343419
61441	0.215396
281438	0.346644
39372	0.248696
39898	0.408520
11136	0.553512
11291	0.977038
75253	0.488979
40392	0.237799
331600	0.235330
41158	0.342139
246925	0.273245
26367	0.421776
75825	0.196440
234863	0.221046
282876	0.529703
394618	0.393421
76431	0.332408
319179	0.613880
383297	0.360622
383298	0.420366

2013081521450000004	1.003140
2013081521450000004	201308152145	http://www.latimes.com/entertainment/news/la-et-ct-box-office-kick-ass-butler-jobs-20130815,0,7983630.story?track=rss	On crowded weekend , expect ` Kick-Ass 2 ' to fight ` Butler ' for No. 1 - latimes.com
271849	0.246768
359263	0.202388
260155	0.230951
296589	0.167516
144751	0.192062
144838	0.182001
272968	0.130198
334467	0.236681
360918	0.566781
199556	0.288820
118855	0.180987
145969	0.428180
119076	0.244870
106400	0.141591
172486	0.182304
67399	0.282109
172646	0.314941
48822	0.837654
250888	0.460544
133695	0.229234
17016	0.251965
120367	0.189958
49831	0.546001
68170	0.610969
187805	0.183352
17934	0.221139
161431	0.519076
363737	0.501303
51754	0.271376
121465	0.262829
287764	0.655099
216488	0.145668
400700	0.436381
188648	0.205329
388135	0.238714
216910	0.455899
217042	0.358933
376763	0.309838
69793	0.223158
338307	0.200817
19654	0.193938
217803	0.248649
190336	0.556658
176553	0.211442
204575	0.200107
190657	0.444460
340062	0.391243
266523	0.467327
151727	0.227953
379114	0.332462
416870	0.330935
404537	0.290658
267363	0.513680
57932	0.195580
99650	0.196491
112198	0.181323
8688	0.184151
86700	0.218656
22772	0.269567
139299	0.228034
355346	0.336859
153191	0.278837
9384	0.247504
193336	0.267726
60085	0.202587
316603	0.224851
193693	0.258430
61090	0.482236
88149	0.536210
154678	0.436510
140759	0.218646
330490	0.240411
369484	0.504348
281438	0.335339
39306	0.351349
181264	0.477810
407555	0.509657
40038	0.253871
11270	0.438579
270234	0.162164
306086	0.198207
40867	0.717867
182246	0.203419
420405	0.904075
26553	0.361520
394238	0.186673
258605	0.395413
282791	0.307581
182805	0.212490
358309	0.203718
394592	0.501455
210840	0.326096
358488	0.340054
196874	0.189404
383297	0.349434
196966	0.654747
223605	0.367630
42460	0.400481
197429	0.225794
130219	0.208130

2013081416130000015	1.002430
2013081416130000015	201308141613	http://www.huffingtonpost.com/2013/08/14/charisma-carpenter-bikini_n_3755430.html?utm_hp_ref=tv&ir=TV	Former ` Buffy ' Star Charisma Carpenter Tweets Bikini-Clad Selfie
42920	0.181233
77451	0.290118
43194	0.274902
43439	0.241565
333526	0.202144
841404	0.934475
212511	0.431962
372762	0.310657
360123	0.388049
144750	0.255238
144751	0.237630
44394	0.149050
29025	0.313740
131673	0.290794
44929	0.133647
1445	0.475366
45240	0.165784
45415	0.262070
118569	0.351156
186013	0.220631
47269	0.264282
348416	0.464220
322311	0.416553
286182	0.778916
48684	0.327244
215183	0.262583
323521	0.309595
201406	0.208577
349571	0.313964
251521	0.210701
107853	0.241778
363497	0.336767
51390	0.669987
51508	0.406808
95803	0.150638
108673	0.301112
312159	0.327598
844496	0.928277
148612	0.219355
364529	0.572486
5660	0.689089
33771	0.284662
388892	0.348808
253131	0.261852
217730	0.316465
217740	0.153098
54749	0.315876
415024	0.229513
34410	0.624237
313645	0.154259
176505	0.292966
6860	0.578060
190583	0.272527
366242	0.409969
678879	0.936523
353325	0.220047
403498	0.261901
7444	0.201714
151461	0.201380
366905	0.257977
56849	0.310077
191765	0.183897
379114	0.332590
404633	0.279590
192290	0.315299
255272	0.932424
192405	0.527711
178544	0.350946
255460	0.189573
405312	0.547405
23001	0.129696
207107	0.379855
355343	0.259844
605166	0.880943
112976	0.350581
9371	0.401235
292143	0.363901
280666	0.567571
193580	0.389559
73866	0.194894
154209	0.297591
369041	1.125929
269101	0.398947
356726	0.310813
281438	0.334920
257547	1.015453
88791	0.763272
88918	0.384938
40392	0.209712
89675	0.148406
382669	0.264578
76431	0.301303
103669	0.298407
383297	0.348420
196956	0.489870
116337	0.712712
633403	0.935500
13378	0.371065
346075	0.277599

2013081718120000003	0.998550
2013081718120000003	201308171812	http://www.huffingtonpost.com/2013/08/17/hayden-panettiere-eats-fries-twitpic_n_3772913.html?utm_hp_ref=celebrity	Hayden Panettiere Eats Like A Lion , Twitpics An Order Of Fries Bigger Than Her Head
42809	0.317058
43194	0.275507
77578	0.307614
43439	0.274962
333526	0.233428
372762	0.319071
360132	0.314080
14444	0.188464
29025	0.322238
249253	0.751131
78406	0.164258
360501	0.652593
65788	0.235034
347746	0.454428
118569	0.360353
45992	0.187994
132384	1.277030
185619	0.518670
92970	0.937381
817330	1.456760
46862	0.410497
47269	0.352758
47318	0.446184
79669	0.404761
335500	0.365222
48574	0.500030
48684	0.269858
323013	0.491653
119994	0.317132
49208	0.222687
275281	1.264978
107639	0.203859
201406	0.268776
349571	0.322469
794391	0.971408
363497	0.372757
134406	0.370988
51508	0.690545
337483	0.351054
18447	0.308508
108673	0.206040
96186	0.211455
82452	0.259273
33771	0.284120
388892	0.279561
253131	0.328800
110044	0.351311
217740	0.156838
20089	0.336490
190120	0.332306
313645	0.158694
71132	0.453336
230251	0.820277
353322	0.325520
353325	0.234320
390450	0.394243
56849	0.302726
290462	0.672844
164703	0.328488
191765	0.174682
379114	0.331128
85939	1.027339
404633	0.286913
303485	0.242129
405075	0.292327
36743	0.255082
329005	0.365552
23001	0.133737
153064	0.277249
139476	0.219890
59266	0.411899
112976	0.359763
59633	0.502812
342317	0.468676
329913	0.448094
342707	0.533091
154177	0.128257
113643	0.189148
356726	0.319485
180751	0.204600
281438	0.333711
62123	0.512845
75253	0.480612
181827	0.335691
195531	0.189766
102532	0.321090
11756	0.281649
141963	0.884170
182218	0.278026
63033	0.286338
116023	0.340002
358406	0.595794
76431	0.309465
196884	0.278211
383297	0.347440
247779	0.184962
307351	0.398087
63965	0.342965
63999	0.138165
27893	0.188651

2013081418330000013	0.985893
2013081418330000013	201308141833	http://www.huffingtonpost.com/2013/08/11/taylor-swift-swimsuit_n_3740732.html	Taylor Swift Poses In Retro Swimsuit For Beachside Photo With Bestie
170124	0.461290
91693	0.269890
212323	0.305537
333892	0.242490
212511	0.264777
372762	0.335705
360132	0.303066
29025	0.339003
131612	0.109594
29100	0.234396
260716	0.892762
44929	0.115996
360636	0.438410
45418	0.303197
347746	0.439056
118569	0.378789
132384	0.658809
334916	0.523658
186253	0.752612
106491	0.162677
48228	0.332247
48582	0.534773
16574	0.323363
48684	0.353719
310722	0.336881
107351	0.135434
336270	0.720491
275281	0.653546
201406	0.210851
349571	0.339178
375475	0.995074
51291	0.418361
51508	0.411417
400262	0.326105
188644	0.275430
364377	0.314370
825091	0.941251
228476	0.431989
364765	0.551488
175333	0.232784
83010	0.265011
325603	0.364629
313108	0.419734
109853	0.466692
54390	0.194638
149845	0.578956
217730	0.311259
217740	0.196825
54918	0.246323
389244	0.448655
352268	0.716195
313645	0.166947
84036	0.466854
176505	0.257215
378011	1.028434
415446	0.301410
190637	0.430266
190655	0.279618
190925	0.285616
124135	0.206544
71672	0.854635
390450	0.385462
85358	0.738842
367209	0.566248
379114	0.327087
22122	0.165928
85939	0.509594
404633	0.301717
291029	0.658366
255250	0.818107
178553	0.265234
192490	0.378774
86695	0.396835
86700	0.220741
391358	0.249584
23001	0.136221
255623	0.505348
126083	0.408302
112976	0.378248
126421	0.467142
23535	0.562034
292143	0.393318
59633	0.485375
73866	0.210670
154177	0.141700
356726	0.336067
281438	0.329403
209161	0.367233
39309	0.215971
39467	0.696336
155350	0.239582
269832	0.257460
75253	0.464759
344136	0.229210
41158	0.324839
89675	0.156615
12066	0.259434
394580	0.172016
76431	0.325533
383297	0.342706

