20130501
50
20130606 20130614

2013061017090000013	1.592000
2013061017090000013	201306101709	http://www.examiner.com/article/netherlands-ufo-not-faked-says-expert-on-ufo-sighting-over-castle	Netherlands UFO : ` Not faked ' , says expert on UFO sighting over castle - Chicago Top News | Examiner.com
131612	0.187265
372957	0.575899
78446	0.291515
44929	0.210377
45955	0.484437
132583	1.056348
106128	0.322133
132912	0.553438
47516	0.463160
66911	0.337013
187088	0.444857
94528	0.264051
50895	0.406594
216288	0.424841
148612	0.368578
52564	1.055110
401559	0.438379
123567	1.009085
204630	0.307361
190583	0.471342
314376	0.361573
191765	0.316117
57440	0.593760
279296	0.709002
8166	0.997324
125416	0.159543
86695	0.642726
255460	0.229724
23001	0.217604
193078	0.521028
59826	1.592000
60442	0.267844
24272	0.584171
24355	0.226763
180751	0.345291
270234	0.262244
195531	0.374219
156629	0.656409
358299	0.805657
394580	0.257276
210847	0.743606
420943	0.627205
247772	0.466225
63940	0.752150
64120	0.456657
27857	0.339515
13378	0.491568

2013061306000000014	1.581501
2013061306000000014	201306130600	http://www.examiner.com/article/netherlands-ufo-photo-real-with-explanation-video	Netherlands UFO photo real with explanation ( VIDEO ) - San Francisco News | Examiner.com
197687	1.122843
117263	0.237891
197933	0.355316
395805	1.283145
212175	0.533431
14141	0.307127
29100	0.431144
78446	0.262441
284921	0.386311
45415	0.331735
2072	0.675528
273604	0.528660
118855	0.286179
66460	0.436644
132583	1.087016
348403	0.310395
146254	0.714995
47516	0.365282
335408	0.508770
106443	0.228791
374721	0.777093
133695	0.367057
187026	0.262019
49515	0.510678
187088	0.377546
434651	1.377508
362856	0.699612
50112	0.762937
239816	0.318309
187805	0.283823
18181	0.638783
148612	0.337586
364377	0.462711
175558	0.309962
33890	0.415203
351999	0.382401
289126	0.615948
253570	0.354380
278036	0.626621
204630	0.273086
191765	0.285868
191822	0.317022
36073	0.312443
279296	0.619072
206396	0.817481
138923	0.273791
23001	0.219306
355241	0.355169
179220	0.695368
193336	0.314203
59826	1.581501
543033	1.208607
180751	0.443255
10812	0.471898
39504	0.537514
194882	0.432537
484411	1.351323
270234	0.235852
258216	0.366906
168645	0.325052
358299	0.511378
383196	0.468369
63940	0.546698
13378	0.411406

2013061116450000005	1.581501
2013061116450000005	201306111645	http://www.examiner.com/article/netherlands-ufo-photo-real-with-explanation-video?cid=rss	Netherlands UFO photo real with explanation ( VIDEO ) - San Francisco News | Examiner.com
197687	1.122843
117263	0.237891
197933	0.355316
395805	1.283145
212175	0.533431
14141	0.307127
29100	0.431144
78446	0.262441
284921	0.386311
45415	0.331735
2072	0.675528
273604	0.528660
118855	0.286179
66460	0.436644
132583	1.087016
348403	0.310395
146254	0.714995
47516	0.365282
335408	0.508770
106443	0.228791
374721	0.777093
133695	0.367057
187026	0.262019
49515	0.510678
187088	0.377546
434651	1.377508
362856	0.699612
50112	0.762937
239816	0.318309
187805	0.283823
18181	0.638783
148612	0.337586
364377	0.462711
175558	0.309962
33890	0.415203
351999	0.382401
289126	0.615948
253570	0.354380
278036	0.626621
204630	0.273086
191765	0.285868
191822	0.317022
36073	0.312443
279296	0.619072
206396	0.817481
138923	0.273791
23001	0.219306
355241	0.355169
179220	0.695368
193336	0.314203
59826	1.581501
543033	1.208607
180751	0.443255
10812	0.471898
39504	0.537514
194882	0.432537
484411	1.351323
270234	0.235852
258216	0.366906
168645	0.325052
358299	0.511378
383196	0.468369
63940	0.546698
13378	0.411406

2013061114370000001	1.558861
2013061114370000001	201306111437	http://www.examiner.com/article/expert-netherlands-ufo-sighting-not-photoshop-image	Expert : Netherlands UFO sighting not Photoshop image - National Top News | Examiner.com
43693	0.392858
78446	0.272616
44929	0.177503
132583	1.086276
238186	0.682743
322153	0.406015
47516	0.454365
66911	0.543512
16285	0.735343
106915	1.127307
362496	0.879773
428583	1.261458
107082	0.349183
50112	1.054616
120655	0.310309
51533	1.069601
18181	0.632069
18197	0.311257
216288	0.429733
324768	0.462546
217740	0.242713
289126	0.644658
55164	0.409642
55472	0.389759
176595	0.758125
205490	1.307414
85271	0.411632
279084	0.438344
57440	0.546710
279296	0.561114
125416	0.166716
125584	0.655891
22767	0.334413
23001	0.263603
355241	0.329111
59826	1.558861
73866	0.320018
24272	0.745063
180751	0.335358
140936	0.356114
114569	0.451581
381885	0.673546
102226	0.549569
393595	0.979287
41158	0.536177
247772	0.422044
63869	0.368494
63940	0.615990
27857	0.302488
27893	0.296495

2013060715190000006	1.324929
2013060715190000006	201306071519	http://www.examiner.com/article/hawaiian-witness-says-fast-moving-objects-were-no-planes	Hawaiian witness says fast moving objects were no planes - National ufo | Examiner.com
259740	1.280406
170077	0.626905
130720	0.313740
43849	0.496264
144528	0.388227
144750	0.301350
144751	0.229479
14444	0.223773
78446	0.259209
44929	0.203415
284921	0.418782
321497	0.594053
132912	0.508172
250956	0.463962
16907	0.597610
133695	0.334277
187088	0.399121
107400	0.431240
362862	0.644594
50049	0.468894
107639	0.216294
349628	0.416626
189087	0.625662
175333	0.327113
69907	0.367829
136085	0.268809
19641	0.512037
289126	0.687871
190684	0.343123
111271	0.673144
366907	0.372753
138199	0.342711
177686	0.325883
164856	0.478445
279296	0.710663
125416	0.238978
267547	0.442326
58537	0.612992
231760	0.357495
23001	0.241873
59826	1.324929
268560	1.334218
329824	0.446403
39384	0.421955
344020	0.520036
11271	0.238729
393645	0.229644
195451	0.177215
270234	0.231564
393697	0.508556
344365	0.940233
331534	0.303740
182246	0.316116
12022	0.321611
358483	0.446740
383186	0.261057
196874	0.280019
63869	0.387222

2013060601590000004	1.303570
2013060601590000004	201306060159	http://www.examiner.com/article/ufo-over-small-indiana-town-looked-like-blimp-on-fire?cid=rss	UFO over small Indiana town looked like ` blimp on fire ' - National ufo | Examiner.com
224196	0.535932
29100	0.304603
78446	0.230516
44929	0.195240
65643	0.608206
396873	0.475966
321497	0.531187
132640	0.203839
238186	0.709911
47516	0.368033
172094	0.247205
16907	0.532395
49439	0.254627
187088	0.317315
349628	0.336528
50492	0.256639
50587	0.481552
161244	1.206005
240250	0.421823
216488	0.205850
148773	0.819126
122188	0.387264
175415	0.290307
69907	0.328085
338559	0.200725
19654	0.256072
54394	0.290511
351999	0.341338
289126	0.535011
277901	0.452208
21125	0.651809
327898	0.360585
72187	0.288651
279296	0.692943
125416	0.231086
303485	0.403981
354921	0.313341
58537	0.643928
23001	0.216877
192800	0.356250
193326	0.368986
59826	1.303570
59875	0.338505
268560	1.191677
60442	0.182174
180067	0.649156
61143	0.278074
155253	0.616946
209200	0.549822
40049	0.269133
11271	0.326558
195451	0.177976
270234	0.206051
393697	0.452790
102485	0.215840
331534	0.324639
370686	0.545422
370759	0.484538
235025	0.903841
332170	0.314703
394580	0.208950
383186	0.241539
358575	0.210610
383196	0.512827
196874	0.323652
63869	0.346465
63999	0.186637
13378	0.448206
236046	0.454627

2013060616510000004	1.286426
2013060616510000004	201306061651	http://www.examiner.com/article/new-yorkers-describe-organic-type-ufo-hovering-near-school?cid=rss	New Yorkers describe ` organic-type UFO ' hovering near school - National ufo | Examiner.com
130720	0.264195
130752	0.299722
130854	0.343486
91727	0.765004
158581	0.381238
78446	0.228642
65643	0.584368
284921	0.460682
14979	0.333082
373300	0.260804
321497	0.526654
92855	0.520188
46174	0.364886
238186	0.777728
66911	0.315392
106401	0.253368
226161	0.319189
362486	0.350226
94235	0.578300
16907	0.527997
94528	0.192314
349628	0.338435
50587	0.480084
187745	0.614877
400225	0.416008
4830	0.256648
312073	0.257080
53361	0.388666
69907	0.325346
53578	0.198954
351970	0.245778
54918	0.305254
289126	0.529484
229705	0.433645
190409	0.660033
190684	0.301032
230805	0.348776
57440	0.507653
85828	0.468158
22122	0.342940
279296	0.682997
125416	0.221289
303485	0.338493
58537	0.597573
23001	0.214820
303963	0.335503
192926	0.466553
153191	0.485563
59826	1.286426
268560	1.147780
392260	0.225418
24272	0.408294
392602	0.276211
208779	0.474963
38841	0.285825
330584	0.911904
269664	0.194809
155350	0.296948
114569	0.443944
102226	0.595465
11271	0.214167
40599	0.452779
270234	0.204367
393697	0.449069
89308	0.364865
331534	0.321510
75825	0.224295
168645	0.264177
358575	0.275851
196874	0.237603
247772	0.447942
63869	0.343492

2013060600480000001	1.280812
2013060600480000001	201306060048	http://www.examiner.com/article/pennsylvania-father-son-have-sighting-after-facebook-ufo-tip	Pennsylvania father-son have sighting after Facebook UFO tip - National ufo | Examiner.com
28510	0.403970
296589	0.249073
260342	0.235407
333892	0.247414
320606	0.392308
78446	0.203362
284921	0.322157
46412	0.589462
66531	0.293329
238186	0.676387
47516	0.307966
172094	0.232747
16620	0.374074
172733	0.346199
386404	0.329970
49439	0.244081
49825	0.166722
107632	0.260559
173400	0.599440
349628	0.346799
50587	0.520691
227763	0.339673
400178	0.201468
400225	0.376701
174438	0.436589
174521	0.273204
312066	0.260170
388135	0.297445
148773	0.553872
414095	0.471628
53849	0.900282
54394	0.266917
289126	0.478279
70669	0.242030
110333	0.408599
110629	0.584058
204630	0.198653
190684	0.347944
390046	0.256412
266456	0.465324
21125	0.630281
177792	0.565437
164856	0.402197
404279	0.468623
279167	0.451792
206150	0.378663
279296	0.628176
315308	0.380990
125416	0.226512
192292	0.313913
267547	0.525538
8558	0.311363
303485	0.285169
58537	0.612165
23001	0.193893
153369	0.273431
280252	0.391765
37461	0.764320
59826	1.280812
406217	0.578172
60085	0.227005
60499	0.348121
113616	0.422395
232974	0.335853
233041	0.596984
24272	0.378012
154674	0.302700
317369	0.226795
180760	0.325469
38841	0.255701
407078	0.408153
39427	0.305150
11271	0.180072
195451	0.157021
40829	0.552157
331534	0.316074
89675	0.193405
12022	0.266577
306516	0.585298
270886	0.436654
196874	0.225450
63869	0.309679
13378	0.515201

2013060715570000002	1.251171
2013060715570000002	201306071557	http://www.examiner.com/article/triangle-ufo-with-blue-lights-reported-vanishing-over-charleston-skies?cid=rss	Triangle UFO with blue lights reported ` vanishing ' over Charleston - National ufo | Examiner.com
283928	0.284672
91405	0.317365
158022	0.275914
236844	0.363318
14444	0.164890
78446	0.187212
284732	0.213066
321079	0.561637
334467	0.335414
297207	0.633420
321497	0.434163
297467	0.428693
385369	0.261475
238186	0.707711
47516	0.331170
66911	0.210319
172094	0.232090
106443	0.190587
16087	0.433337
80331	0.595592
250956	0.431234
251008	0.280877
16907	0.433510
187088	0.262589
349628	0.402557
50587	0.429703
275612	0.458549
120956	0.816762
134495	0.444523
51510	0.436463
300010	0.328360
324773	0.181461
364357	0.364529
148773	0.624177
53045	0.351185
175415	0.339768
69907	0.267480
136085	0.375690
83187	0.369005
277158	0.267008
54394	0.244738
351999	0.267360
289126	0.437599
110333	0.393838
253634	0.237047
55612	0.206755
204630	0.189242
190713	0.240254
151085	0.400035
266456	0.575552
21125	1.071120
353329	0.348324
205371	0.290774
205490	1.180645
366907	0.247637
177524	0.616991
340739	0.367113
164703	0.329812
191822	0.319241
22024	0.403303
152146	0.307160
279296	0.573449
125416	0.204909
303485	0.463600
178553	0.250980
58537	0.574880
23001	0.177452
59826	1.251171
268560	0.987221
406217	0.603915
154184	0.394575
154674	0.256383
369318	0.536982
407078	0.372414
155253	0.530482
40049	0.229243
344020	0.421481
11271	0.297718
195451	0.169635
270234	0.167704
393697	0.368464
115199	0.310317
331534	0.219021
62604	0.229646
75825	0.252015
294747	0.341673
358171	0.419169
394580	0.208079
383196	0.347938
196874	0.215342
409205	0.211109
63869	0.283365
63932	0.337547
345851	0.564652
13378	0.420923

2013060717220000011	1.237387
2013060717220000011	201306071722	http://www.examiner.com/article/30-foot-wide-ufo-described-heading-to-ground-near-california-airport?cid=rss	'30 foot wide ' UFO seen heading to ground near California airport - National ufo | Examiner.com
42700	0.343170
359263	0.296403
130720	0.272351
158022	0.239023
224196	0.505823
296626	0.654076
170453	0.508853
78446	0.222757
44929	0.196918
284921	0.509251
321497	0.513663
249787	0.278264
385369	0.481770
397609	0.295384
185968	0.299321
47516	0.472499
250931	0.442651
16907	0.514591
49562	0.351581
107639	0.190879
349628	0.414440
18197	0.284550
240250	0.452186
324773	0.213627
364357	0.439690
69907	0.317162
265051	0.362726
136145	0.391529
149642	0.586227
54394	0.275886
351999	0.318812
289126	0.516175
35046	0.350609
415689	0.818104
98427	0.668423
21125	0.729799
353329	0.530383
111613	0.515907
164856	0.363796
404424	0.476848
279296	0.684670
125416	0.219969
303485	0.388126
22767	0.215995
219935	0.351514
58537	0.627113
303756	0.287355
23001	0.209522
59826	1.237387
59875	0.380932
268560	1.105888
329824	0.360606
100858	0.466428
24272	0.409685
38841	0.276216
293502	1.060742
39427	0.382551
343776	0.349718
344020	0.418616
11271	0.299513
195451	0.153283
270234	0.199130
393697	0.437615
26039	0.467258
210087	0.472723
358483	0.424177
196874	0.257557
63869	0.335062
90801	1.014790
345851	0.485280
13378	0.366489

2013061023460000002	1.202775
2013061023460000002	201306102346	http://www.examiner.com/article/netherlands-ufo-photos-appear-to-be-real?cid=rss	Netherlands UFO : Photos appear to be real - San Francisco News | Examiner.com
223896	0.408369
184032	0.340452
197914	0.493753
197933	0.327219
14141	0.287074
44246	1.018439
29100	0.302172
372957	0.534096
78446	0.245074
44929	0.171964
284921	0.615267
45955	0.508267
273604	0.486636
132583	0.966845
47516	0.336031
66911	0.331488
47577	0.800483
186470	0.479663
428583	1.247217
374721	0.548418
133695	0.349751
49515	0.470227
362856	0.643047
18181	0.552783
388120	0.523804
52564	0.957406
240970	0.571034
53045	0.455791
351999	0.360253
289126	0.576299
314376	0.312362
35407	1.162129
327973	0.238702
279084	0.505839
191822	0.291490
231071	0.565403
279296	0.594625
206396	0.768158
125416	0.149385
8558	0.345125
303514	0.872829
379738	0.337752
255460	0.195790
354958	0.221837
23001	0.205071
355241	0.261632
166331	0.273949
59826	1.202775
406826	0.455771
127447	0.427708
180751	0.257819
155166	0.438562
257376	0.534819
39504	0.505086
357168	0.542888
167756	0.742663
305867	0.145914
393595	0.652896
270234	0.263334
11587	0.568222
62533	0.673006
182130	0.353178
258216	0.337061
168645	0.303979
420490	0.258389
247772	0.408259
63940	0.698709
130158	0.491571
27857	0.297710
13378	0.501707

2013061022190000002	1.193063
2013061022190000002	201306102219	http://www.csmonitor.com/Science/2013/0610/Netherlands-UFO-Why-we-want-to-believe	Netherlands UFO : Why we want to believe - CSMonitor.com
104370	0.476665
117263	0.245673
248689	0.473428
320668	0.356039
1016	0.194268
117916	0.382221
131612	0.154996
45415	0.361902
273540	0.779207
397312	0.518348
46523	0.348023
132583	0.522722
171878	0.303765
238186	0.591744
322153	0.362023
132912	0.464384
47516	0.391260
66911	0.265753
47577	0.619234
106443	0.226826
16453	0.815983
322815	0.512538
262628	1.110923
250890	0.760374
335968	0.509111
362856	0.613487
17120	0.278017
386790	0.399136
349628	0.336427
50587	0.463374
134405	0.390080
18577	0.367471
5221	0.360470
337880	0.918703
148888	0.488296
53361	0.437918
53578	0.197034
6105	0.895769
415306	0.384149
278036	0.684347
176595	0.506060
266136	0.278214
366403	0.376728
415793	0.320878
137771	0.679092
378515	0.717428
21354	0.298911
21420	0.524207
191822	0.402189
152299	0.283427
303150	0.287615
303485	0.283098
244153	0.358154
23174	0.478175
192926	0.429293
126382	0.280643
59826	1.193063
342390	0.320930
24272	0.501646
208517	0.413564
61143	0.246044
74306	0.362959
330432	0.544142
245875	0.323426
140936	0.249092
305426	0.596380
40049	0.258127
370204	0.494287
40622	0.312474
357582	0.479555
102485	0.206864
270439	0.406996
102992	0.258628
258519	0.433836
196874	0.286477
64147	0.835015
13378	0.511875
236046	0.435399
13392	0.210537

2013060719180000011	1.165955
2013060719180000011	201306071918	http://www.examiner.com/article/iowa-witnesses-watch-circular-ufo-hover-and-move-over-town?cid=rss	Iowa witnesses watch circular UFO hover and move over town - National ufo | Examiner.com
359263	0.311764
117263	0.253521
130720	0.277591
224196	0.469073
296615	0.728876
78446	0.283107
65643	0.806230
185294	0.535393
321497	0.535758
132640	0.234928
397569	0.766073
238186	0.818695
67485	0.740517
16620	0.345351
16907	0.537417
349628	0.472509
251521	0.296429
81805	0.478999
69106	0.387110
300010	0.397944
96169	1.045478
69907	0.331091
136085	0.251490
54394	0.306511
289126	0.538276
313645	0.194025
204630	0.304806
176903	0.280106
164593	0.339516
138199	0.298622
191789	0.610388
279296	0.676351
125416	0.235264
86195	0.342564
22767	0.224674
58537	0.611687
354958	0.224358
23001	0.218480
192926	0.469151
59826	1.165955
268560	1.332722
392252	0.289920
24272	0.424434
61143	0.237674
154674	0.422331
61441	0.329328
257277	0.403379
39060	0.373319
155253	0.745637
209200	0.541455
11271	0.326230
195451	0.153933
270234	0.208364
270253	0.856865
393697	0.457121
331534	0.327935
168437	0.475871
234718	0.538774
370759	0.646312
344833	0.729974
196874	0.349446
63869	0.349398
13378	0.520913

2013061315550000023	1.092031
2013061315550000023	201306131555	http://news.yahoo.com/blogs/sideshow/chinese-famer-given-5-days-jail-making-alien-152907537.html	Chinese farmer gets 5 days in jail for his story on alien invasion | The Sideshow - Yahoo ! News
346240	0.443454
198045	0.930533
144751	0.287122
399435	1.063365
400178	0.363251
5221	0.490432
148891	0.525538
70121	1.369871
377090	0.521875
278036	1.172756
35566	1.217092
124610	0.495363
205534	0.464265
303003	0.727504
125416	0.230800
354958	0.345644
207796	1.047916
154177	0.263894
157179	0.640874
186582	0.867254
187088	0.490116
412993	0.672967
53578	0.287379
243016	0.609647
21566	0.587088
86339	0.524184
267949	0.914486
368273	0.426137
59826	1.092031
60466	0.610149
194258	0.759403
140936	0.323621
270234	0.308542
370590	0.690106
26667	0.639551
271191	0.364418
63527	0.906160

2013061319180000007	1.059691
2013061319180000007	201306131918	http://news.yahoo.com/blogs/sideshow/chinese-famer-given-5-days-jail-making-alien-152907537.html?vp=1	Chinese farmer gets 5 days in jail for his story on alien invasion | The Sideshow - Yahoo ! News
198045	0.914543
333911	0.603947
144751	0.281890
93016	0.912144
186582	0.851105
187088	0.480636
399435	1.044439
412993	0.659141
134423	0.612277
400178	0.355141
5221	0.481177
148891	0.514060
53578	0.282584
70121	1.335966
377090	0.511963
278036	1.147300
243016	0.598373
35566	1.195795
124610	0.486772
205534	0.455742
21566	0.576471
303003	0.715624
125416	0.225358
86339	0.513559
354958	0.337696
267949	0.893500
368273	0.417291
59826	1.059691
207796	1.029113
60466	0.478251
154177	0.258595
194258	0.746000
270234	0.299405
370590	0.677168
394238	0.368777
26667	0.623869
271191	0.358276
63527	0.879378
157179	0.621933

2013061216060000002	1.055339
2013061216060000002	201306121606	http://examiner.com/topic/strange-news?cid=PROG-TagPage-HomepageHotTopic7-StrangeNews	Strange News | Examiner.com
65223	0.968668
105068	0.558219
78594	0.480377
132583	0.801816
297842	0.561007
397843	0.446290
47516	0.518074
214112	1.488932
374721	0.860873
323841	0.934564
134361	0.608045
51262	0.776548
312294	0.643234
364563	0.726190
400914	0.792558
69755	1.309603
376763	0.638467
175334	0.363229
149447	0.752331
151461	0.481304
59826	1.055339
207893	0.561447
245147	0.551624
113643	0.415633
194678	0.376153
343571	0.971080
270208	0.822185
344987	0.900162
182948	0.897366
283157	0.530559
27857	0.522982

2013061117470000008	1.045503
2013061117470000008	201306111747	http://www.foxnews.com/science/2013/06/11/spaced-out-ufo-fan-sparks-internet-frenzy-over-frozen-alien/	Spaced out UFO fan sparks Internet frenzy over frozen ` alien ' | Fox News
346240	0.353506
346440	0.441516
28921	0.452410
321009	0.506167
373326	0.398502
397609	0.315851
250331	0.423956
93578	0.540652
200557	0.546331
250956	0.455946
226625	0.863738
67807	0.457768
323821	0.621765
173603	1.010370
251792	0.538689
202221	0.474073
400181	0.326735
228046	0.535861
96186	0.290540
400887	0.311858
276988	0.618535
69907	0.354761
326162	0.590537
278036	0.885340
547239	1.720580
303003	0.602516
8321	0.388770
207465	0.253494
280252	0.646434
256061	0.522111
73608	0.838918
330182	0.559387
157179	0.608940
14444	0.284549
44929	0.210538
106491	0.229701
463850	1.786016
262945	0.578058
80818	0.338131
50587	0.580511
217730	0.414455
217740	0.249775
190684	0.343661
85042	0.559462
85271	0.449065
86379	0.343201
86700	0.309894
291529	0.885308
59826	1.045503
60400	0.418231
140936	0.441801
343591	0.689899
194923	0.348946
269832	0.456241
269873	0.499948
370204	0.517152
393840	0.647432
270454	0.333599
26667	0.447163
63527	0.655222

2013061418220000005	0.950076
2013061418220000005	201306141822	http://blogs.denverpost.com/ridetherockies/2013/06/13/alligators-and-aliens-oh-my/2241/	Ride the Rockies 2013 Day 5 : Alligators and Aliens , Oh My !
346310	0.682714
248813	0.670372
296615	0.577755
44514	0.408877
198817	0.777860
384730	0.979264
284732	0.260873
185019	0.404502
131905	0.385352
284921	0.346584
45686	0.631086
15607	0.689836
361466	0.593694
30285	0.628333
225709	0.365129
16637	0.680052
336091	0.514109
200958	0.778112
107391	0.281647
120367	0.205300
107639	0.201141
134360	0.509450
134405	0.422512
108673	0.261101
228113	0.159964
350702	0.450900
188644	0.404423
188912	0.386160
241109	0.355376
149538	0.503806
338581	0.362167
54390	0.251828
176122	0.490782
176505	0.318582
176511	0.615430
176553	0.313191
190553	0.389580
326889	0.398293
327042	0.522550
150954	0.799022
151056	0.832343
353325	0.308756
85223	0.273005
366907	0.271685
138014	0.433955
205569	0.384450
21492	0.425083
353773	0.463528
138199	0.316841
584681	1.612704
206019	0.254834
267418	0.667141
207465	0.227826
193128	0.406288
59826	0.950076
60210	0.196693
9822	0.500867
392260	0.220806
113512	0.551744
208309	0.323540
369012	0.334991
154592	0.506370
154674	0.379378
114535	0.348169
40061	0.333807
11340	0.324195
40622	0.323572
182130	0.304742
331600	0.294160
12022	0.325782
196069	0.433592
210578	0.216652
282811	0.834734
358299	0.525234
358483	0.333562
307388	0.950651
27724	0.585539

2013061114430000002	0.929127
2013061114430000002	201306111443	http://www.examiner.com/article/did-hdr-photography-out-a-ufo-over-the-netherlands	Did HDR photography out a UFO over The Netherlands ? - National Technology | Examiner.com
43194	0.351744
91884	0.456053
44246	1.478109
158581	0.295078
184840	0.199658
44929	0.201201
1443	0.230428
284921	0.309570
334448	0.480238
1589	0.742968
249792	0.318344
46174	0.372756
132583	0.479688
171878	0.294602
238293	0.604700
47516	0.321610
66911	0.457558
47577	0.782707
285900	0.506124
186470	0.369778
428583	0.974033
49515	0.483214
215211	0.262704
349628	0.296563
363324	0.539203
388120	0.523083
52564	0.755374
82452	0.297834
162310	0.293606
109667	0.448694
401559	0.276476
414527	0.166420
19632	0.285551
217740	0.223712
313645	0.200336
34725	0.554170
176595	0.470557
6837	0.481406
204630	0.232228
339826	0.238010
176903	0.250553
314376	0.332349
137723	0.745235
151623	0.360200
138199	0.283364
99249	0.553622
279084	0.408889
57440	0.439551
404537	0.319827
279296	0.595282
8166	0.635188
206396	0.513014
112121	0.414352
267547	0.404082
303514	0.672485
22767	0.174294
354958	0.235256
391446	0.494744
139263	0.412749
23001	0.207760
355241	0.229570
193336	0.261664
59826	0.929127
140068	0.277959
154177	0.151024
101305	0.406083
317369	0.230291
180801	0.218380
38841	0.249457
257376	0.540074
155350	0.287652
155402	0.340647
419522	0.227573
114569	0.327369
344020	0.291984
25790	0.312710
393595	0.511230
270234	0.177078
40773	0.361460
182130	0.357015
142090	0.653405
371015	0.271748
222970	0.542450
271191	0.228089
196874	0.257102
247772	0.419305
143026	0.403177
247946	0.488681
63869	0.306863
63940	0.668054
248093	0.296571
130158	0.590726
13378	0.408176

2013061200030000006	0.855194
2013061200030000006	201306120003	http://science.nbcnews.com/_news/2013/06/11/18906730-ufo-will-make-your-skin-crawl-so-will-some-insects	UFO will make your skin crawl -- so will some insects - Science
346240	0.346187
130720	0.271704
104617	0.374153
43550	0.236870
64899	0.337676
144368	0.495866
44246	1.043007
158581	0.314150
44929	0.121091
396703	0.439983
397340	0.164878
132583	0.522510
238293	0.405671
47516	0.311506
66911	0.405607
47577	0.634217
285900	0.475242
146438	0.257252
186470	0.395193
172486	0.185714
428583	1.072941
374721	0.765028
94528	0.166081
336259	0.401839
107351	0.147579
49621	0.414488
187249	0.313827
147786	0.581063
350137	0.510420
18181	0.464380
228046	0.410262
252299	0.283032
388120	0.363282
240970	0.392927
19444	0.272672
54593	0.381231
217740	0.165758
218211	0.289113
34725	0.485773
204630	0.213224
176903	0.219104
389877	0.381481
314376	0.293506
21354	0.268504
124610	0.293289
191548	0.559290
327898	0.305286
279084	0.443972
191822	0.243230
111873	0.255894
206183	0.292859
279296	0.481451
206396	0.577629
267547	0.346359
367758	0.415008
303514	0.630393
192490	0.453487
86700	0.254382
178983	0.324398
355241	0.236747
304261	0.408525
193336	0.252903
59826	0.855194
316603	0.220701
37979	0.688651
392252	0.223251
154177	0.147567
101305	0.382426
38841	0.216598
140936	0.243638
155166	0.376011
257376	0.440028
61743	0.329691
155402	0.320664
419522	0.214132
343744	0.170743
257645	0.415836
40115	0.190504
344020	0.317753
40283	0.222337
305867	0.123888
270082	0.589663
393595	0.565372
195451	0.120426
182130	0.290628
102693	0.381372
370765	0.594102
371015	0.255591
332170	0.242404
358299	0.421817
271191	0.223863
210847	0.460545
408963	0.320836
247772	0.400823
247946	0.454060
157317	0.268678
63940	0.594840
130158	0.346975
27857	0.205030
13378	0.434839

2013061416480000005	0.854191
2013061416480000005	201306141648	http://www.nydailynews.com/news/world/china-alien-hoax-lands-farmer-jail-days-article-1.1372717?localLinksEnabled=false	China ` alien ' hoax lands farmer in jail for days over posted photos of rubber remains said found in electrified rabbit trap - NY Daily News
346440	0.573009
2008	0.975564
397609	0.328140
93578	0.572131
226625	0.898182
120655	0.377910
173603	0.985654
202221	0.462867
400293	0.569308
70121	0.979219
278036	1.125224
176595	0.652859
204630	0.322663
303003	0.919831
355499	0.571278
39715	0.276371
102455	0.314014
210578	0.307554
358299	0.701757
210847	0.671690
157179	0.635263
130017	0.677642
44286	0.625142
106491	0.203277
463850	1.374496
107049	0.972112
80818	0.350660
50126	0.373399
412993	0.808049
108750	0.253003
52606	0.711613
217730	0.441090
217740	0.291592
86339	0.584057
86379	0.456430
219920	0.435294
86700	0.445910
22767	0.238949
193078	0.439164
59826	0.854191
60400	0.443265
61023	0.250095
140936	0.300856
269832	0.410839
370378	0.273062
393840	0.831776
270454	0.502139
26667	0.562200
63527	0.901223
64164	0.593840

2013061219010000005	0.780051
2013061219010000005	201306121901	http://ca.news.yahoo.com/spooky-photo-shows-ufo-above-medieval-castle-212650806.html	Spooky Photo Shows ` UFO ' Above Medieval Castle - Yahoo ! News Canada
197914	0.396498
130720	0.256376
224196	0.415695
144368	0.572882
91884	0.494866
44246	1.289564
158581	0.318639
45955	0.331090
397340	0.201602
132583	0.497777
238293	0.464131
66911	0.449978
47577	0.663928
285900	0.546501
146438	0.297916
186470	0.432867
16620	0.294626
428583	1.013049
374721	0.682096
94528	0.197913
336259	0.478735
349628	0.288395
412830	0.223483
363324	0.585098
147786	0.602965
18181	0.515286
18197	0.221290
228046	0.489969
252299	0.298603
202554	0.418426
388120	0.536430
240970	0.469155
19444	0.315526
217740	0.226924
218211	0.345526
34725	0.578433
278036	0.483072
176903	0.260965
314376	0.360096
218786	0.250000
21354	0.285845
191765	0.201993
279084	0.349553
191822	0.290207
279296	0.500552
206396	0.640668
112121	0.439809
267547	0.334691
367758	0.496327
303514	0.727406
152669	0.232556
86700	0.296576
255460	0.156759
139263	0.438189
355241	0.263436
304261	0.421803
193336	0.287755
59826	0.780051
316603	0.261949
37979	0.821253
60442	0.169427
154177	0.203571
101305	0.438369
406826	0.364780
127447	0.278337
38841	0.248741
140936	0.229341
155166	0.421217
257376	0.452209
39504	0.310620
155402	0.367744
419522	0.245685
343744	0.203519
40283	0.236918
305867	0.147326
393595	0.533306
182130	0.298881
234821	0.489831
370765	0.710352
371015	0.293386
332170	0.280611
358299	0.470456
271191	0.295284
210847	0.527418
408944	0.615217
408963	0.342702
27205	0.389164
196874	0.215139
247772	0.407851
247946	0.524795
157317	0.314524
63940	0.622991
130158	0.397545
27857	0.244748
13378	0.501565
13416	0.415256

2013061121260000019	0.780051
2013061121260000019	201306112126	http://sg.news.yahoo.com/spooky-photo-shows-ufo-above-medieval-castle-212650806.html	Spooky Photo Shows ` UFO ' Above Medieval Castle - Yahoo ! News Singapore
197914	0.396498
130720	0.256376
224196	0.415695
144368	0.572882
91884	0.494866
44246	1.289564
158581	0.318639
45955	0.331090
397340	0.201602
132583	0.497777
238293	0.464131
66911	0.449978
47577	0.663928
285900	0.546501
146438	0.297916
186470	0.432867
16620	0.294626
428583	1.013049
374721	0.682096
94528	0.197913
336259	0.478735
349628	0.288395
412830	0.223483
363324	0.585098
147786	0.602965
18181	0.515286
18197	0.221290
228046	0.489969
252299	0.298603
202554	0.418426
388120	0.536430
240970	0.469155
19444	0.315526
217740	0.226924
218211	0.345526
34725	0.578433
278036	0.483072
176903	0.260965
314376	0.360096
218786	0.250000
21354	0.285845
191765	0.201993
279084	0.349553
191822	0.290207
279296	0.500552
206396	0.640668
112121	0.439809
267547	0.334691
367758	0.496327
303514	0.727406
152669	0.232556
86700	0.296576
255460	0.156759
139263	0.438189
355241	0.263436
304261	0.421803
193336	0.287755
59826	0.780051
316603	0.261949
37979	0.821253
60442	0.169427
154177	0.203571
101305	0.438369
406826	0.364780
127447	0.278337
38841	0.248741
140936	0.229341
155166	0.421217
257376	0.452209
39504	0.310620
155402	0.367744
419522	0.245685
343744	0.203519
40283	0.236918
305867	0.147326
393595	0.533306
182130	0.298881
234821	0.489831
370765	0.710352
371015	0.293386
332170	0.280611
358299	0.470456
271191	0.295284
210847	0.527418
408944	0.615217
408963	0.342702
27205	0.389164
196874	0.215139
247772	0.407851
247946	0.524795
157317	0.314524
63940	0.622991
130158	0.397545
27857	0.244748
13378	0.501565
13416	0.415256

2013061122120000010	0.780051
2013061122120000010	201306112212	http://news.yahoo.com/spooky-photo-shows-ufo-above-medieval-castle-212650806.html	Spooky Photo Shows ` UFO ' Above Medieval Castle - Yahoo ! News
197914	0.396498
130720	0.256376
224196	0.415695
144368	0.572882
91884	0.494866
44246	1.289564
158581	0.318639
45955	0.331090
397340	0.201602
132583	0.497777
238293	0.464131
66911	0.449978
47577	0.663928
285900	0.546501
146438	0.297916
186470	0.432867
16620	0.294626
428583	1.013049
374721	0.682096
94528	0.197913
336259	0.478735
349628	0.288395
412830	0.223483
363324	0.585098
147786	0.602965
18181	0.515286
18197	0.221290
228046	0.489969
252299	0.298603
202554	0.418426
388120	0.536430
240970	0.469155
19444	0.315526
217740	0.226924
218211	0.345526
34725	0.578433
278036	0.483072
176903	0.260965
314376	0.360096
218786	0.250000
21354	0.285845
191765	0.201993
279084	0.349553
191822	0.290207
279296	0.500552
206396	0.640668
112121	0.439809
267547	0.334691
367758	0.496327
303514	0.727406
152669	0.232556
86700	0.296576
255460	0.156759
139263	0.438189
355241	0.263436
304261	0.421803
193336	0.287755
59826	0.780051
316603	0.261949
37979	0.821253
60442	0.169427
154177	0.203571
101305	0.438369
406826	0.364780
127447	0.278337
38841	0.248741
140936	0.229341
155166	0.421217
257376	0.452209
39504	0.310620
155402	0.367744
419522	0.245685
343744	0.203519
40283	0.236918
305867	0.147326
393595	0.533306
182130	0.298881
234821	0.489831
370765	0.710352
371015	0.293386
332170	0.280611
358299	0.470456
271191	0.295284
210847	0.527418
408944	0.615217
408963	0.342702
27205	0.389164
196874	0.215139
247772	0.407851
247946	0.524795
157317	0.314524
63940	0.622991
130158	0.397545
27857	0.244748
13378	0.501565
13416	0.415256

2013061213140000002	0.770079
2013061213140000002	201306121314	http://www.foxnews.com/science/2013/06/12/spooky-photo-shows-ufo-above-medieval-castle/	Photo shows ` UFO ' above medieval castle | Fox News
197914	0.363289
130720	0.292367
395805	0.971433
224196	0.378419
144368	0.517776
91884	0.449403
44246	1.169177
158581	0.288698
45955	0.304705
397340	0.184907
132583	0.562345
238293	0.422161
47516	0.314263
66911	0.424350
47577	0.601704
285900	0.495432
146438	0.268844
186470	0.404269
16620	0.268965
428583	1.154575
374721	0.647064
94528	0.178786
336259	0.527779
349628	0.261969
412830	0.203603
363324	0.531071
147786	0.582386
18181	0.478282
18197	0.215828
228046	0.441767
252299	0.272222
202554	0.381718
388120	0.487571
240970	0.423088
19444	0.284880
217740	0.212067
218211	0.311342
34725	0.522882
278036	0.456374
204630	0.225700
176903	0.235849
314376	0.343834
218786	0.228469
21354	0.264888
191548	0.460167
191765	0.185217
279084	0.327519
191822	0.261876
279296	0.518807
206396	0.594896
112121	0.400041
267547	0.303503
367758	0.446954
303514	0.657962
152669	0.214115
86700	0.269448
255460	0.144206
139263	0.398352
355241	0.244057
304261	0.408810
193336	0.262671
59826	0.770079
316603	0.237463
37979	0.902294
60442	0.154150
154177	0.191836
101305	0.505917
406826	0.334100
38841	0.225694
140936	0.206909
155166	0.388482
257376	0.409639
39504	0.285509
155402	0.424249
419522	0.283328
343744	0.183810
40283	0.216911
305867	0.133330
393595	0.608357
195451	0.119049
182130	0.270811
234821	0.447325
370765	0.639817
371015	0.266282
332170	0.253292
358299	0.435173
271191	0.270561
210847	0.609152
408944	0.560207
408963	0.325527
27205	0.355519
196874	0.197427
247772	0.382245
247946	0.474190
157317	0.283350
63940	0.639248
130158	0.458977
27857	0.220762
13378	0.453846
13416	0.381529

2013061017060000011	0.737169
2013061017060000011	201306101706	http://www.huffingtonpost.com/francis-levy/ed-the-erectile-dysfuncti_b_3416295.html	Francis Levy : E.D. , the Erectile Dysfunctional
42887	0.351159
372394	0.328088
320496	0.534100
1029	0.722394
144751	0.211130
44512	0.313818
131612	0.149013
158665	0.730165
225242	0.534555
334774	0.693671
132583	0.552366
199895	0.959119
47577	0.644469
146344	0.922377
160106	0.479887
386279	0.949675
186771	0.433059
349092	0.647110
80523	0.280415
107276	0.338201
263044	0.811037
263148	0.540348
226990	0.771888
160988	0.283552
387127	0.627026
107845	0.388169
251566	0.704876
188039	0.821287
32727	0.645441
4513	0.434711
216488	0.216818
188546	0.400971
324850	0.648399
69355	0.516989
108981	0.371603
288012	0.406801
148810	0.407977
52943	0.431499
175308	0.649161
175334	0.239789
175415	0.309442
189648	0.745630
377380	0.693765
277433	0.283425
289247	0.457290
366701	0.466816
151566	0.376292
278715	0.706541
205534	0.455044
302698	0.232507
416356	0.587802
206194	0.369682
86339	0.348592
255275	0.430319
58461	0.323377
178678	0.618474
231852	0.609629
112709	0.303940
86999	0.273870
59826	0.737169
244952	0.759819
127025	0.524585
330236	0.738628
154604	0.445758
209161	0.482295
194882	0.404409
370204	0.378034
182136	0.778557
182193	0.413532
223090	0.830250
295242	0.733513
345590	0.355846
63940	0.559212
371759	0.424451
27857	0.280676
13378	0.426474

2013061305060000002	0.712000
2013061305060000002	201306130506	http://examiner.com/article/mars-rat-picture-goes-viral?cid=Editorial-NearYou-HP-RecentArticles	` Mars Rat ' picture goes viral - National Space news | Examiner.com
295914	0.347600
346240	0.398882
212175	0.482226
144709	0.472812
410471	0.582748
29100	0.309481
44683	0.568982
14600	0.369365
44929	0.169137
119223	0.583171
47683	0.213706
348556	0.311125
322776	0.421659
49439	0.335166
49532	1.047149
362802	0.466057
374905	0.229958
49825	0.197948
50126	0.274084
17419	0.225028
17631	0.440162
107845	0.338898
4312	0.681808
161597	0.562783
18197	0.232759
121417	0.527194
337405	0.408261
95740	0.335756
108673	0.257731
350716	0.492933
350885	0.626136
5221	0.448555
188859	0.788926
400887	0.317045
241109	0.353973
364887	1.067512
109894	0.443772
19654	0.334558
253131	0.366519
189781	0.494932
54801	0.895220
176505	0.437949
278036	0.553538
176595	0.559240
353329	0.333230
85271	0.360422
205569	0.273679
353773	0.460798
85866	0.640208
206150	0.349028
99858	0.544571
9480	0.388044
59826	0.712000
355984	0.509224
24272	0.442940
61023	0.276019
180760	0.238184
101799	1.091395
305426	0.573042
194769	0.486114
114569	0.389253
370204	0.458423
40622	0.342363
128628	0.675477
26542	0.317631
222651	0.551960
222813	0.252662
270886	0.442312
182683	0.470810
157317	0.321112
248093	0.325061

2013061304400000005	0.712000
2013061304400000005	201306130440	http://examiner.com/article/mars-rat-picture-goes-viral?cid=Editorial-NearYou-HP-RecentArticles	` Mars Rat ' picture goes viral - National Space news | Examiner.com
295914	0.347600
346240	0.398882
212175	0.482226
144709	0.472812
410471	0.582748
29100	0.309481
44683	0.568982
14600	0.369365
44929	0.169137
119223	0.583171
47683	0.213706
348556	0.311125
322776	0.421659
49439	0.335166
49532	1.047149
362802	0.466057
374905	0.229958
49825	0.197948
50126	0.274084
17419	0.225028
17631	0.440162
107845	0.338898
4312	0.681808
161597	0.562783
18197	0.232759
121417	0.527194
337405	0.408261
95740	0.335756
108673	0.257731
350716	0.492933
350885	0.626136
5221	0.448555
188859	0.788926
400887	0.317045
241109	0.353973
364887	1.067512
109894	0.443772
19654	0.334558
253131	0.366519
189781	0.494932
54801	0.895220
176505	0.437949
278036	0.553538
176595	0.559240
353329	0.333230
85271	0.360422
205569	0.273679
353773	0.460798
85866	0.640208
206150	0.349028
99858	0.544571
9480	0.388044
59826	0.712000
355984	0.509224
24272	0.442940
61023	0.276019
180760	0.238184
101799	1.091395
305426	0.573042
194769	0.486114
114569	0.389253
370204	0.458423
40622	0.342363
128628	0.675477
26542	0.317631
222651	0.551960
222813	0.252662
270886	0.442312
182683	0.470810
157317	0.321112
248093	0.325061

2013061201190000002	0.702747
2013061201190000002	201306120119	http://feeds.nbcnews.com/c/35002/f/653377/s/2d299049/l/0Lscience0Bnbcnews0N0C0Inews0C20A130C0A60C110C1890A72690Efederal0Eagency0Eproposes0Eincreasing0Eprotection0Efor0Ecaptive0Echimpanzees0Dlite/story01.htm	Federal agency proposes increasing protection for captive chimpanzees - Science
383787	0.442941
346240	0.344605
158022	0.269503
104617	0.453344
43550	0.286811
333678	0.330073
296589	0.245419
346891	0.596046
410141	0.755853
158442	0.928368
104984	0.424195
1016	0.167205
158581	0.316065
198746	0.589194
396703	0.545120
1443	0.262089
45300	0.258717
284972	1.287160
238113	0.426726
335408	0.465661
49044	0.260773
374721	0.578823
362791	0.761587
107391	0.236728
298927	0.533351
412599	0.630985
50045	0.259916
227147	0.349227
187805	0.259018
350137	0.618865
108495	0.594151
188819	0.582930
52812	0.575972
54088	0.465311
54593	0.465398
136543	0.315025
218055	0.360076
278076	0.718426
266136	0.309741
389877	0.465393
314376	0.327473
403498	0.452097
205363	0.452550
340569	0.268252
177530	0.563057
327898	0.369151
164880	0.705651
152146	0.306143
152186	0.244328
86265	0.347087
86366	0.933958
138923	0.295423
192490	0.448957
86563	0.496816
354863	0.503310
178983	0.392529
220322	0.396092
126326	0.628316
166331	0.206205
59826	0.702747
61023	0.201391
113859	0.543937
127505	0.330143
245814	0.451283
61743	0.400003
141468	0.399930
40115	0.209276
270082	0.583402
344122	0.309906
270234	0.182369
40725	0.537172
102693	0.464948
234666	0.263401
210578	0.193264
282724	0.271160
318976	0.358886
358325	0.424886
247837	0.367353
64037	0.287740
346013	0.372866

2013060816170000002	0.701279
2013060816170000002	201306081617	http://www.nydailynews.com/news/world/3-pilots-report-ufos-uk-scientology-hq-article-1.1366867?localLinksEnabled=false	3 pilots report seeing UFOs over UK 's Scientology HQ - NY Daily News
307799	0.445965
91424	0.245329
224196	0.415232
13917	0.304051
372365	0.387377
144368	0.555440
333750	0.905612
333777	0.333567
333947	0.235603
131612	0.133100
273058	0.323692
29376	0.313954
65944	0.198060
145844	0.922594
321786	0.413921
334974	0.635078
132640	0.191896
119076	0.272158
225709	0.400877
385654	0.379497
238186	0.559227
213919	0.561527
214110	0.365542
172094	0.200117
106512	0.430433
172653	0.604621
49183	0.473569
67837	0.305068
362862	0.603801
386790	0.316750
49825	0.158977
187321	0.689038
50251	0.180220
173472	0.421404
263361	0.393474
287070	0.338007
251894	0.462020
4513	0.368747
388602	0.482745
402171	0.536241
415005	0.554472
339186	0.429849
190120	0.331504
313645	0.158528
278036	0.416056
366179	0.386649
339798	0.284546
366532	0.589145
218786	0.258965
353329	0.310972
85147	0.425078
366791	0.351336
85179	0.509683
230607	0.769569
390486	0.211672
404016	0.456562
164856	0.334747
35989	0.525427
191822	0.305273
404424	0.312103
85938	0.391037
206183	0.303864
279296	0.412212
315308	0.336356
125416	0.202204
72696	0.746562
267547	0.332637
86413	0.255588
22767	0.169513
255460	0.166046
267820	0.313316
139298	0.223716
179220	0.446500
37182	0.350639
37186	0.278010
418116	0.408593
59826	0.701279
304406	0.573579
356029	0.442085
60085	0.225784
60429	0.367985
24272	0.475297
140574	0.418566
392738	0.674776
194293	0.205302
233540	0.528392
39177	0.429482
114434	0.364920
40049	0.355130
11331	0.366994
270234	0.183261
115199	0.296669
420308	0.454233
102992	0.205344
408630	0.334686
408761	1.120273
383186	0.216825
319356	0.497085
319623	0.625020
223689	0.559973

2013061202030000006	0.696360
2013061202030000006	201306120203	http://feeds.nbcnews.com/c/35002/f/653377/s/2d29b885/l/0Lscience0Bnbcnews0N0C0Inews0C20A130C0A60C110C188986650Echina0Elaunches0Ethree0Espacefliers0Efor0Erendezvous0Ewith0Eorbital0Elab0Dlite/story01.htm	China launches three spacefliers for rendezvous with orbital lab - Science
346240	0.544566
43097	0.606599
158022	0.267736
333540	0.778283
296589	0.243761
410141	0.751784
410287	0.334614
360536	0.639209
396703	0.548831
284972	0.728702
396954	0.449814
238113	0.301171
397732	0.270127
262116	0.647884
335408	0.462794
93872	0.723515
160314	0.367879
374721	0.573170
262910	0.745894
412354	0.596692
80523	0.235668
215030	0.177592
362791	0.757046
412599	0.626595
323886	0.712657
51277	0.473105
312073	0.229417
96043	0.280461
52650	0.384126
400796	0.548266
175338	0.656968
54088	0.527613
54593	0.466528
218055	0.246051
278036	0.570858
278076	0.479943
266136	0.308015
389877	0.466441
314376	0.233688
111136	0.521432
205258	0.620891
205363	0.304538
340569	0.266548
152186	0.264438
125416	0.129665
367619	0.538849
22502	0.718245
86379	0.461654
192490	0.444776
267820	0.498727
23001	0.173913
126106	0.411712
232145	0.747084
304060	0.747568
59826	0.696360
140068	0.293874
87648	0.857652
87798	0.285761
208309	0.383556
392496	0.334708
127505	0.268002
419316	0.874012
305426	0.486594
40038	0.329730
419683	0.666991
40115	0.209673
270082	0.577837
419915	0.488717
294167	0.974714
282218	0.672690
102693	0.465913
382960	0.509785
358325	0.422435
90199	0.776591
63445	0.254440
76501	0.429977
197026	0.319642
395068	0.466039
63999	0.172691
64147	0.808600
130219	0.454995

2013061201190000003	0.677129
2013061201190000003	201306120119	http://feeds.nbcnews.com/c/35002/f/653377/s/2d299048/l/0Lscience0Bnbcnews0N0C0Inews0C20A130C0A60C110C1890A78480Epigments0Esuggest0Efamed0Edino0Ebird0Esported0Eblack0Eand0Ewhite0Efeathers0Dlite/story01.htm	Pigments suggest famed dino-bird sported black and white feathers - Science
346240	0.331467
158022	0.313778
104617	0.437388
43550	0.276770
296589	0.236023
410141	1.054817
260273	0.457482
78446	0.201148
396703	0.524535
284972	0.708008
65944	0.206199
46424	0.321223
273682	0.428786
238113	0.290983
93578	0.586936
335408	0.730884
79954	0.856854
3196	0.852497
250931	0.598366
412218	1.276098
374721	0.558029
214935	0.654404
49394	0.439875
49519	0.427751
187088	0.304059
362791	1.022863
399020	1.054468
187249	0.413766
412599	1.006842
349628	0.380586
161154	0.737510
134361	0.360762
350137	0.596969
18197	0.208604
32744	0.438818
324474	0.822021
337422	0.569769
376198	0.351671
276705	0.326567
414124	0.368153
54593	0.449459
218055	0.238781
136879	0.647983
278076	0.466128
266136	0.357132
389877	0.449545
390046	0.352084
314376	0.226523
218786	0.274553
205363	0.295426
151674	0.176308
85271	0.351685
340569	0.379076
404008	0.403886
327898	0.356367
206075	0.556848
111872	0.686468
192490	0.432669
178983	0.378860
112741	0.627603
126382	0.272982
9384	0.216109
59826	0.677129
406187	0.496724
329824	0.482220
60499	0.369002
256447	0.647939
61140	0.252484
127505	0.259884
61743	0.385777
419522	0.268399
40115	0.230328
343994	0.450445
270082	0.562339
40622	0.312192
195451	0.135088
102693	0.449207
210578	0.209291
168955	1.112482
358325	0.408289
63999	0.215485
346013	0.384867
13401	0.512234

2013061202010000006	0.651480
2013061202010000006	201306120201	http://science.nbcnews.com/_news/2013/06/11/18907848-pigments-suggest-famed-dino-bird-sported-black-and-white-feathers	Pigments suggest famed dino-bird sported black and white feathers - Science
346240	0.333051
77489	0.301735
158022	0.305575
296589	0.227053
410141	1.033847
260273	0.451203
78446	0.196057
396703	0.510173
284972	0.681173
65944	0.200996
46424	0.314115
273682	0.417460
238113	0.279905
93578	0.577238
335408	0.711826
79954	0.837202
3196	0.831243
250931	0.591940
412218	1.253145
374721	0.536913
214935	0.639787
49394	0.430004
49519	0.418924
187088	0.296575
362791	0.994750
399020	1.035139
187249	0.404541
412599	0.985568
349628	0.374811
161154	0.724405
323886	0.660714
134361	0.352062
18197	0.203760
32744	0.428712
324474	0.802664
337422	0.558086
376198	0.342823
276705	0.318923
414124	0.358452
54593	0.437205
218055	0.229722
136879	0.633378
278036	0.524908
278076	0.448455
266136	0.345570
389877	0.437315
390046	0.344472
314376	0.217922
218786	0.267584
205258	0.575442
205363	0.284214
151674	0.173888
85271	0.346288
340569	0.369154
404008	0.392968
206075	0.542435
111872	0.675987
22502	0.665224
192490	0.416286
112741	0.613650
126382	0.265825
9384	0.212007
59826	0.651480
406187	0.484302
329824	0.471334
60499	0.362545
256447	0.633141
61140	0.245767
127505	0.250018
305426	0.447427
419522	0.264809
40115	0.225071
343994	0.438296
270082	0.541053
40622	0.303828
195451	0.132030
282218	0.622623
102693	0.437012
195894	0.440142
210578	0.205720
168955	1.099891
382960	0.471997
358325	0.392749
76501	0.398773
63999	0.210379
64147	0.750702
346013	0.375874
13401	0.499385

2013061014150000015	0.627838
2013061014150000015	201306101415	http://www.huffingtonpost.com/diana-nyad/esther-williams-memories_b_3413456.html?utm_hp_ref=celebrity&ir=Celebrity	Diana Nyad : Esther Williams : Irrepressible
42887	0.314206
43446	0.285666
130869	0.344904
272342	0.339629
396137	0.390623
333892	0.177724
144751	0.229485
158619	0.567506
14444	0.226052
44512	0.278012
131612	0.129605
158665	0.645331
65639	0.540897
261064	0.226951
225242	0.463504
105695	0.269638
199489	0.351219
132583	0.471852
185927	0.261649
397731	0.332574
47577	0.549975
47683	0.179248
361912	0.499642
47716	0.378638
172242	0.521164
146721	0.380991
286257	0.537998
119994	0.301143
263044	0.717648
107391	0.292604
263148	0.482861
226990	0.688887
251521	0.250694
400178	0.249944
95803	0.157435
148424	0.400302
216488	0.188776
264342	0.387558
82452	0.320985
53045	0.375451
175308	0.564027
338538	0.412457
136246	0.312217
594813	0.760048
377380	0.618382
204032	0.296603
110333	0.378555
277777	0.444226
253648	0.462510
218169	0.248033
176737	0.593666
366701	0.406872
151566	0.333757
278715	0.628983
177720	0.419223
327973	0.198453
192292	0.301653
354692	0.315922
405075	0.345087
58461	0.289726
178678	0.536814
391350	0.594962
58674	0.238033
231852	0.538174
291748	0.617372
355346	0.220170
220383	0.442277
9384	0.156149
59826	0.627838
166686	0.762197
60466	0.296498
126864	1.116615
126889	0.546321
154177	0.147482
406578	0.387887
61023	0.188564
24355	0.192493
154604	0.396336
180649	0.368111
114207	0.232174
181077	0.277975
357050	0.248236
114535	0.312057
40003	0.300031
62066	0.171729
141580	0.498458
11270	0.328973
11271	0.171797
294049	0.281400
258216	0.294925
294454	0.326846
196221	0.268736
358299	0.391479
210739	0.300681
282975	0.395704
358483	0.296440
63449	0.378703
196884	0.294914
63940	0.478186
13378	0.363581

2013061202430000005	0.622469
2013061202430000005	201306120243	http://science.nbcnews.com/_news/2013/06/11/18908029-asteroid-miners-crowdfunded-space-telescope-may-hunt-for-alien-planets	Asteroid miners ' crowdfunded space telescope may hunt for alien planets - Science
346240	0.488933
158022	0.237844
117367	0.371294
13917	0.312100
296589	0.216652
410141	0.665926
320625	0.292292
144751	0.197275
144838	0.202178
78274	0.714224
1197	1.001122
272968	0.150890
396703	0.486497
284972	0.650676
118399	0.225292
238113	0.266901
397701	0.283306
106128	0.201477
106360	0.240200
335408	0.410722
322637	0.226241
49044	0.238087
374721	0.513200
323171	0.413415
94492	0.820627
362791	0.671542
187249	0.373191
412599	0.557189
239473	0.537213
50387	0.161777
120809	0.230972
323886	0.924486
147740	0.282357
275760	0.653296
324139	0.739144
4312	0.406329
174437	0.295612
5221	0.303780
276690	0.299623
414124	0.311981
19528	0.359952
54394	0.261638
54593	0.417951
218055	0.219356
150581	0.256363
278036	0.651501
278076	0.428324
266136	0.272966
389877	0.418110
110981	0.315974
98445	0.330612
415793	0.264181
314376	0.208013
205258	0.847184
390218	0.156679
205363	0.271357
151497	0.349145
340569	0.236672
205569	0.209047
22502	0.899299
192490	0.397799
86546	0.201577
354912	0.278230
267820	0.347399
139299	0.269548
418017	1.392982
9384	0.155748
59826	0.622469
60085	0.218248
167001	0.216487
221055	0.229833
24355	0.174543
406826	0.437552
127505	0.238679
208874	0.394079
305426	0.565827
40038	0.279195
40115	0.188163
305867	0.134785
270082	0.517091
370204	0.441138
40448	0.292903
282218	0.874621
102693	0.417875
26235	0.229646
258343	1.209618
12065	0.411177
382960	0.548022
210739	0.289219
358325	0.374544
394580	0.177643
90199	0.518290
76501	0.536103
76661	0.272785
223431	0.317742
104018	0.396297
116814	0.327774
64147	0.872054

2013061320590000020	0.610488
2013061320590000020	201306132059	http://www.npr.org/blogs/pictureshow/2013/06/07/189564533/via-instagram-insight-into-turkeys-protests?ft=1&f=	Via Instagram , Insight Into Turkey 's Protests : The Picture Show : NPR
446035	1.019422
333892	0.203109
1016	0.148653
131612	0.180665
78446	0.246882
273106	0.486210
297402	0.703421
145567	0.346265
2000	0.613771
397340	0.173299
411246	0.432577
185927	0.254223
66911	0.230071
106401	0.196741
238746	0.414967
119994	0.310096
50126	0.243643
363212	0.595619
50282	0.304926
50423	0.348355
251521	0.269401
50949	0.400493
350048	0.403381
228232	0.265664
162324	0.291877
53010	0.560972
252665	0.536033
351216	0.351058
376846	0.482626
203253	0.355453
175415	0.265440
83010	0.310201
241466	1.112474
229028	1.158520
97369	0.649044
217740	0.312486
150507	0.344167
176539	0.285410
366066	0.340017
163716	0.340966
176903	0.266606
124135	0.321545
403380	0.279533
353322	0.374757
353466	0.603930
151461	0.233656
205568	0.226279
477046	1.455824
315092	0.452339
206019	0.261418
303040	0.240944
303485	0.368723
341569	1.217997
405075	0.341595
231760	0.293969
329021	0.361384
192862	0.632152
179200	0.593298
207465	0.211329
59826	0.610488
193469	0.609855
280650	1.084657
73830	0.652438
61023	0.189555
154604	0.364914
180582	0.639305
10446	0.214974
38841	0.276081
39371	1.249956
40115	0.200886
11270	0.281518
234283	0.540210
393720	0.705762
331534	0.238840
270454	0.334049
89675	0.228274
142285	0.686888
168810	0.398626
196242	0.220007
394580	0.232324
581427	1.075286
235487	0.476548
157317	0.311877
63999	0.181136
64164	0.387763
64242	0.767281

2013061318590000013	0.608455
2013061318590000013	201306131859	http://www.npr.org/blogs/pictureshow/2013/06/13/189564533/via-instagram-insight-into-turkeys-protests?ft=1&f=	Via Instagram , Insight Into Turkey 's Protests : The Picture Show : NPR
446035	1.030570
333892	0.202210
1016	0.148287
131612	0.180517
78446	0.245930
273106	0.483908
297402	0.700682
145567	0.344674
2000	0.611709
397340	0.173578
411246	0.433250
185927	0.253646
66911	0.229339
106401	0.197534
238746	0.415018
119994	0.308820
50126	0.243615
363212	0.593566
50282	0.303584
50423	0.346829
251521	0.268250
50949	0.399297
350048	0.401517
228232	0.265093
162324	0.291526
53010	0.560175
252665	0.534837
351216	0.349409
376846	0.481608
203253	0.354551
175415	0.264260
83010	0.308889
241466	1.108858
229028	1.152740
97369	0.649564
217740	0.311173
150507	0.342506
176539	0.284255
366066	0.338452
163716	0.342460
176903	0.265339
124135	0.320546
403380	0.278835
353322	0.373590
353466	0.604883
151461	0.234730
205568	0.227488
477046	1.448584
315092	0.451242
206019	0.261651
303040	0.240264
303485	0.367936
341569	1.212481
405075	0.340158
231760	0.293044
329021	0.361918
192862	0.631997
179200	0.594118
207465	0.212857
59826	0.608455
193469	0.607854
280650	1.079386
73830	0.653076
61023	0.195421
154604	0.363975
180582	0.636743
10446	0.214503
38841	0.277275
39371	1.244601
40115	0.199953
11270	0.280340
234283	0.537889
393720	0.702685
331534	0.237764
270454	0.334540
89675	0.227507
142285	0.683835
168810	0.397706
196242	0.219394
394580	0.231599
581427	1.071428
235487	0.475305
157317	0.310448
63999	0.180354
64164	0.387745
64242	0.764183

2013060613350000022	0.599838
2013060613350000022	201306061335	http://www.foxnews.com/science/2013/06/06/curiosity-rover-leaving-mars-rat-behind/	Curiosity Rover leaving ` Mars rat ' behind | Fox News
346240	0.297190
117263	0.209417
346697	0.518676
248959	0.537671
272556	0.271600
198685	0.357381
297618	0.561406
118855	0.216057
172094	0.187323
93606	0.558964
398237	0.969485
2996	1.246018
94464	0.455348
120655	0.277579
68443	0.546335
4312	0.577221
174084	0.563264
69216	0.468559
400796	0.390239
352188	0.424494
352484	0.450675
176505	0.460629
327491	0.215412
7748	0.484162
177686	0.240073
327973	0.201117
36073	0.241027
303150	0.248007
99858	0.441009
329824	0.351552
9952	0.521881
154210	0.277990
232974	0.274460
381174	0.924925
101799	0.895081
305426	0.500251
234012	0.467335
234624	0.304332
41080	0.568382
12022	0.253961
408780	0.523147
13378	0.351883
42700	0.281770
42945	0.371163
42985	0.966860
77489	0.276171
44683	0.737643
261064	0.223764
46174	0.276375
335007	0.340150
361551	0.466207
160066	0.363231
411997	0.231387
49439	0.292501
49532	0.786572
187249	0.441284
134360	0.288146
18197	0.210659
240238	0.794534
216312	0.230705
188686	0.677407
288001	0.572852
109325	0.267048
364887	0.596970
54390	0.280359
163167	1.307653
54801	0.681778
289126	0.401272
83855	0.579092
313645	0.160635
289384	0.684993
55883	0.266916
390046	0.245074
390210	0.575313
366782	0.380531
191822	0.378231
86115	0.388846
57915	0.368363
267497	0.868587
112198	0.210363
267820	0.340430
22851	0.343996
220091	0.570661
165807	0.228769
87062	0.933504
59826	0.599838
60085	0.210910
60442	0.161453
140936	0.220362
221522	0.270098
194923	0.255438
343825	0.512046
62066	0.218644
370204	0.354284
196069	0.415371
63445	0.224850
142832	0.712229
295182	0.778230
196874	0.283019
63869	0.275049

2013060919520000008	0.595603
2013060919520000008	201306091952	http://www.huffingtonpost.com/patrick-mott/my-problem-with-school_b_3408071.html	Patrick Mott : My Problem With School
157738	0.596799
64646	0.613528
28250	0.501685
117507	0.673261
260155	0.232098
44512	0.259681
131673	0.444136
78594	0.227834
273058	0.237624
360626	0.190983
105391	0.512888
45349	0.260200
373244	0.273278
132008	0.329113
118399	0.268803
118855	0.203201
132583	0.448059
397701	0.320300
186166	0.419309
47577	0.522073
106401	0.199057
386202	0.458789
322815	0.471182
362315	0.367753
107351	0.160220
336407	0.462962
50251	0.197751
50282	0.281494
187501	0.542627
387127	0.546461
120809	0.282198
299512	0.642322
18029	0.398181
174092	0.535817
188039	0.713216
18197	0.191466
4513	0.375549
95803	0.150514
217101	0.287249
175333	0.280462
33855	0.427868
338559	0.173801
401738	0.359872
136418	0.348735
289016	0.454286
150063	1.034734
34412	0.530324
366066	0.376622
278169	0.405440
190722	0.449645
55982	0.422532
110981	0.335410
353325	0.317613
22122	0.326133
152186	0.289644
354284	0.206636
57877	0.432312
279406	0.501878
86339	0.303259
8502	0.435643
112198	0.225981
255275	0.370498
192478	0.653728
354863	0.332325
368273	0.196360
113026	0.521565
153685	0.386654
59826	0.595603
356083	0.332265
292470	0.551433
127025	0.452421
245404	0.393017
61023	0.184958
330236	0.639200
141018	0.355614
246074	0.553196
39498	0.357503
114535	0.303169
39690	0.358721
88849	0.483977
305867	0.148581
11340	0.224172
102485	0.206857
102548	0.494965
26086	0.386157
581147	0.864689
62565	0.364018
182193	0.358488
41080	0.437020
12542	0.658374
116023	0.320950
103476	0.710981
307030	0.524118
157101	0.329450
63940	0.454222
63999	0.161026
197387	0.426127
64220	0.222365
27857	0.223110
13378	0.345024

2013060615020000005	0.594913
2013060615020000005	201306061502	http://www.examiner.com/article/nasa-mars-rat-is-just-a-rock?cid=rss	NASA : ` Mars Rat ' is just a rock - National Space news | Examiner.com
42700	0.339450
295914	0.312141
42945	0.446807
346240	0.341084
77489	0.320366
91440	0.393205
346697	0.601485
212175	0.440401
248959	0.535950
396307	0.331644
144709	0.396698
44683	0.480101
14600	0.311287
44929	0.179184
1443	0.217789
213121	0.281445
347748	0.269330
119223	0.487187
47269	0.327214
66911	0.233335
47683	0.229169
348556	0.261641
250463	0.305820
322776	0.355691
49439	0.291186
49532	0.946600
362802	0.389382
374905	0.193151
239321	0.618190
49825	0.176718
50126	0.243939
17631	0.381890
134360	0.334124
4312	0.747295
174084	0.653295
161597	0.500723
121417	0.442692
337405	0.340955
95740	0.298927
350716	0.443491
350885	0.558588
288001	0.690821
400796	0.470481
5221	0.400257
188859	0.664404
400887	0.264954
122188	0.347312
364887	0.930093
19654	0.221877
253131	0.326423
54390	0.273308
54801	0.813509
352188	0.492385
289126	0.465600
176505	0.424941
176595	0.497251
205569	0.228579
353773	0.495772
206150	0.310950
125416	0.122880
57915	0.427208
99858	0.454866
244153	0.323550
86700	0.288299
220091	0.687826
165807	0.248849
59826	0.594913
38261	0.492895
24272	0.370131
61023	0.231394
61143	0.208077
180760	0.199032
221522	0.313346
39060	0.276614
101799	0.937183
305426	0.497977
269664	0.197628
74956	0.515940
114569	0.345996
370204	0.384200
270234	0.183108
128628	0.567057
11756	0.337643
357905	0.200215
26542	0.283073
222651	0.462197
222813	0.212100
270886	0.393410
408780	0.630396
409205	0.233389
13378	0.360178

2013061101050000006	0.593510
2013061101050000006	201306110105	http://feeds.abcnews.com/c/35229/f/654835/s/2d1c1e02/l/0Labcnews0Bgo0N0CWNT0Cvideo0Cinstant0Eindex0Ecyndi0Elauper0Ewoman0Ewin0Esolo0Etony0E19369553/story01.htm	Instant Index : Cyndi Lauper First Woman to Win Solo Tony for Best Score | Video - ABC News
77578	0.501571
131280	0.284003
333927	0.401167
333947	0.243273
44176	0.406302
396313	0.533536
260457	0.259639
260504	0.787138
131612	0.161815
44929	0.131752
159322	0.504525
185739	0.359576
132583	0.443433
66579	0.615908
106491	0.147522
48904	0.755891
310722	0.370820
173052	0.615339
120367	0.176456
107639	0.237811
50587	0.420350
227254	0.587784
363446	0.551511
18029	0.312100
18197	0.195290
400178	0.217777
287630	0.760345
174412	0.441315
33064	0.767029
122188	0.355279
401412	1.174649
401463	0.561094
401672	0.679013
229750	0.388918
190710	0.592140
339881	0.410073
390029	0.532406
191155	0.732981
366907	0.269189
151727	0.226709
327713	0.690242
164593	0.272059
404008	0.350223
177686	0.321842
327950	0.984256
177792	0.330377
191765	0.240081
57440	0.404847
404537	0.336857
279296	0.413861
86700	0.287325
58561	0.280684
139274	0.343872
355241	0.231688
380112	0.637770
207465	0.280841
59826	0.593510
368608	0.263536
59875	0.294071
60442	0.183531
60499	0.332132
154214	0.507177
342943	0.379002
180655	0.380237
369416	0.293753
317369	0.220092
180760	0.268278
61441	0.226510
140936	0.222116
39364	0.535383
343591	0.465187
194882	0.297537
39715	0.226088
11271	0.164294
102498	0.563743
370580	0.419004
89616	0.474854
357905	0.263348
282659	0.969075
129384	0.961094
182902	0.259506
76431	0.324108
247779	0.208723
157317	0.279721
63940	0.447270
27857	0.366471

