20130501
16
20130730 20130731

2013073120300000012	1.572515
2013073120300000012	201307312030	http://www.examiner.com/article/national-ufo-alert-six-states-report-249-june-cases?cid=rss	National UFO Alert : Six states report 249 June cases - National ufo | Examiner.com
283879	0.528803
78406	0.298696
78446	0.347936
284732	0.315104
297207	0.496209
29858	0.416424
385369	0.458048
106642	0.511714
67485	0.572610
172805	0.539772
16907	0.573711
133798	0.590023
336376	0.504970
201355	0.479170
412830	0.310587
187556	0.298686
364153	0.286710
228113	0.243475
82304	0.447476
96186	0.349002
69907	0.353371
123589	0.417384
390044	0.626906
138014	0.463640
72193	0.619249
205852	0.616030
152146	0.416097
206243	0.522825
57800	0.278441
125416	0.285426
23001	0.189021
355241	0.305068
303963	0.256490
37461	0.552590
59826	1.572515
268560	1.275640
280740	0.711742
73866	0.281698
208265	0.537916
154184	0.582550
232974	0.327517
221055	0.363296
281595	0.510037
11271	0.299644
305867	0.202193
195451	0.192549
331534	0.304616
182246	0.395567
382669	0.438039
294747	0.504876
89916	0.560106
235025	0.547521
258698	0.530110
235377	0.336341
197144	0.571599
63869	0.374585

2013073122420000007	0.799292
2013073122420000007	201307312242	http://photoblog.nbcnews.com/_news/2013/07/31/19799956-check-out-these-ufos-unworldly-fantastical-objects	Check out these UFOs ( unworldly fantastical objects ) - PhotoBlog
409567	0.618745
346240	0.428347
333183	0.755885
346504	1.216794
43428	0.377375
144751	0.196369
198684	0.300207
29100	0.307118
1197	1.021528
78406	0.242352
44929	0.164086
249365	0.570433
396703	0.499363
78891	0.446785
213365	0.450386
199556	0.298595
297660	0.300552
46984	0.320350
47516	0.369326
160003	0.419182
374176	0.403052
200252	0.357356
172232	0.943893
48164	0.635904
119994	0.374693
238951	0.400495
49305	0.245575
187088	0.347520
49532	0.643021
107454	0.869267
80818	0.234313
201423	0.767653
311337	1.085960
18029	0.413318
52451	1.127631
52650	0.442542
5221	0.437505
414187	0.421526
338307	0.280413
34116	0.812098
54593	0.524376
402141	0.563363
313645	0.248163
366066	0.360214
84737	0.366862
389877	0.524109
390046	0.303674
205568	0.257804
279296	0.652102
57915	0.484530
86700	0.336242
219935	0.342540
23001	0.182509
36941	0.829280
291775	0.740610
59826	0.799292
221055	0.253841
74459	0.772340
101819	0.490848
141183	1.299273
381885	0.547558
305867	0.169859
270385	0.675170
75608	0.496849
102693	0.523345
103009	0.419053
182902	0.331129
395068	0.536681
63999	0.184777
27857	0.291824

2013073123420000010	0.780912
2013073123420000010	201307312342	http://photoblog.nbcnews.com/_news/2013/07/31/19799956-check-out-these-ufos-unworldly-fantastical-objects	Check out these UFOs ( unworldly fantastical objects ) - PhotoBlog
409567	0.607816
346240	0.425446
333183	0.746090
346504	1.197551
43428	0.370594
575	0.739512
144751	0.193868
198684	0.296051
260592	0.517547
29100	0.302932
1197	1.003622
78406	0.237358
44929	0.160995
249365	0.566437
396703	0.487918
45415	0.316097
78891	0.436962
213365	0.440312
199556	0.293611
297660	0.295692
46984	0.316576
47516	0.362526
160003	0.414455
374176	0.397387
200252	0.350881
172232	0.931656
48164	0.621800
119994	0.366723
238951	0.391500
49305	0.242336
187088	0.341490
49532	0.628947
107454	0.849762
80818	0.231171
201423	0.751243
311337	1.065909
18029	0.404753
52451	1.106643
52650	0.433686
5221	0.434370
414187	0.413644
338307	0.275639
34116	0.801676
54593	0.513003
402141	0.555925
313645	0.243715
366066	0.354651
84737	0.358395
389877	0.512796
390046	0.303238
205568	0.252775
279296	0.639693
57915	0.476361
86700	0.331057
219935	0.338257
23001	0.178879
36941	0.817115
291775	0.728753
59826	0.780912
316603	0.262762
221055	0.250220
74459	0.779302
101819	0.482254
141183	1.272917
381885	0.537398
305867	0.166568
270385	0.664001
75608	0.490874
102693	0.512102
103009	0.413889
182902	0.323914
395068	0.526075
63999	0.182646
27857	0.285379

2013073004080000006	0.750936
2013073004080000006	201307300408	http://www.twincities.com/entertainment/ci_23757117/radios-art-bell-returning-sirius-xm-show?source=rss	Radio 's Art Bell returning with Sirius XM show - TwinCities.com
77451	0.457840
130854	0.322527
28799	0.389994
360026	0.506202
284443	0.838882
260512	0.810090
14444	0.245771
385119	0.416580
65944	0.269803
171395	0.509996
297462	0.590137
249787	0.288474
106491	0.190733
172486	0.282882
67399	0.468478
48666	0.475286
49044	0.345528
107400	0.562622
362990	0.472510
50112	0.895448
50126	0.285480
17419	0.257758
337172	0.933409
216312	0.305218
5221	0.492127
69704	0.763862
54242	0.535985
352138	0.740027
289126	0.552246
218394	0.624222
124610	0.437104
278941	0.573374
85854	0.863828
57800	0.239444
22767	0.248197
303963	0.260569
126382	0.331800
418110	0.667733
256061	0.516385
59826	0.750936
329824	0.428972
60442	0.256487
194296	0.570018
40049	0.414413
40115	0.235774
305867	0.177280
40713	0.480039
270454	0.332338
62836	1.295119
12166	0.308575
89916	0.546540
103236	0.635967
358575	0.231784
197081	0.421834
63999	0.233561
64164	0.454043

2013073004050000002	0.736325
2013073004050000002	201307300405	http://news.yahoo.com/radios-art-bell-returning-sirius-xm-show-040335660.html	Radio 's Art Bell returning with Sirius XM show - Yahoo ! News
77451	0.445204
130854	0.313277
28799	0.386566
360026	0.497382
284443	0.816722
131435	0.459618
260512	0.785799
14444	0.243186
385119	0.406708
65944	0.262257
171395	0.497301
297462	0.573740
249787	0.281099
106491	0.186074
172486	0.274271
67399	0.456604
48666	0.460680
49044	0.335739
107400	0.556711
362990	0.462184
50112	0.867675
50126	0.278933
17419	0.252998
251521	0.299250
337172	0.917085
216312	0.299685
5221	0.479664
69704	0.753466
54242	0.525714
352138	0.717611
289126	0.542428
218394	0.607234
124610	0.424493
278941	0.562403
85854	0.837158
57800	0.234278
22767	0.245000
303963	0.252310
126382	0.323855
418110	0.656064
256061	0.505394
59826	0.736325
329824	0.420223
60442	0.251224
180673	0.360844
194296	0.554729
40049	0.403286
40115	0.230556
305867	0.173308
40713	0.466910
270454	0.324630
62836	1.262718
12166	0.300238
89916	0.533061
103236	0.643378
358575	0.225259
197081	0.409120
63999	0.232257
64164	0.443749

2013073004080000003	0.736325
2013073004080000003	201307300408	http://sg.news.yahoo.com/radios-art-bell-returning-sirius-xm-show-040335660.html	Radio 's Art Bell returning with Sirius XM show - Yahoo ! News Singapore
77451	0.445204
130854	0.313277
28799	0.386566
360026	0.497382
284443	0.816722
131435	0.459618
260512	0.785799
14444	0.243186
385119	0.406708
65944	0.262257
171395	0.497301
297462	0.573740
249787	0.281099
106491	0.186074
172486	0.274271
67399	0.456604
48666	0.460680
49044	0.335739
107400	0.556711
362990	0.462184
50112	0.867675
50126	0.278933
17419	0.252998
251521	0.299250
337172	0.917085
216312	0.299685
5221	0.479664
69704	0.753466
54242	0.525714
352138	0.717611
289126	0.542428
218394	0.607234
124610	0.424493
278941	0.562403
85854	0.837158
57800	0.234278
22767	0.245000
303963	0.252310
126382	0.323855
418110	0.656064
256061	0.505394
59826	0.736325
329824	0.420223
60442	0.251224
180673	0.360844
194296	0.554729
40049	0.403286
40115	0.230556
305867	0.173308
40713	0.466910
270454	0.324630
62836	1.262718
12166	0.300238
89916	0.533061
103236	0.643378
358575	0.225259
197081	0.409120
63999	0.232257
64164	0.443749

2013073004130000001	0.736325
2013073004130000001	201307300413	http://www.miamiherald.com/2013/07/30/3530556/radios-art-bell-returning-with.html	NEW YORK : Radio 's Art Bell returning with Sirius XM show - People Wires - MiamiHerald.com
77451	0.445204
130854	0.313277
28799	0.386566
360026	0.497382
284443	0.816722
131435	0.459618
260512	0.785799
14444	0.243186
385119	0.406708
65944	0.262257
171395	0.497301
297462	0.573740
249787	0.281099
106491	0.186074
172486	0.274271
67399	0.456604
48666	0.460680
49044	0.335739
107400	0.556711
362990	0.462184
50112	0.867675
50126	0.278933
17419	0.252998
251521	0.299250
337172	0.917085
216312	0.299685
5221	0.479664
69704	0.753466
54242	0.525714
352138	0.717611
289126	0.542428
218394	0.607234
124610	0.424493
278941	0.562403
85854	0.837158
57800	0.234278
22767	0.245000
303963	0.252310
126382	0.323855
418110	0.656064
256061	0.505394
59826	0.736325
329824	0.420223
60442	0.251224
180673	0.360844
194296	0.554729
40049	0.403286
40115	0.230556
305867	0.173308
40713	0.466910
270454	0.324630
62836	1.262718
12166	0.300238
89916	0.533061
103236	0.643378
358575	0.225259
197081	0.409120
63999	0.232257
64164	0.443749

2013073008440000003	0.736325
2013073008440000003	201307300844	http://www.syracuse.com/entertainment/index.ssf/2013/07/sirius_xm_to_a_new_art_bell_ra.html	A new Art Bell radio show , complete with stories of UFOs and ghosts , to premiere on Sirius XM Radio | syracuse.com
77451	0.445204
130854	0.313277
28799	0.386566
360026	0.497382
284443	0.816722
131435	0.459618
260512	0.785799
14444	0.243186
65944	0.262257
385119	0.406708
171395	0.497301
297462	0.573740
249787	0.281099
106491	0.186074
172486	0.274271
67399	0.456604
48666	0.460680
49044	0.335739
107400	0.556711
362990	0.462184
50112	0.867675
50126	0.278933
17419	0.252998
251521	0.299250
337172	0.917085
216312	0.299685
5221	0.479664
69704	0.753466
54242	0.525714
352138	0.717611
289126	0.542428
218394	0.607234
124610	0.424493
278941	0.562403
85854	0.837158
57800	0.234278
22767	0.245000
303963	0.252310
126382	0.323855
418110	0.656064
256061	0.505394
59826	0.736325
329824	0.420223
60442	0.251224
180673	0.360844
194296	0.554729
40049	0.403286
40115	0.230556
305867	0.173308
40713	0.466910
270454	0.324630
62836	1.262718
12166	0.300238
89916	0.533061
103236	0.643378
358575	0.225259
197081	0.409120
63999	0.232257
64164	0.443749

2013073004190000004	0.728140
2013073004190000004	201307300419	http://www.sacbee.com/2013/07/29/5607149/radios-art-bell-returning-with.html#mi_rss=Wire National News	Radio 's Art Bell returning with Sirius XM show - Wire Entertainment - The Sacramento Bee
77451	0.438648
130854	0.308509
28799	0.384004
360026	0.492293
284443	0.805129
131435	0.455210
260512	0.773373
14444	0.241399
272968	0.186902
385119	0.401428
65944	0.258351
171395	0.490581
297462	0.565242
249787	0.277216
106491	0.183598
172486	0.269877
67399	0.450341
48666	0.453238
49044	0.330683
251126	0.855228
107400	0.552601
362990	0.456561
50112	0.853544
50126	0.275406
17419	0.250294
251521	0.296330
337172	0.907562
216312	0.296528
5221	0.473087
69704	0.746956
54242	0.519925
352138	0.706164
289126	0.536794
218394	0.598395
124610	0.418001
278941	0.556231
85854	0.823578
57800	0.231457
22767	0.242959
303963	0.248123
126382	0.319615
418110	0.649275
256061	0.499371
59826	0.728140
329824	0.415380
60442	0.248310
180673	0.357444
194296	0.546753
40049	0.397481
40115	0.227723
305867	0.171158
40713	0.460084
270454	0.320489
62836	1.245563
12166	0.295894
89916	0.525913
103236	0.644241
295141	1.068172
358575	0.221885
197081	0.402622
63999	0.231022
64164	0.438191

2013073004070000011	0.724313
2013073004070000011	201307300407	http://www.utsandiego.com/news/2013/jul/29/radios-art-bell-returning-with-sirius-xm-show/	Radio 's Art Bell returning with Sirius XM show | UTSanDiego.com
77451	0.435445
130854	0.306171
28799	0.382936
360026	0.489948
284443	0.799495
131435	0.453205
260512	0.767247
14444	0.240633
272968	0.186150
385119	0.398896
65944	0.256440
171395	0.487338
297462	0.561088
249787	0.275337
106491	0.182407
172486	0.267707
67399	0.447313
48666	0.449559
49044	0.328207
251126	0.851622
107400	0.550830
362990	0.453891
50112	0.846552
50126	0.273722
17419	0.249039
251521	0.294998
337172	0.903735
216312	0.299393
5221	0.469905
69704	0.744052
54242	0.517219
352138	0.700514
289126	0.534192
218394	0.594086
124610	0.414813
278941	0.553351
85854	0.816862
57800	0.230120
86546	0.248269
22767	0.242056
303963	0.246045
126382	0.317579
418110	0.646903
256061	0.496522
59826	0.724313
329824	0.413101
60442	0.246936
180673	0.355903
194296	0.542871
40049	0.394655
40115	0.226376
305867	0.170134
40713	0.456753
270454	0.318508
62836	1.237275
12166	0.293778
89916	0.522468
103236	0.645191
295141	1.081082
358575	0.220234
197081	0.399417
63999	0.230545
64164	0.435539

2013073015150000004	0.716754
2013073015150000004	201307301515	http://bigstory.ap.org/article/radios-art-bell-returning-sirius-xm-show	http://bigstory.ap.org/article/radios-art-bell-returning-sirius-xm-show
77451	0.436746
130854	0.307652
28799	0.371992
410287	0.460236
284443	0.800284
260512	0.772689
14444	0.234419
385119	0.397483
65944	0.257368
171395	0.486577
297462	0.562943
249787	0.275216
159833	0.361228
106491	0.181980
298316	0.330058
172486	0.269817
67399	0.446951
48666	0.453332
49044	0.329597
107400	0.536663
362990	0.450911
50112	0.854080
50126	0.272408
337172	0.893012
5221	0.469446
216744	0.733488
69704	0.728554
54242	0.511212
352138	0.705853
218394	0.595475
124606	0.722499
124610	0.416942
85854	0.823924
57800	0.228504
22767	0.236726
303963	0.248528
126382	0.316583
418110	0.638056
256061	0.492803
59826	0.716754
329824	0.409412
60442	0.244636
221105	0.731333
194296	0.543778
40049	0.395339
40115	0.224992
305867	0.169169
40713	0.457955
62565	0.429183
270454	0.317114
62836	1.236802
12166	0.294368
89916	0.521450
103236	0.606615
12513	0.715991
358575	0.221099
197081	0.402356
63999	0.222797
64164	0.433261

2013073005530000001	0.712770
2013073005530000001	201307300553	http://www.mercurynews.com/entertainment/ci_23757348/art-bell-returning-radio-sirius-show-about-paranormal?source=rss	Art Bell returning to radio with Sirius show about the paranormal - San Jose Mercury News
77451	0.434186
130854	0.305840
28799	0.369793
284443	0.795621
260512	0.768116
14444	0.233029
65944	0.255857
385119	0.395204
171395	0.483766
297462	0.559641
249787	0.273619
66911	0.324393
47683	0.245940
106491	0.239713
172486	0.268218
67399	0.584151
48666	0.450643
49044	0.327659
107400	0.533481
362990	0.448358
50112	0.849009
50126	0.270854
17419	0.244690
337172	0.955817
52501	0.688946
5221	0.466672
69704	0.724217
69793	0.278080
54242	0.508164
352138	0.701672
218394	0.591991
124610	0.414485
278941	0.544256
7926	1.044231
85854	0.819034
57800	0.227213
22767	0.235318
303963	0.247050
126382	0.314765
418110	0.634794
256061	0.490025
59826	0.712770
329824	0.407120
60442	0.243179
194296	0.540603
40049	0.393014
40115	0.223715
305867	0.168207
40713	0.582936
270454	0.315302
62836	1.230121
168691	0.929241
12166	0.292647
89916	0.518442
103236	0.603031
358575	0.219800
197081	0.399973
63999	0.221489
64164	0.430793

2013073015060000008	0.712770
2013073015060000008	201307301506	http://www.mercurynews.com/entertainment/ci_23757348/art-bell-returning-radio-sirius-show-about-paranormal	Art Bell returning to radio with Sirius show about the paranormal - San Jose Mercury News
77451	0.434186
130854	0.305840
28799	0.369793
284443	0.795621
260512	0.768116
14444	0.233029
385119	0.395204
65944	0.255857
171395	0.483766
297462	0.559641
249787	0.273619
66911	0.324393
47683	0.245940
106491	0.239713
172486	0.268218
67399	0.584151
48666	0.450643
49044	0.327659
107400	0.533481
362990	0.448358
50112	0.849009
50126	0.270854
17419	0.244690
337172	0.955817
52501	0.688946
5221	0.466672
69704	0.724217
69793	0.278080
54242	0.508164
352138	0.701672
218394	0.591991
124610	0.414485
278941	0.544256
7926	1.044231
85854	0.819034
57800	0.227213
22767	0.235318
303963	0.247050
126382	0.314765
418110	0.634794
256061	0.490025
59826	0.712770
329824	0.407120
60442	0.243179
194296	0.540603
40049	0.393014
40115	0.223715
305867	0.168207
40713	0.582936
270454	0.315302
62836	1.230121
168691	0.929241
12166	0.292647
89916	0.518442
103236	0.603031
358575	0.219800
197081	0.399973
63999	0.221489
64164	0.430793

2013073113560000008	0.674543
2013073113560000008	201307311356	http://www.examiner.com/article/art-bell-back-on-the-air-with-new-paranormal-radio-show-september?cid=rss	Art Bell back on the air with new paranormal radio show in September - National Coast to Coast Radio | Examiner.com
236810	0.846499
28799	0.417498
360026	0.456576
396307	0.396472
131435	0.422537
14444	0.224454
14563	0.627036
78406	0.248572
44929	0.157910
45240	0.240776
45299	0.290966
45992	0.398221
118855	0.255294
397340	0.178182
411997	0.329118
239153	0.546088
107400	0.520195
107401	0.611103
107632	0.331339
50112	1.068859
17419	0.231999
363287	0.291087
251521	0.372152
239816	0.280655
161597	0.547399
337172	0.873264
216312	0.274906
5221	0.325005
122433	0.665381
83010	0.384935
96856	0.413048
175558	0.346140
19444	0.391119
217702	0.284605
289126	0.497750
190598	0.579201
123905	0.350979
415793	0.302084
111175	0.344894
177686	0.311260
278941	0.515381
303150	0.320185
125416	0.177648
354730	0.330125
58221	0.485454
22767	0.188680
23001	0.177198
86999	0.367495
418110	0.709090
59826	0.674543
329824	0.471886
88125	0.398739
181086	0.725816
181241	0.783880
419522	0.280900
181550	0.293872
62066	0.221786
270234	0.261951
40713	0.521987
62836	0.785685
12166	0.285871
103236	0.643959
142496	0.460308
182728	0.695113
295141	1.340395
27205	0.511847
197429	0.294576

2013073013110000019	0.590920
2013073013110000019	201307301311	http://www.examiner.com/article/art-bell-returning-to-radio-september	Art Bell returning to radio in September - National Coast to Coast Radio | Examiner.com
295914	0.318815
130752	0.278548
236810	0.707037
28799	0.373367
360026	0.402641
284392	0.386205
320625	0.272340
44512	0.272084
131612	0.126093
78406	0.212987
272968	0.154337
65944	0.206986
385119	0.324806
45992	0.311018
199556	0.249723
118855	0.199458
106360	0.240542
200252	0.303261
106521	0.346282
172486	0.216213
411997	0.329958
386441	0.278027
49044	0.264460
239153	0.458538
251126	0.704131
107400	0.500646
120367	0.161710
362990	0.372384
50126	0.223585
17419	0.203902
251521	0.284263
134405	0.366613
4374	0.691212
337172	0.763604
299844	0.193244
216312	0.241882
228113	0.159292
82452	0.426300
5221	0.286945
69704	0.556052
96856	0.341474
54390	0.245754
365437	0.450150
54928	0.539154
97631	0.436635
289126	0.438450
204630	0.259246
218394	0.481211
378259	0.523492
278723	0.421463
124610	0.321422
177686	0.311932
278941	0.451974
279040	0.311972
354066	0.157099
404263	0.324904
303150	0.245379
57800	0.174533
125416	0.128672
354730	0.300828
86546	0.206129
152669	0.264458
22767	0.201289
86999	0.367356
126382	0.258328
9384	0.179117
418110	0.471684
59826	0.590920
329780	0.265807
329824	0.441937
60442	0.175045
329913	0.462799
380895	0.746296
88125	0.414908
180673	0.293867
181086	0.656598
10735	0.452844
269664	0.203571
181398	0.613276
40049	0.305259
62066	0.215302
40115	0.185517
305867	0.139272
40622	0.268109
195451	0.170973
270234	0.189558
40713	0.532912
102548	0.541692
270454	0.259892
182246	0.206163
62836	0.893519
103236	0.404038
295141	1.103095
358575	0.177610
319311	0.312875
271551	0.299744
64164	0.356147

