20130501
91
20130615 20130623

2013062121560000006	1.809314
2013062121560000006	201306212156	http://www.examiner.com/article/ufo-britain-top-secret-ufo-files-open-for-public-viewing-no-evidence-found	UFO Britain : Top-secret UFO files open for public viewing , no evidence found - Chicago Top News | Examiner.com
260318	0.353504
1016	0.277825
131612	0.198730
78446	0.323334
46174	0.382469
132640	0.258178
47683	0.269775
386022	0.386063
49044	0.345869
226625	1.066146
107276	0.707891
215030	0.264951
17120	0.365992
120655	0.344710
363287	0.373395
18197	0.384624
69793	0.339549
229215	0.952752
204630	0.320445
390218	0.306039
328212	0.842249
36073	0.358379
303150	0.419033
125416	0.233387
255460	0.265226
23001	0.236948
355241	0.491772
220383	0.630773
59826	1.809314
316448	0.642742
60442	0.324790
392260	0.292580
60653	0.436755
24272	0.679840
61023	0.340717
11340	0.348363
195443	0.496968
282724	0.276535
282795	0.350630
420943	0.692945
156948	0.531841

2013062300010000006	1.703927
2013062300010000006	201306230001	http://www.examiner.com/article/case-closed-california-mom-daughter-encounter-chevron-ufo	Case Closed : California mom-daughter encounter chevron UFO - National ufo | Examiner.com
117263	0.423319
29858	0.520135
385369	0.613505
132640	0.359564
238186	0.970349
262020	1.424861
172733	0.765049
149642	0.748808
351970	0.403783
70669	0.398356
55164	0.567717
279296	0.795107
125416	0.249727
58537	0.722947
23001	0.280646
329097	0.994989
59826	1.703927
268560	1.471422
61143	0.424161
281200	1.028083
61441	0.471283
11271	0.332876
270234	0.291340
168437	0.799436
370759	0.804744
157101	0.804082
63869	0.557339
13378	0.718840

2013062101290000013	1.659906
2013062101290000013	201306210129	http://www.examiner.com/article/case-closed-silent-ufo-under-500-feet-over-florida-home?cid=rss	Case closed : Silent UFO under 500 feet reported over Florida home - National ufo | Examiner.com
117263	0.393266
334098	0.569616
321497	0.732978
29858	0.520364
273682	0.718615
132640	0.346977
214199	0.872821
172486	0.322839
16907	0.749634
375008	0.526380
349628	0.449621
69907	0.458966
149642	0.757630
123589	0.624019
353329	0.683406
279296	0.910871
125416	0.249269
58537	0.784020
23001	0.271089
59826	1.659906
268560	1.390699
11271	0.360847
382076	0.932328
270234	0.291955
393697	0.639568
331534	0.464032
168437	0.752661
89746	1.112181
63869	0.538223
345851	0.792438
13378	0.714427

2013062102570000006	1.610065
2013062102570000006	201306210257	http://www.examiner.com/article/ufo-witness-theater-first-book-released-as-cross-country-witness-testimony	UFO Witness Theater : First book released as ` Cross Country Witness Testimony ' - National ufo | Examiner.com
333947	0.449739
144838	0.311346
132640	0.267749
397731	0.374443
348403	0.493867
93525	0.426259
251008	0.578167
16907	0.661070
215030	0.298856
120419	0.292695
363287	0.396431
120962	0.638877
252299	0.434452
228113	0.242100
135733	0.627834
69793	0.315511
69907	0.403060
96849	1.219197
96856	0.519651
352138	0.752267
110333	0.500110
289407	0.569724
366179	0.549979
218786	0.369638
35600	0.718698
177524	0.708045
302698	0.277956
327973	0.292531
57837	0.291590
125416	0.230084
58537	0.742950
23001	0.228006
418110	0.430782
59826	1.610065
268560	1.243748
140068	0.359354
194293	0.349323
180760	0.283545
393697	0.770495
168437	0.582680
247518	0.375500
196874	0.352008
63869	0.452412
248103	0.677826

2013062117350000021	1.534455
2013062117350000021	201306211735	http://www.examiner.com/article/x-files-of-britain-u-k-ministry-of-defense-releases-final-batch-of-ufo-reports?cid=rss	X-Files of Britain : U.K Ministry of Defense releases final batch of UFO reports - National News | Examiner.com
13784	0.803713
199245	0.359172
237947	0.399706
47516	0.477338
106400	0.269545
47683	0.275501
386022	0.575135
107276	0.494242
94550	0.919954
349628	0.427222
50587	0.627135
336728	0.528496
375463	0.514736
216481	0.477223
69793	0.377898
70465	1.060067
278036	0.864247
57440	0.659315
328212	0.660201
279296	0.543905
125416	0.284317
178520	1.066715
303485	0.432380
22767	0.254876
23001	0.215004
355241	0.426318
220383	0.695952
59826	1.534455
73671	0.358892
60442	0.239955
24272	0.848480
140936	0.347860
269664	0.301777
40115	0.275267
195443	0.521927
270234	0.273150
282795	0.367490
420943	0.629903
156948	0.636494
116475	0.359133

2013062102140000005	1.483620
2013062102140000005	201306210214	http://uk.news.yahoo.com/govt-closed-ufo-desk-50yrs-no-potential-threat-011459377.html	Gov ' t closed UFO desk after 50yrs and no ` potential threat ' - Yahoo ! News UK
117263	0.406123
1016	0.354151
65681	0.759678
132640	0.320930
386068	0.753435
239473	0.715574
174412	0.863033
162324	0.435750
264568	0.687356
69793	0.407718
288889	0.857186
136543	0.637073
55156	1.059524
21354	0.470906
191765	0.459889
219458	0.988543
125416	0.288922
86605	0.454346
152669	0.476998
355241	0.479804
166331	0.467282
59826	1.483620
24272	0.866492
74341	0.988956
269664	0.355896
74861	0.549087
381885	0.757115
195443	0.658466
156948	0.583968

2013062108140000005	1.467686
2013062108140000005	201306210814	http://uk.news.yahoo.com/govt-closed-ufo-desk-50yrs-no-potential-threat-011459377.html	UK closed UFO desk after 50yrs and no ` potential threat ' - Yahoo ! News UK
117263	0.401701
1016	0.350322
65681	0.751411
132640	0.317459
386068	0.745235
239473	0.707804
174412	0.853646
162324	0.431043
264568	0.679941
69793	0.403281
288889	0.847862
136543	0.630146
55156	1.048022
21354	0.465786
191765	0.454892
219458	0.977788
125416	0.285825
86605	0.449441
152669	0.471806
355241	0.474581
166331	0.462274
59826	1.467686
73671	0.472277
24272	0.857122
74341	0.978267
269664	0.352022
74861	0.543119
381885	0.748958
195443	0.651299
156948	0.577643

2013062105070000011	1.467686
2013062105070000011	201306210507	http://sg.news.yahoo.com/uk-closed-ufo-desk-50yrs-no-potential-threat-020751150.html	UK closed UFO desk after 50yrs and no ` potential threat ' - Yahoo ! News Singapore
117263	0.401701
1016	0.350322
65681	0.751411
132640	0.317459
386068	0.745235
239473	0.707804
174412	0.853646
162324	0.431043
264568	0.679941
69793	0.403281
288889	0.847862
136543	0.630146
55156	1.048022
21354	0.465786
191765	0.454892
219458	0.977788
125416	0.285825
86605	0.449441
152669	0.471806
355241	0.474581
166331	0.462274
59826	1.467686
73671	0.472277
24272	0.857122
74341	0.978267
269664	0.352022
74861	0.543119
381885	0.748958
195443	0.651299
156948	0.577643

2013062102070000005	1.467686
2013062102070000005	201306210207	http://sg.news.yahoo.com/uk-closed-ufo-desk-50yrs-no-potential-threat-020751150.html	UK closed UFO desk after 50yrs and no ` potential threat ' - Yahoo ! News Singapore
117263	0.401701
1016	0.350322
65681	0.751411
132640	0.317459
386068	0.745235
239473	0.707804
174412	0.853646
162324	0.431043
264568	0.679941
69793	0.403281
288889	0.847862
136543	0.630146
55156	1.048022
21354	0.465786
191765	0.454892
219458	0.977788
125416	0.285825
86605	0.449441
152669	0.471806
355241	0.474581
166331	0.462274
59826	1.467686
73671	0.472277
24272	0.857122
74341	0.978267
269664	0.352022
74861	0.543119
381885	0.748958
195443	0.651299
156948	0.577643

2013062213370000007	1.448899
2013062213370000007	201306221337	http://www.examiner.com/article/ufo-britain-no-defense-benefit-led-to-ufo-desk-shutdown-files-divulged	UFO Britain : No defense benefit led to UFO desk shutdown , files divulged - Chicago Top News | Examiner.com
13784	0.548995
260269	0.343095
320668	0.364275
1016	0.248809
131612	0.173986
29100	0.366257
78446	0.235371
65788	0.317625
237947	0.433240
132640	0.264626
185886	0.763809
47683	0.256001
348556	0.366247
386022	0.467368
322637	0.317077
49044	0.304401
107276	0.477386
215030	0.246222
399072	0.318832
215269	0.412513
239473	0.362961
120655	0.264576
336728	0.324500
188316	0.265990
216481	0.448425
69793	0.232845
162688	0.246531
175558	0.270602
70465	0.634197
218055	0.232711
278036	0.617751
190583	0.399947
124135	0.268808
327891	0.513715
191765	0.363816
328212	0.741379
303150	0.329913
125416	0.201495
8688	0.251213
255460	0.239785
23001	0.245137
355241	0.468103
86999	0.377499
220383	0.458900
59826	1.448899
73671	0.394254
60442	0.207216
392260	0.224937
60653	0.510785
24272	0.661300
233235	0.496213
180751	0.265954
269664	0.217356
40115	0.263936
305867	0.153268
195443	0.468026
102485	0.245322
258015	0.465948
102630	0.630852
234863	0.279771
282795	0.285899
394580	0.226116
420943	0.520090
156948	0.461865
116475	0.289853

2013062110470000005	1.393713
2013062110470000005	201306211047	http://au.news.yahoo.com/a/-/business/17693100/uk-shut-down-ufo-desk-after-finding-no-threat-files/	UK shut down UFO desk after finding no threat : files - Yahoo ! 7
212170	0.594772
132640	0.283113
397732	0.395740
47516	0.455236
386068	0.863806
107276	0.441977
323601	1.176969
239809	0.501512
228113	0.245037
69793	0.311296
109797	0.720884
122960	0.381478
6099	0.582418
217730	0.483252
136543	0.534869
55156	1.091509
218055	0.345623
164105	0.371541
21736	0.493063
191765	0.321560
328212	0.678290
36073	0.383407
279296	0.518474
303150	0.415847
125416	0.228662
22767	0.250718
139298	0.357412
341841	0.996778
355241	0.408485
244533	0.603665
166331	0.298820
59826	1.393713
342680	0.868998
24272	0.771297
281047	0.666259
74341	0.873989
10446	0.325780
39161	0.498891
381885	0.675582
40115	0.293374
40371	0.463371
195443	0.553479
156948	0.652646

2013062110470000003	1.377001
2013062110470000003	201306211047	http://my.news.yahoo.com/uk-closed-ufo-desk-50yrs-no-potential-threat-020751150.html	UK shut down UFO desk after finding no threat : files - Yahoo ! News Malaysia
170198	0.965949
212170	0.581201
321043	0.688324
334525	0.414092
132640	0.277612
397732	0.396492
47516	0.447381
386068	0.850568
107276	0.431212
323601	1.160055
299165	0.785499
239809	0.505863
228113	0.244432
69793	0.312300
109797	0.729181
122960	0.374292
6099	0.573808
217730	0.472691
136543	0.527876
55156	1.088907
218055	0.345026
339685	0.576170
164105	0.366642
21736	0.482166
191765	0.325073
328212	0.682753
36073	0.375222
279296	0.509702
303150	0.407078
125416	0.229074
22767	0.246649
341841	0.983228
355241	0.411677
244533	0.594300
166331	0.291865
59826	1.377001
342680	0.852894
24272	0.783828
281047	0.668109
74341	0.857265
10446	0.321094
39161	0.491910
381885	0.663704
40115	0.286612
195443	0.540352
156948	0.638030

2013062122190000004	1.350563
2013062122190000004	201306212219	http://www.bbc.co.uk/news/uk-scotland-south-scotland-23007262#sa-ns_mchannel=rss&ns_source=PublicRSS20-sa	BBC News - UFO sightings : Scots cases include ` giant frisbee ' report
283928	0.511960
513627	1.707137
260306	0.562668
385157	0.574819
132640	0.273598
186013	0.433009
47516	0.475436
386068	0.696124
226161	0.437251
49036	0.987775
399320	0.478249
240041	1.032781
228113	0.235731
148773	0.790550
338061	1.273713
351216	0.450297
175558	0.481340
136085	0.334681
70465	0.796213
55156	0.869326
218786	0.357841
191822	0.416435
328212	0.839954
279296	0.679044
125416	0.258771
139214	1.002095
391545	0.822177
355241	0.446412
153420	0.692350
59826	1.350563
380777	0.532954
24272	0.871596
194313	0.355856
381885	0.705627
554225	1.395988
195451	0.268184
258015	0.646902
331534	0.299477
142161	1.014566
408691	0.901360
156948	0.539145
197151	0.830536
13378	0.477449

2013062114190000009	1.347888
2013062114190000009	201306211419	http://www.bbc.co.uk/news/uk-scotland-south-scotland-23007262#sa-ns_mchannel=rss&ns_source=PublicRSS20-sa	BBC News - UFO sightings : Scots cases include ` giant frisbee ' report
283928	0.510946
513627	1.703755
260306	0.561554
385157	0.573680
132640	0.273056
186013	0.432151
47516	0.474495
386068	0.694745
226161	0.436385
49036	0.985818
399320	0.477301
240041	1.030735
228113	0.235264
148773	0.788984
338061	1.271190
351216	0.449405
175558	0.480386
136085	0.332711
136145	0.380239
70465	0.794635
55156	0.867604
218786	0.357132
191822	0.415610
328212	0.838290
279296	0.677699
125416	0.258259
139214	1.000110
391545	0.820548
355241	0.445528
153420	0.690979
59826	1.347888
380777	0.531898
24272	0.869870
194313	0.355151
381885	0.704229
554225	1.393223
195451	0.267653
258015	0.645621
142161	1.012556
408691	0.899575
156948	0.538077
197151	0.828891
13378	0.476503

2013062117550000018	1.346062
2013062117550000018	201306211755	http://news.yahoo.com/last-ufo-files-uk-govt-released-165521483.html	Last UFO Files from UK Gov ' t Released - Yahoo ! News
64302	0.387841
117118	0.286170
224196	0.440231
333614	0.660487
212170	0.416223
333892	0.188434
131321	0.422420
1016	0.209070
78406	0.188131
199245	0.239504
385119	0.397094
237947	0.292739
397732	0.264185
238186	0.480917
146132	0.328901
47683	0.193790
133075	1.060777
386068	0.558210
48986	0.379376
226625	0.682921
239473	0.351808
349628	0.286860
412830	0.245055
187556	0.265091
107853	0.272438
336728	0.406951
240250	0.365075
376103	0.424335
312073	0.216750
96029	0.386203
96113	0.609504
96436	0.754876
69793	0.276866
53391	0.349812
162688	0.200239
136085	0.225365
109797	0.637775
149789	0.380202
338932	0.259539
136543	0.309567
189912	0.429059
55156	1.081387
339513	0.705443
6749	0.626623
278036	0.589487
266136	0.270271
339798	0.289582
390080	0.553431
390218	0.275705
151424	0.450994
21582	0.679996
327754	0.327805
191765	0.302919
328212	0.767640
178108	0.404459
125416	0.181634
57938	0.528950
303485	0.259131
341841	0.751836
355241	0.353728
207211	0.282376
220383	0.425587
207465	0.169023
59826	1.346062
73671	0.325200
60603	0.338277
24272	0.592712
342943	0.426719
281047	0.446663
39161	0.375392
209200	0.452190
269664	0.209745
39715	0.216586
11156	0.447625
195443	0.392450
270234	0.223260
370378	0.251588
306086	0.238849
234624	0.349662
210578	0.243615
142496	0.376041
282795	0.286001
420779	0.307238
156948	0.373064
408944	0.651560
247687	0.496508
116475	0.243784
27857	0.219465

2013062117550000012	1.346062
2013062117550000012	201306211755	http://sg.news.yahoo.com/last-ufo-files-uk-govt-released-165521483.html	Last UFO Files from UK Gov ' t Released - Yahoo ! News Singapore
64302	0.387841
117118	0.286170
224196	0.440231
333614	0.660487
212170	0.416223
333892	0.188434
131321	0.422420
1016	0.209070
78406	0.188131
199245	0.239504
385119	0.397094
237947	0.292739
397732	0.264185
238186	0.480917
146132	0.328901
47683	0.193790
133075	1.060777
386068	0.558210
48986	0.379376
226625	0.682921
239473	0.351808
349628	0.286860
412830	0.245055
187556	0.265091
107853	0.272438
336728	0.406951
240250	0.365075
376103	0.424335
312073	0.216750
96029	0.386203
96113	0.609504
96436	0.754876
69793	0.276866
53391	0.349812
162688	0.200239
136085	0.225365
109797	0.637775
149789	0.380202
338932	0.259539
136543	0.309567
189912	0.429059
55156	1.081387
339513	0.705443
6749	0.626623
278036	0.589487
266136	0.270271
339798	0.289582
390080	0.553431
390218	0.275705
151424	0.450994
21582	0.679996
327754	0.327805
191765	0.302919
328212	0.767640
178108	0.404459
125416	0.181634
57938	0.528950
303485	0.259131
341841	0.751836
355241	0.353728
207211	0.282376
220383	0.425587
207465	0.169023
59826	1.346062
73671	0.325200
60603	0.338277
24272	0.592712
342943	0.426719
281047	0.446663
39161	0.375392
209200	0.452190
269664	0.209745
39715	0.216586
11156	0.447625
195443	0.392450
270234	0.223260
370378	0.251588
306086	0.238849
234624	0.349662
210578	0.243615
142496	0.376041
282795	0.286001
420779	0.307238
156948	0.373064
408944	0.651560
247687	0.496508
116475	0.243784
27857	0.219465

2013062106340000005	1.306013
2013062106340000005	201306210634	http://www.bbc.co.uk/indonesia/majalah/2013/06/130621_majalahlain_ufo_tutup.shtml	Kurang bukti , Inggris tutup badan UFO - BBC Indonesia - Majalah
43098	0.863595
308067	0.737839
117504	0.764402
396347	1.334615
144775	0.708512
396612	0.633336
45271	0.645707
309017	0.681745
65993	1.382316
1845	0.463201
213382	0.861246
213530	0.939753
348021	0.937733
348043	1.158116
47666	1.022730
214181	0.991593
47739	0.579227
348715	1.155561
215148	1.345827
50065	1.202702
187933	1.132661
498360	1.668736
174484	1.432034
52186	1.138387
401521	0.693773
338554	0.820629
34587	1.818638
415319	0.963290
111099	0.833157
206270	0.851070
125342	1.116744
178520	1.111186
341542	1.045357
36795	1.114705
244457	1.613831
37189	0.771573
304159	0.993616
59826	1.306013
304465	1.533943
329826	0.981531
208066	0.835959
233058	1.196398
194143	1.220417
293100	1.150911
24922	1.104270
39559	0.953692
40499	1.041467
344354	1.198325
420558	1.287567
420635	1.076178
103842	1.058531

2013062116490000008	1.288986
2013062116490000008	201306211649	http://www.usatoday.com/story/news/world/2013/06/21/britain-defense-ministry-ufo-files-document-declassified/2445933/	Britain 's defense ministry releases its final UFO files
117263	0.222877
359514	0.273161
13784	0.470554
43550	0.234448
144483	0.361958
333892	0.209387
1016	0.149032
198967	0.385873
1355	0.727191
396703	0.276399
65681	0.360638
213121	0.260295
92694	0.224389
199556	0.295694
237947	0.368128
132640	0.184500
285732	0.258417
348403	0.340728
47683	0.209127
386022	0.435318
386068	0.443537
226161	0.267001
48986	0.355740
250956	0.340387
107276	0.428397
49569	0.541850
173193	1.045403
323601	0.747034
239473	0.294655
399320	0.303964
349628	0.360807
336728	0.418335
239809	0.369561
240250	0.409320
18577	0.246910
228113	0.226332
96029	0.324347
216503	0.426302
96436	0.647721
162324	0.267454
264568	0.425030
376629	0.258269
69793	0.327965
338538	0.411774
149789	0.382205
6099	0.368831
277433	0.244057
70465	0.548878
136508	0.381116
136543	0.259928
55156	0.872208
218055	0.217428
190386	0.344639
278036	0.569509
266136	0.227427
191765	0.187165
57417	0.435800
57440	0.427133
111872	0.449456
125416	0.162598
86605	0.279753
595947	1.003527
355241	0.399133
179091	0.371189
220383	0.531532
59826	1.288986
73671	0.242814
392260	0.170958
24272	0.562373
281047	0.375723
61140	0.245256
24587	0.280247
74341	0.900299
257028	0.564746
10446	0.206978
194293	0.207556
140936	0.224365
141018	0.254852
39161	0.317689
269664	0.297482
40049	0.266529
305867	0.142111
195443	0.387865
195451	0.171061
258015	0.622551
234812	0.248839
490132	1.011260
26667	0.328169
210578	0.219132
142631	0.509088
156948	0.595893
196877	0.226335
197036	0.292460
116475	0.204716
211346	0.250980
359149	0.306279
13399	0.438461

2013062106020000004	1.287490
2013062106020000004	201306210602	http://www.bbc.co.uk/newsround/22999034#sa-ns_mchannel=rss&ns_source=PublicRSS20-sa	CBBC Newsround - Final UFO desk files released - what would you ask an alien ?
346240	0.489918
272054	1.004675
359514	0.380724
13784	0.630641
236408	0.727003
1016	0.239249
372778	0.417566
385119	0.511430
132640	0.234008
335194	0.589983
411543	0.388728
159868	0.438208
172094	0.242531
47716	0.448674
298316	0.296738
386068	0.436216
48986	0.399694
412354	0.613185
323601	0.761819
4281	0.223951
18197	0.242266
174521	0.284302
312066	0.302877
299997	0.684952
240740	0.721583
69793	0.312185
83010	0.337368
6099	0.376392
54918	0.324353
150581	0.336752
278036	0.788640
191017	0.433792
289943	0.368571
218786	0.287383
302649	0.505889
327754	0.428795
354066	0.204013
328212	0.835749
379402	0.341505
57837	0.244905
125416	0.199079
57938	0.853948
178520	0.851527
86700	0.286810
355241	0.415170
207151	0.246387
207211	0.372966
59826	1.287490
24272	0.468209
61023	0.214275
140936	0.254866
39330	0.370743
269664	0.296520
194882	0.370725
195443	0.411706
195451	0.208239
306086	0.256670
382374	0.437337
234624	0.402121
26272	0.435523
168645	0.343769
196242	0.265761
142631	0.578338
156948	0.399046
409050	0.343970
197026	0.382875
197036	0.331004
63999	0.240151

2013062023370000007	1.248423
2013062023370000007	201306202337	http://uk.news.yahoo.com/why-mod-decided-close-ufo-desk-233759322.html	Why MoD decided to close UFO desk - Yahoo ! News UK
223896	0.326714
117263	0.259734
170198	0.673186
1016	0.169476
1443	0.194479
65681	0.387465
385119	0.324206
1845	0.385763
132253	0.299112
199556	0.241820
237947	0.343494
132640	0.305091
199874	0.603599
397732	0.346510
285732	0.275048
250473	0.200301
386068	0.725830
49569	0.544899
323601	0.696988
239473	0.486678
412830	0.209301
187556	0.348102
336728	0.313110
239809	0.321918
239816	0.238169
311590	1.018312
174521	0.266110
18553	0.328704
228113	0.154328
96029	0.347337
376629	0.274073
69793	0.258194
175558	0.252800
401559	0.310688
109797	0.576372
162851	0.224532
149789	0.438349
6099	0.344288
70465	0.587965
136508	0.405779
136543	0.390739
55156	1.012519
218055	0.245556
6749	0.439887
278036	0.464370
266136	0.307665
339685	0.400634
7289	0.353487
390218	0.206978
21736	0.361854
327891	0.434528
191765	0.258714
328212	0.765781
206150	0.291255
125416	0.173918
22371	0.434453
22767	0.171642
139214	0.649655
341841	0.828920
355241	0.369658
244533	0.415776
220383	0.430180
59826	1.248423
60085	0.228136
60210	0.161392
380777	0.395868
392260	0.183338
342680	0.599680
154177	0.145528
24272	0.663741
61023	0.166723
281047	0.632819
74341	0.758554
257028	0.605793
10446	0.281513
194313	0.262519
39161	0.337451
269664	0.190494
40049	0.274131
270112	0.423807
195451	0.174446
370378	0.293706
258015	0.424496
26235	0.220999
26272	0.383815
234812	0.264633
282795	0.236995
394580	0.168959
63445	0.248414
156948	0.394626
116475	0.289639
359149	0.324234

2013062108430000008	1.240547
2013062108430000008	201306210843	http://www.bbc.co.uk/news/uk-22991014	BBC News - UFO sightings : Files explain why MoD closed down special desk
383986	0.434602
117263	0.228066
359514	0.347644
143926	0.379466
170198	0.670560
212175	0.414846
321043	0.474716
65681	0.385036
385119	0.318611
1845	0.398495
199556	0.241052
237947	0.329261
132640	0.300706
397732	0.304309
186013	0.279603
285732	0.273873
47516	0.315478
106491	0.146611
386068	0.664209
49569	0.542745
323601	0.725781
239473	0.421032
349628	0.277148
399320	0.392460
299165	0.542901
187556	0.305574
239809	0.342971
299534	0.579906
81727	0.279998
18226	0.438312
18553	0.213604
228113	0.155486
96029	0.345970
162324	0.243538
376629	0.272887
69793	0.238325
53578	0.186305
175558	0.250236
109797	0.537827
122960	0.263481
6099	0.358442
70465	0.568248
136508	0.404426
136543	0.277355
55156	1.046623
218055	0.251684
278036	0.634878
266136	0.306399
339685	0.399092
164105	0.252325
218786	0.257181
21736	0.322059
191765	0.205818
328212	0.752264
279296	0.360143
125416	0.216740
178520	0.739878
152669	0.268386
22767	0.198548
139214	0.627961
341841	0.827659
355241	0.432461
244533	0.518047
59826	1.240547
60210	0.160711
329780	0.270190
380777	0.393501
154177	0.145035
24272	0.660456
342943	0.378363
281047	0.576795
24587	0.322032
74341	0.708317
10446	0.219916
180760	0.204516
194313	0.260974
39161	0.337595
269664	0.193020
381885	0.467101
40049	0.236541
195451	0.184228
370378	0.298139
258015	0.427681
234812	0.263832
394238	0.202065
282795	0.232652
63445	0.245579
156948	0.372804
196874	0.233873
116475	0.218402
63999	0.165952
359149	0.322919

2013062023340000005	1.236801
2013062023340000005	201306202334	http://tampatrib.com/ap/world/documents-explain-closure-of-uk-military-ufo-desk-ap_world8d10fab8ecc74f55a750bc90e759f9b0	Documents explain closure of UK military UFO desk | Breaking Tampa Bay , Florida and national news and weather from Tampa Bay Online and The Tampa Tribune | TBO.com
143926	0.441384
224196	0.372685
78446	0.199897
65681	0.381996
199245	0.267558
385157	0.309719
1845	0.380010
199556	0.243814
237947	0.277448
132640	0.211692
199874	0.595938
397732	0.220469
348403	0.280497
47516	0.281771
348556	0.302180
250473	0.254181
386022	0.439880
298316	0.224319
226625	0.623552
107276	0.284546
120419	0.221447
239473	0.381622
349628	0.286392
50587	0.345122
412830	0.206602
187556	0.221111
336728	0.408077
18553	0.196166
228113	0.152550
216481	0.328848
96029	0.352723
312249	0.345594
96436	0.546307
69793	0.307256
175558	0.247383
109797	0.534049
19632	0.262640
122960	0.259302
149789	0.320463
70465	0.770891
136508	0.409261
136543	0.328904
218055	0.245285
253634	0.242907
6749	0.565659
278036	0.573074
6833	0.361667
266136	0.304392
218786	0.258690
111175	0.253867
205568	0.211704
191765	0.202961
328212	0.789908
36073	0.229743
340995	0.339493
354191	0.276001
206150	0.275569
279296	0.321080
125416	0.204820
58461	0.251135
22767	0.188374
354958	0.181167
139214	0.619985
139298	0.229810
341841	0.671729
355241	0.387019
73145	0.400418
23152	0.429716
207211	0.292267
112771	0.427559
220383	0.453066
59826	1.236801
60085	0.222975
392260	0.186870
24272	0.657645
167001	0.213074
281047	0.483486
24587	0.332157
10446	0.244093
39161	0.335344
269664	0.232734
381885	0.427568
88979	0.365701
40115	0.190050
195271	0.402898
195443	0.357039
370378	0.186638
258015	0.419618
331671	0.333113
234812	0.266728
26667	0.276695
222813	0.186694
394580	0.166810
63445	0.243088
156948	0.508519
197036	0.253162
116475	0.336255
63999	0.157811

2013062101330000002	1.233172
2013062101330000002	201306210133	http://www.bbc.co.uk/news/uk-22991014	BBC News - UFO sightings : Files explain why MoD closed down special desk
383986	0.426529
117263	0.227136
359514	0.344724
143926	0.372342
170198	0.661415
212175	0.408055
321043	0.468098
65681	0.385229
385119	0.313582
1845	0.395090
29858	0.282668
199556	0.238100
237947	0.324591
132640	0.273318
397732	0.299796
186013	0.273873
285732	0.270338
47516	0.309790
106491	0.144164
386068	0.653888
49569	0.535399
323601	0.720703
239473	0.417525
399320	0.387356
349628	0.295340
299165	0.535387
187556	0.301162
239809	0.342854
299534	0.599211
81727	0.281969
18226	0.434099
18553	0.210364
228113	0.152608
162324	0.246068
376629	0.269395
69793	0.244767
53578	0.183240
175558	0.254542
109797	0.533790
122960	0.258517
6099	0.355872
70465	0.558413
136508	0.399611
55156	1.038176
218055	0.251532
278036	0.634319
266136	0.302738
339685	0.393609
164105	0.248783
218786	0.253257
21736	0.322495
191765	0.212994
328212	0.741465
22122	0.176986
279296	0.353675
125416	0.215067
178520	0.749469
152669	0.262990
22767	0.196326
139214	0.617046
341841	0.816989
355241	0.429199
207211	0.278569
244533	0.509446
59826	1.233172
60210	0.158620
329780	0.271855
380777	0.385795
24272	0.654159
342943	0.372200
281047	0.568656
24587	0.315503
74341	0.705055
10446	0.216743
180760	0.201119
194313	0.255832
39161	0.346579
269664	0.193027
381885	0.458646
40049	0.233363
195443	0.354811
195451	0.183076
370378	0.293322
258015	0.419793
234812	0.260513
394238	0.209708
282795	0.228959
63445	0.241403
156948	0.369975
196874	0.238627
63999	0.167179
359149	0.318615

2013062208040000027	1.232776
2013062208040000027	201306220804	http://www.foxnews.com/science/2013/06/21/real-x-files-britain-makes-last-secret-ufo-files-public/	The Real X-Files : Britain makes last of secret UFO files public | Fox News
42887	0.335955
13784	0.615190
224196	0.469711
170198	0.780409
131280	0.311297
1016	0.278722
334345	0.344923
29858	0.382145
132640	0.294589
398035	0.761623
386022	0.411475
17120	0.307173
215172	0.640568
323601	0.710359
120655	0.281550
50587	0.445435
187556	0.347091
134405	0.421447
299534	0.766584
81727	0.357829
174521	0.302688
96029	0.405100
276690	0.368268
69793	0.245627
162688	0.228111
109797	0.610430
122960	0.285686
6099	0.351072
136543	0.324113
97817	0.697947
278036	0.799430
266136	0.284726
190583	0.392817
339685	0.464894
218786	0.301714
191765	0.329013
191822	0.318832
328212	0.597153
303150	0.331350
125416	0.193313
178520	0.874059
99851	0.516755
23001	0.185888
355241	0.319389
87071	0.821063
153369	0.334858
220383	0.527558
59826	1.232776
24272	0.642010
342943	0.509081
281047	0.586412
74341	0.732605
140936	0.257457
269664	0.287899
40049	0.346455
344122	0.328219
195451	0.169417
270234	0.184208
370378	0.345432
102485	0.220254
234624	0.400130
357905	0.242724
394580	0.257349
156948	0.437921
76501	0.548548
247779	0.234233
116475	0.255477
63999	0.207883
359149	0.372082
236046	0.463678

2013062114360000009	1.207082
2013062114360000009	201306211436	http://www.foxnews.com/science/2013/06/21/real-x-files-britain-makes-last-secret-ufo-files-public/	The Real X-Files : Britain makes last of secret UFO files public | Fox News
42887	0.322757
223896	0.363447
117263	0.215605
13784	0.583201
224196	0.448714
170198	0.749492
131280	0.296738
1016	0.268177
334345	0.337357
1443	0.215863
29858	0.361445
237947	0.279763
132640	0.282884
398035	0.720239
386022	0.396125
17120	0.291441
215172	0.623648
323601	0.685533
239473	0.332973
120655	0.265957
50587	0.435383
412830	0.232139
187556	0.334074
134405	0.401633
299534	0.745912
81727	0.338823
174521	0.289492
96029	0.391101
276690	0.352425
69793	0.232761
162688	0.218925
109797	0.596465
122960	0.274000
6099	0.338666
136543	0.313172
97817	0.660750
6749	0.491088
278036	0.774625
266136	0.274556
190583	0.375047
339685	0.446324
218786	0.288476
191765	0.317510
191822	0.303764
328212	0.576311
303150	0.326323
125416	0.189082
178520	0.849084
99851	0.494374
23001	0.184175
355241	0.324389
87071	0.780203
153369	0.317912
220383	0.517565
59826	1.207082
392260	0.204247
24272	0.624946
342943	0.491859
281047	0.563764
74341	0.715393
257028	0.674394
140936	0.253714
269664	0.272773
40049	0.340028
344122	0.313727
195451	0.165978
270234	0.178065
370378	0.330275
102485	0.211751
234624	0.378188
357905	0.230391
394580	0.247797
156948	0.425070
76501	0.520740
247779	0.224363
116475	0.246750
63999	0.204622
359149	0.358108
236046	0.445937

2013062118050000007	1.199058
2013062118050000007	201306211805	http://www.csmonitor.com/Science/2013/0621/UFO-Britain-releases-documents-explaining-closure-of-military-UFO-desk	UFO : Britain releases documents explaining closure of military UFO desk - CSMonitor.com
104370	0.389449
346240	0.253947
143926	0.325632
320668	0.289788
117916	0.310412
131612	0.119202
199245	0.200797
385157	0.310234
1845	0.365634
199556	0.235338
132640	0.164606
199874	0.585067
397732	0.216689
348403	0.291534
47516	0.290473
348556	0.292870
250473	0.252791
386022	0.388678
226625	0.602842
107276	0.271715
120419	0.218694
239473	0.371090
412830	0.202455
50587	0.332098
187556	0.234754
336728	0.391301
4011	0.316263
18553	0.192081
228113	0.146130
96029	0.341071
312249	0.337569
5221	0.292961
96436	0.534659
109325	0.242452
69793	0.302698
175558	0.237369
136145	0.240564
109797	0.524843
19632	0.259661
149789	0.314278
70465	0.636767
136508	0.395241
136543	0.335112
218055	0.238572
253634	0.235335
6749	0.546109
278036	0.576957
6833	0.356191
266136	0.293399
366403	0.307559
218786	0.248562
111175	0.248269
205568	0.203001
327973	0.180147
191765	0.196148
328212	0.742384
36073	0.222536
340995	0.328779
354191	0.265466
206150	0.265459
279296	0.331274
125416	0.191451
58461	0.245842
354958	0.173741
139214	0.594729
341841	0.647611
355241	0.353767
73145	0.395656
23152	0.404674
23174	0.389490
207211	0.294857
220383	0.465933
59826	1.199058
60085	0.214154
392260	0.180833
24272	0.615831
167001	0.204910
61023	0.162368
281047	0.470879
74306	0.296091
24587	0.323892
10446	0.210519
39161	0.323250
269664	0.223229
381885	0.430492
88979	0.352118
370378	0.183596
357582	0.390031
258015	0.402009
331671	0.320842
234812	0.257323
102992	0.210283
26667	0.270728
358033	0.277880
394580	0.163722
63445	0.233280
156948	0.448714
197036	0.268073
116475	0.279820
63999	0.162792

2013062102220000004	1.164651
2013062102220000004	201306210222	http://uk.news.yahoo.com/ufo-desk-why-mod-shut-real-life-x-022221740.html	UFO Desk : Why MoD Shut Real-Life X-Files - Yahoo ! News UK
223896	0.335145
117263	0.278991
170198	0.671026
1016	0.211813
198676	0.442113
373115	0.355322
1443	0.199702
199245	0.219741
385119	0.316771
65944	0.176869
1845	0.308226
132253	0.309193
237947	0.297845
132640	0.169628
199874	0.621573
397732	0.300856
106400	0.187782
250463	0.280093
250473	0.206116
386068	0.664816
362149	0.269880
49569	0.543261
323601	0.728651
239473	0.393450
412830	0.214997
187556	0.302379
336728	0.349067
239809	0.326814
375463	0.359132
311590	1.062240
174437	0.260519
174521	0.259916
18553	0.197951
228113	0.150365
350716	0.367274
96029	0.355368
69793	0.210575
109797	0.603941
122960	0.245625
149789	0.384299
54378	0.397761
6099	0.359728
70465	0.569542
136543	0.332550
402243	0.279086
55156	0.912184
218055	0.200218
6749	0.450492
278036	0.620395
266136	0.251988
339685	0.399268
190732	0.409185
7289	0.366594
353280	0.254108
390218	0.179300
404008	0.403568
191765	0.304133
328212	0.560593
36073	0.265561
125416	0.183941
22767	0.166685
341841	0.673341
355241	0.346614
23152	0.485461
207211	0.304775
244533	0.403808
220383	0.460584
207465	0.159135
256064	0.327996
59826	1.164651
380777	0.376526
392260	0.256479
342680	0.575535
24272	0.715233
61023	0.184241
281047	0.508868
74341	0.644300
257028	0.621218
10446	0.289403
194313	0.249681
140936	0.229069
39161	0.336099
40049	0.280268
270112	0.438264
195443	0.351585
195451	0.190343
270234	0.172295
370378	0.255098
258015	0.413638
26235	0.229097
168611	0.537739
420490	0.179862
282795	0.231506
394580	0.173927
156948	0.391705
247779	0.202029
116475	0.224420
63999	0.184249
359149	0.323393

2013062105590000012	1.164651
2013062105590000012	201306210559	http://uk.news.yahoo.com/ufo-desk-why-mod-shut-real-life-x-022221740.html	UFO Desk : Why MoD Shut Real-Life X-Files - Yahoo ! News UK
223896	0.335145
117263	0.278991
170198	0.671026
1016	0.211813
198676	0.442113
373115	0.355322
1443	0.199702
199245	0.219741
65944	0.176869
385119	0.316771
1845	0.308226
132253	0.309193
237947	0.297845
132640	0.169628
199874	0.621573
397732	0.300856
106400	0.187782
250463	0.280093
250473	0.206116
386068	0.664816
362149	0.269880
49569	0.543261
323601	0.728651
239473	0.393450
412830	0.214997
187556	0.302379
336728	0.349067
239809	0.326814
375463	0.359132
311590	1.062240
174437	0.260519
174521	0.259916
18553	0.197951
228113	0.150365
350716	0.367274
96029	0.355368
69793	0.210575
109797	0.603941
122960	0.245625
149789	0.384299
54378	0.397761
6099	0.359728
70465	0.569542
136543	0.332550
402243	0.279086
55156	0.912184
218055	0.200218
6749	0.450492
278036	0.620395
266136	0.251988
339685	0.399268
190732	0.409185
7289	0.366594
353280	0.254108
390218	0.179300
404008	0.403568
191765	0.304133
328212	0.560593
36073	0.265561
125416	0.183941
22767	0.166685
341841	0.673341
355241	0.346614
23152	0.485461
207211	0.304775
244533	0.403808
220383	0.460584
207465	0.159135
256064	0.327996
59826	1.164651
380777	0.376526
392260	0.256479
342680	0.575535
24272	0.715233
61023	0.184241
281047	0.508868
74341	0.644300
257028	0.621218
10446	0.289403
194313	0.249681
140936	0.229069
39161	0.336099
40049	0.280268
270112	0.438264
195443	0.351585
195451	0.190343
270234	0.172295
370378	0.255098
258015	0.413638
26235	0.229097
168611	0.537739
420490	0.179862
282795	0.231506
394580	0.173927
156948	0.391705
247779	0.202029
116475	0.224420
63999	0.184249
359149	0.323393

2013062115100000007	1.094472
2013062115100000007	201306211510	http://www.cbsnews.com/8301-202_162-57590442/ufo-over-stonehenge-u.k-releases-trove-of-x-files/	UFO over Stonehenge ? U.K. releases trove of X-files - CBS News
143926	0.366674
78446	0.165476
44929	0.117615
65681	0.313835
199245	0.223428
385157	0.272512
1845	0.318858
199556	0.206417
237947	0.229610
132640	0.177494
397732	0.200191
238186	0.478817
348403	0.261539
47516	0.259436
172094	0.165430
348556	0.253381
250473	0.233619
386022	0.373022
226625	0.530361
107276	0.234006
120419	0.192921
239473	0.322548
349628	0.282524
50587	0.397194
336728	0.290413
18029	0.261916
228113	0.126294
216481	0.271850
96029	0.300166
188897	0.202828
53361	0.291494
69793	0.273714
175558	0.205827
109797	0.452132
19632	0.228767
122960	0.214052
54390	0.167987
70465	0.641562
136508	0.347013
136543	0.299974
218055	0.207433
6749	0.479136
366066	0.341927
278036	0.509772
266136	0.268864
218786	0.216116
340468	0.235913
151694	0.320883
205568	0.175797
327781	0.310687
57002	0.346489
191765	0.172446
328212	0.650290
354191	0.231272
206150	0.231955
279296	0.296082
125416	0.185280
178520	0.757557
22767	0.191968
354958	0.150497
139214	0.515430
139298	0.188743
341841	0.566751
355241	0.364469
73145	0.342790
207211	0.260810
220383	0.418847
73500	0.209161
193336	0.202083
59826	1.094472
60085	0.186046
24272	0.593235
167001	0.178465
392581	0.383921
281047	0.410176
74341	0.517505
10446	0.212017
140993	0.419002
39161	0.282801
269664	0.193559
39756	0.308004
381885	0.417487
88979	0.307396
40115	0.156829
195271	0.331670
195443	0.294637
258015	0.347523
331671	0.280262
26330	0.243458
234812	0.225481
41465	0.426400
222813	0.171125
344819	0.473645
63445	0.202334
156948	0.438291
196874	0.232686
197036	0.264855
116475	0.243527
63999	0.144651
395280	0.184463

2013062116430000003	1.063014
2013062116430000003	201306211643	http://www.cbsnews.com/8301-202_162-57590442/ufo-over-stonehenge-u.k-releases-trove-of-x-files/	UFO over Stonehenge ? U.K. releases trove of X-files - CBS News
143926	0.353124
78446	0.158501
44929	0.117609
65681	0.300826
199245	0.214714
385157	0.266084
1845	0.306645
199556	0.198784
237947	0.220350
132640	0.171873
397732	0.194841
238186	0.463315
348403	0.257416
47516	0.255020
172094	0.173459
348556	0.244406
250473	0.229407
386022	0.359994
48986	0.240392
226625	0.511093
107276	0.224341
120419	0.188187
239473	0.311533
349628	0.271759
50587	0.382844
187556	0.191908
336728	0.319035
18029	0.252599
228113	0.121208
216481	0.260841
96029	0.289284
188897	0.196592
53361	0.281310
69793	0.263507
175558	0.197693
109797	0.438596
19632	0.221984
122960	0.205337
70465	0.617315
136508	0.334254
136543	0.293292
218055	0.200367
6749	0.461430
366066	0.330708
278036	0.497015
266136	0.261739
218786	0.207707
340468	0.227709
151694	0.309519
205568	0.168798
327781	0.299783
191765	0.166156
328212	0.630314
354191	0.222375
206150	0.223184
279296	0.291104
125416	0.179310
178520	0.729904
22767	0.185067
354958	0.144514
139214	0.495000
139298	0.180909
341841	0.545515
355241	0.341959
73145	0.333184
207211	0.255215
220383	0.410215
73500	0.201905
193336	0.195624
59826	1.063014
60085	0.178772
24272	0.575058
167001	0.171588
392581	0.370206
281047	0.396408
74341	0.504667
10446	0.205645
140993	0.404424
39161	0.272185
269664	0.185893
39756	0.295007
381885	0.413206
88979	0.295712
40115	0.150436
195271	0.318025
195443	0.284903
102485	0.155278
258015	0.333548
331671	0.269646
234812	0.217095
41465	0.411367
222813	0.168108
344819	0.453773
63445	0.194350
156948	0.424990
196874	0.226950
197036	0.264295
116475	0.234059
63999	0.142101
395280	0.177830

2013062317210000009	1.060204
2013062317210000009	201306231721	http://feeds.nbcnews.com/c/35002/f/656161/s/2dad97a8/l/0Lvideo0Bmsnbc0Bmsn0N0Cid0C52285724/story01.htm	Police try to break up Turkey protest - Video on NBCNews.com
42887	0.472054
78446	0.361541
79054	0.532994
238081	0.528076
106337	0.639595
47812	0.442903
238746	0.662515
107276	0.471778
275796	0.802378
364239	0.803109
300086	0.721218
69793	0.342541
151706	0.911702
244087	0.636506
58561	0.287876
23001	0.233305
355241	0.408700
355346	0.403624
153191	0.555332
207465	0.445400
59826	1.060204
60210	0.388486
113342	0.710766
369009	0.727352
74120	0.417545
127291	0.505868
141025	0.562245
269664	0.327122
114535	0.517291
294019	0.851072
195488	0.547911
142285	0.957357
247281	0.573895
116706	0.972368

2013062110220000011	1.054088
2013062110220000011	201306211022	http://www.bbc.co.uk/news/uk-wales-22996257#sa-ns_mchannel=rss&ns_source=PublicRSS20-sa	BBC News - Police helicopter ` encounter ' among UFO reports from Wales
117263	0.211499
158022	0.207721
224196	0.571970
130850	0.658094
44176	0.364811
44471	0.565345
198747	0.330082
78446	0.226207
284732	0.193974
321143	0.293285
385157	0.290763
273663	0.434182
132640	0.260814
397732	0.246134
186013	0.269451
47516	0.369226
47683	0.155707
386068	0.619820
262628	0.965900
48986	0.397041
362856	0.513804
50126	0.213918
201406	0.220083
349628	0.317155
399320	0.326760
187556	0.247397
107853	0.244699
336728	0.285916
50895	0.287582
17915	0.431628
134495	0.605976
240250	0.432097
216233	0.366023
228113	0.151265
4957	0.571508
96113	0.781174
337880	0.665211
96436	0.613671
69793	0.199953
338307	0.244594
162688	0.218832
175558	0.246830
19444	0.284761
351970	0.315392
110148	0.404813
55156	0.842595
204630	0.268180
35046	0.274370
390218	0.203232
151424	0.529665
21354	0.294985
177571	0.447006
354071	0.521854
279084	0.295250
57440	0.390531
191822	0.258023
328212	0.437059
152186	0.220905
279296	0.503811
8321	0.380183
125416	0.181810
303485	0.376050
405147	0.540753
22767	0.175013
58537	0.483750
355241	0.364269
179112	0.276514
179220	0.393931
368306	0.555440
220383	0.543621
207465	0.286461
59826	1.054088
329780	0.316790
380777	0.367778
24272	0.532209
281047	0.416318
140694	0.644874
281285	0.508729
24737	0.674924
194313	0.243932
140936	0.234895
269664	0.233346
155350	0.233893
221837	0.311011
39715	0.253904
141412	0.609927
155839	0.246464
195451	0.192974
370378	0.208709
258015	0.416109
294454	0.308393
382669	0.284568
394238	0.198118
26667	0.311271
12267	0.860325
282795	0.322299
142631	0.571540
156948	0.486438
247772	0.296339
345851	0.384635

2013062109220000009	1.050219
2013062109220000009	201306210922	http://www.bbc.co.uk/news/uk-wales-22996257#sa-ns_mchannel=rss&ns_source=PublicRSS20-sa	BBC News - Police helicopter ` encounter ' among UFO reports from Wales
117263	0.210599
158022	0.207921
224196	0.569478
130850	0.655455
44176	0.363612
44471	0.563497
198747	0.329459
78446	0.225370
284732	0.193490
321143	0.292249
385157	0.289688
273663	0.432928
132640	0.259708
397732	0.245117
186013	0.268212
47516	0.369046
47683	0.155247
386068	0.617759
262628	0.963540
48986	0.395815
362856	0.512548
50126	0.213086
201406	0.219475
399320	0.325395
349628	0.318035
187556	0.246386
107853	0.244144
336728	0.284815
50895	0.286471
17915	0.430014
134495	0.603611
240250	0.431546
216233	0.364618
228113	0.150606
4957	0.572753
96113	0.778668
337880	0.665675
96436	0.612766
69793	0.199080
338307	0.243488
162688	0.218830
175558	0.245774
19444	0.283801
351970	0.314176
110148	0.403455
55156	0.839626
204630	0.267454
35046	0.273719
390218	0.202679
151424	0.527769
21354	0.293973
177571	0.445602
354071	0.520086
279084	0.294328
57440	0.389201
191822	0.257029
328212	0.435228
152186	0.220227
279296	0.502453
8321	0.379033
125416	0.181345
303485	0.375762
405147	0.539235
22767	0.174732
58537	0.483020
355241	0.363139
179112	0.275762
179220	0.392753
368306	0.553606
220383	0.541916
207465	0.285327
59826	1.050219
329780	0.315677
380777	0.366254
24272	0.530446
281047	0.414602
140694	0.643078
281285	0.507356
24737	0.672171
194313	0.242915
140936	0.234223
269664	0.232333
155350	0.233327
221837	0.310415
39715	0.252995
141412	0.608349
155839	0.246006
195451	0.192306
370378	0.207854
258015	0.414300
294454	0.307459
382669	0.283711
394238	0.197481
26667	0.310795
12267	0.857605
282795	0.321330
142631	0.570393
156948	0.485024
247772	0.295435
345851	0.383714

2013062211280000002	1.038063
2013062211280000002	201306221128	http://www.bbc.co.uk/newsround/22999034#sa-ns_mchannel=rss&ns_source=PublicRSS20-sa	CBBC Newsround - Final government UFO desk files released
346240	0.354265
272054	0.808082
359514	0.307551
13784	0.503139
236408	0.592155
130850	0.391901
1016	0.218255
198685	0.338055
308990	0.588572
373244	0.264374
347748	0.250161
118855	0.205695
132640	0.246330
132670	0.570319
397701	0.301839
119288	0.517512
250333	0.538586
47716	0.362123
386068	0.358134
398375	0.298350
48574	0.447234
48986	0.317202
412354	0.406109
107351	0.141484
323601	0.632946
323827	0.380018
350112	0.423803
51461	0.316892
18197	0.200829
312249	0.359448
188865	0.612342
188897	0.230098
69793	0.248520
136085	0.226827
6099	0.312365
54918	0.270740
84010	0.271620
218169	0.226649
352668	0.555068
176553	0.224713
278036	0.800734
340033	0.682337
415793	0.250797
390047	0.579512
403467	0.389515
302642	0.336601
205569	0.203913
302649	0.523648
327754	0.345182
138199	0.260581
354066	0.144083
328212	0.671500
22122	0.241043
206150	0.269686
125416	0.161847
57938	0.689174
8558	0.310730
86617	0.376972
139298	0.292056
355241	0.331863
207211	0.299482
112760	0.544550
153369	0.312786
153420	0.362090
179394	0.631038
207709	0.341375
59826	1.038063
24272	0.377560
61023	0.178231
221343	0.427642
38765	0.349707
140936	0.208402
141018	0.237047
305426	0.506797
114397	0.474874
269664	0.235205
39504	0.304476
39604	0.571342
194882	0.306975
370028	0.478768
370204	0.429526
597081	0.983754
195443	0.338360
195451	0.168132
306086	0.211838
102532	0.331293
26272	0.359840
282527	0.294302
394238	0.205611
371015	0.262684
196242	0.219106
358256	0.338080
142631	0.472437
156948	0.327282
196874	0.268563
197026	0.276415
197036	0.267624
271486	0.484860
63932	0.259319
63999	0.260191

2013062200280000003	1.021526
2013062200280000003	201306220028	http://www.huffingtonpost.com/louis-virtel/weeklings-gay-men-pick-a-_b_3477114.html?utm_hp_ref=celebrity&ir=Celebrity	Louis Virtel : Weeklings : Gay Men , Pick a Celebrity Lesbian Wife ! ( VIDEO )
369	1.241328
333526	0.425876
78455	0.980311
45851	0.604140
348486	1.242922
335385	0.675892
48986	0.540045
251064	0.627554
49305	0.360720
121417	0.589320
400172	0.438504
216288	0.598270
400868	0.841669
149005	0.766252
313136	1.050434
163054	0.834602
55612	0.360704
339881	0.626057
353280	0.616566
177321	1.110414
302698	0.356445
125416	0.216628
244257	1.173195
139274	0.614625
178998	0.667899
244725	1.233604
59826	1.021526
24272	0.632799
24355	0.260517
61143	0.370740
180513	1.156897
25707	1.281741
210079	1.610294
371214	0.986244
129970	1.444974

2013062103060000005	1.006847
2013062103060000005	201306210306	http://cosmiclog.nbcnews.com/_news/2013/06/20/19063873-ufo-over-stonehenge-britain-releases-its-last-big-batch-of-x-files?chromedomain=worldblog	UFO over Stonehenge ? Britain releases its last big batch of X-Files - Cosmic Log
13438	0.408437
346240	0.271498
333183	0.465456
117263	0.191296
13784	0.587604
144232	0.222591
296589	0.189300
144751	0.158969
44746	0.236477
184973	0.390210
396703	0.415538
78700	0.342059
145527	0.597499
29858	0.275381
105836	0.473687
132854	0.533472
335459	0.205217
348556	0.212874
200252	0.246251
386022	0.281855
386068	0.312673
106915	0.573185
107276	0.373988
187088	0.297446
215148	0.955311
239473	0.409780
349628	0.263693
50587	0.397772
107853	0.276417
336728	0.288053
50895	0.243389
239816	0.212614
375463	0.330845
18029	0.289800
108697	0.184025
52650	0.303448
5221	0.330584
52770	0.579203
69793	0.262235
338591	0.367197
54117	0.316576
351999	0.266056
54593	0.358839
402141	0.346093
6208	0.380810
54801	0.370316
55156	0.478765
136769	0.637448
313645	0.141327
339513	0.475016
389877	0.359104
289824	0.605208
404008	0.321514
327898	0.287959
57311	0.320535
57440	0.352865
328212	0.463095
231030	0.331049
206150	0.251147
125416	0.161030
178520	0.933150
303485	0.229599
165548	0.349138
86700	0.202998
58537	0.316497
22887	0.376376
405330	0.421199
23001	0.125318
355241	0.345992
73500	0.255283
193336	0.195686
59826	1.006847
73671	0.213998
60085	0.197824
60210	0.189027
24272	0.535813
392581	0.464732
24675	0.251232
245924	0.229481
140993	0.510181
317574	0.448210
39060	0.245828
269664	0.178084
40115	0.196020
344003	0.684014
294049	0.218693
195443	0.287164
155933	0.649170
102693	0.359033
75825	0.212774
103009	0.259715
156948	0.511678
332549	0.320270
247772	0.271538
157116	0.417366
197036	0.243360
395068	0.369023
319534	0.456124
395280	0.222992
13378	0.360545

2013062023270000008	0.982500
2013062023270000008	201306202327	http://www.guardian.co.uk/uk/2013/jun/21/last-release-mod-ufo-files	Bobbing lights and cover-up claims in last release of MoD UFO files | UK news | The Guardian
295914	0.232729
117112	0.480342
272054	0.786788
236408	0.531466
130850	0.309340
296589	0.170624
333892	0.175201
28799	0.228000
131321	0.305309
347065	0.233638
1016	0.143455
78446	0.157439
1443	0.196688
65681	0.324953
273179	0.270453
385119	0.321630
118855	0.235343
348403	0.242061
47516	0.336740
172094	0.183908
47683	0.183414
374176	0.279673
386068	0.445599
322653	0.471773
262628	0.673971
238951	0.265844
362475	0.385989
48986	0.335682
226625	0.517526
49569	0.643144
275152	0.407953
80818	0.198220
412599	0.437871
349628	0.345064
399320	0.270728
50587	0.328632
107853	0.258574
336728	0.235796
399608	0.576480
4281	0.168674
18197	0.181847
240250	0.355122
18577	0.231057
228113	0.167312
121824	0.251508
188648	0.192625
337880	0.715019
96436	0.517945
69793	0.252377
82872	0.602913
175558	0.210584
83243	0.254806
122960	0.200011
351970	0.174503
55156	0.850027
278036	0.550537
339798	0.269862
390218	0.207315
151424	0.419483
205569	0.211988
21736	0.246809
191765	0.209552
279296	0.309879
125416	0.170545
303485	0.246501
231740	0.413071
355241	0.329869
207211	0.331054
256061	0.334019
59826	0.982500
73671	0.234417
245147	0.225947
392260	0.159927
9952	0.417187
154177	0.120191
24272	0.402712
61023	0.174459
292982	0.837534
24587	0.291560
24737	0.397066
140936	0.257497
39161	0.360708
357168	0.375223
39715	0.201352
11271	0.155402
195451	0.123830
102455	0.200770
306086	0.193158
258015	0.460312
382374	0.309863
331600	0.203240
331603	0.295550
12066	0.283692
89820	0.251841
26667	0.262221
282795	0.219000
142631	0.419183
156948	0.288149
196874	0.234778
63999	0.151748

2013062202280000002	0.971084
2013062202280000002	201306220228	http://feeds.nbcnews.com/c/35002/f/653378/s/2da0ff0a/l/0Lcosmiclog0Bnbcnews0N0C0Inews0C20A130C0A60C210C190A638730Eufo0Eover0Estonehenge0Ebritain0Ereleases0Eits0Elast0Ebig0Ebatch0Eof0Ex0Efiles0Dlite/story01.htm	UFO over Stonehenge ? Britain releases its last big batch of X-Files - Cosmic Log
13438	0.397051
346240	0.261580
333183	0.458916
117263	0.191853
13784	0.578793
144232	0.220169
296589	0.193508
360132	0.217293
144751	0.154547
1197	0.542709
184973	0.379407
65611	0.291323
396703	0.406629
145527	0.589590
15288	0.494019
29858	0.294264
105836	0.460558
132854	0.545586
348556	0.210317
200252	0.243440
386022	0.278487
386068	0.308212
107276	0.368670
187088	0.294482
215148	0.942883
239473	0.405661
349628	0.267356
227147	0.257675
50587	0.398240
107853	0.287526
336728	0.286509
50895	0.247836
134360	0.265918
375463	0.328666
18029	0.291606
108697	0.181892
52650	0.299252
5221	0.259386
69793	0.256729
83010	0.261843
338591	0.362487
54117	0.312746
351999	0.262589
54593	0.351644
402141	0.341206
6208	0.377333
54801	0.364250
55156	0.473999
136769	0.629097
313645	0.139404
339513	0.468998
389877	0.351924
327898	0.279996
57311	0.317284
57440	0.348480
328212	0.386072
231030	0.325540
206150	0.244832
125416	0.162676
178520	0.918074
303485	0.246586
165548	0.342664
86700	0.214319
58537	0.317091
22887	0.371343
405330	0.415595
23001	0.123595
355241	0.338422
73500	0.254072
193336	0.193665
59826	0.971084
73671	0.210451
60085	0.199012
60210	0.187485
24272	0.531275
392581	0.462367
24675	0.247930
245924	0.227218
140993	0.504224
38975	0.588810
317574	0.443133
39060	0.238968
269664	0.177377
40115	0.192863
344003	0.676363
294049	0.215785
195443	0.283763
155933	0.640621
102693	0.351873
75825	0.211179
103009	0.256105
156948	0.510947
247772	0.268486
157116	0.405771
183368	0.506749
197036	0.271455
395068	0.363975
319534	0.443466
395280	0.221828
13378	0.355886

2013062116570000011	0.941390
2013062116570000011	201306211657	http://www.huffingtonpost.com/2013/06/21/ufo-over-brazil-protest-2013-drone_n_3474842.html	Brazilian UFO Caused By Drone ; Unmanned Aircraft Causing Rise In UFO Sightings ( VIDEO )
346240	0.194024
223912	0.197602
223970	0.274403
236844	0.285036
260493	0.275137
198684	0.195868
184778	0.365697
44929	0.117407
360626	0.149824
65788	0.207987
261064	0.159829
385081	0.665144
297538	0.486664
199556	0.167217
132912	0.303180
47516	0.313365
66911	0.250510
172040	0.247660
172094	0.245554
238746	0.250705
262628	0.532034
48684	0.230098
250931	0.267778
310643	0.341068
16907	0.314379
226625	0.507354
215292	0.275539
50044	0.473711
349628	0.275569
50423	0.248155
50587	0.393114
202554	0.390818
337880	0.535300
96436	0.469273
33578	0.270973
69907	0.194075
241645	0.273575
217740	0.176184
54633	0.508903
54799	0.299998
326259	0.206185
289126	0.432874
313645	0.118678
229705	0.312396
204630	0.145698
55883	0.210968
339771	0.203160
302217	0.484572
415793	0.216390
353280	0.214138
191333	0.349150
366905	0.232127
151694	0.314830
404008	0.290996
138378	0.494502
191765	0.156729
231030	0.305879
279296	0.364484
57800	0.142695
125416	0.082480
112121	0.358555
8679	0.346831
86695	0.314572
405263	0.348250
178854	0.190948
139263	0.356723
23001	0.143099
178998	0.314745
244484	0.505320
59826	0.941390
60442	0.118397
280740	0.204168
208309	0.241392
342858	0.268633
24272	0.397414
154674	0.191737
194293	0.144688
221522	0.262708
155253	0.376169
381885	0.386727
62066	0.114860
102226	0.340138
11271	0.125853
370204	0.266046
40622	0.206455
26330	0.212392
89675	0.119823
41450	0.458559
12233	0.347306
332170	0.202343
196401	0.571917
282795	0.159219
90199	0.423308
271191	0.193463
383196	0.341494
247772	0.303221
383367	0.423976
116475	0.170701
235847	0.498149
13378	0.260148

2013062117150000005	0.941390
2013062117150000005	201306211715	http://www.huffingtonpost.com/2013/06/21/ufo-over-brazil-protest-2013-drone_n_3474842.html	Brazilian UFO Caused By Drone ; Unmanned Aircraft Causing Rise In UFO Sightings ( VIDEO )
346240	0.194024
223912	0.197602
223970	0.274403
236844	0.285036
260493	0.275137
198684	0.195868
184778	0.365697
44929	0.117407
360626	0.149824
65788	0.207987
261064	0.159829
385081	0.665144
297538	0.486664
199556	0.167217
132912	0.303180
47516	0.313365
66911	0.250510
172040	0.247660
172094	0.245554
238746	0.250705
262628	0.532034
48684	0.230098
250931	0.267778
310643	0.341068
16907	0.314379
226625	0.507354
215292	0.275539
50044	0.473711
349628	0.275569
50423	0.248155
50587	0.393114
202554	0.390818
337880	0.535300
96436	0.469273
33578	0.270973
69907	0.194075
241645	0.273575
217740	0.176184
54633	0.508903
54799	0.299998
326259	0.206185
289126	0.432874
313645	0.118678
229705	0.312396
204630	0.145698
55883	0.210968
339771	0.203160
302217	0.484572
415793	0.216390
353280	0.214138
191333	0.349150
366905	0.232127
151694	0.314830
404008	0.290996
138378	0.494502
191765	0.156729
231030	0.305879
279296	0.364484
57800	0.142695
125416	0.082480
112121	0.358555
8679	0.346831
86695	0.314572
405263	0.348250
178854	0.190948
139263	0.356723
23001	0.143099
178998	0.314745
244484	0.505320
59826	0.941390
60442	0.118397
280740	0.204168
208309	0.241392
342858	0.268633
24272	0.397414
154674	0.191737
194293	0.144688
221522	0.262708
155253	0.376169
381885	0.386727
62066	0.114860
102226	0.340138
11271	0.125853
370204	0.266046
40622	0.206455
26330	0.212392
89675	0.119823
41450	0.458559
12233	0.347306
332170	0.202343
196401	0.571917
282795	0.159219
90199	0.423308
271191	0.193463
383196	0.341494
247772	0.303221
383367	0.423976
116475	0.170701
235847	0.498149
13378	0.260148

2013062114160000001	0.932502
2013062114160000001	201306211416	http://feeds.guardian.co.uk/~r/theguardian/politics/rss/~3/5FUuoNtjkrw/ufo-files-mod-data	Thanks to the UFO files release , the truth is out there | David Clarke | Comment is free | guardian . co. uk
295914	0.230537
346240	0.288380
383986	0.340644
117263	0.181293
260269	0.243493
1016	0.191443
334345	0.220750
45336	0.223568
385157	0.325885
199556	0.199586
118855	0.194774
132640	0.193757
348403	0.291728
250331	0.286559
47516	0.347261
93578	0.364697
47683	0.226409
386068	0.294528
262628	0.679806
133421	0.198739
386441	0.275408
133695	0.220511
107276	0.222569
107351	0.122397
173164	0.448460
17168	0.369322
133896	0.322665
215269	0.297320
160988	0.201688
31896	0.193487
363287	0.219494
50587	0.284340
336728	0.379007
18197	0.265150
202221	0.281253
188255	0.414122
375965	0.256688
400362	0.261421
228113	0.150125
188546	0.276995
312249	0.334615
188644	0.244733
337880	0.720735
241109	0.264146
69793	0.262771
338307	0.230366
96856	0.286829
162688	0.236679
175558	0.195563
313049	0.438131
55156	0.636039
253634	0.204553
278036	0.522809
242508	0.366811
176903	0.194129
163996	0.333794
327491	0.269046
57162	0.269235
328212	0.363965
569311	0.834904
206150	0.277222
303150	0.311539
125416	0.102983
178452	0.326450
8538	0.464929
303485	0.212464
255460	0.137203
354958	0.146553
315925	0.399853
355241	0.350777
291775	0.455218
179335	0.295411
126393	0.398757
9384	0.152703
59826	0.932502
329780	0.187231
60442	0.170750
392260	0.200565
60625	0.346841
24272	0.414324
342943	0.434244
24355	0.149930
24675	0.234050
180751	0.174366
245924	0.216672
209021	0.433404
141097	0.240632
39370	0.306573
194882	0.307038
381885	0.440366
40038	0.231788
393645	0.175898
258015	0.421361
370759	0.333765
89820	0.216667
358120	0.387819
182805	0.195333
156948	0.269053
143026	0.250472
409205	0.185257

2013062117310000011	0.926997
2013062117310000011	201306211731	http://www.huffingtonpost.com/chris-kelly/a-spooky-prophetic-though_b_3479541.html	Chris Kelly : A Spooky Prophetic Thought From James Gandolfini
43194	0.414501
369	1.139047
347082	0.681571
44286	0.556178
44514	0.531201
78455	0.860042
348486	1.155147
48986	0.500923
251064	0.584413
107183	0.992776
201087	0.451368
275796	0.673732
215972	0.212705
121417	0.515871
400172	0.397209
216288	0.442632
108697	0.318411
400868	0.774962
313136	0.920537
163054	0.764574
35046	0.499126
352985	0.837434
254030	0.513386
353280	0.469920
302698	0.311805
72187	0.426482
192290	0.536432
86413	0.385810
86594	0.390394
58561	0.272786
178998	0.608382
244725	1.142050
59826	0.926997
24272	0.575309
24355	0.240296
61143	0.340767
180513	1.069041
140936	0.329254
39309	0.356559
209372	0.382995
234812	0.389758
358299	0.645039
196874	0.344122
129970	1.265211
63999	0.237378
116723	0.708820

2013062023070000015	0.902059
2013062023070000015	201306202307	http://www.thetimes.co.uk/tto/science/article3796686.ece	MoD closes the X-files after 60-year UFO hunt | The Times
197634	0.314179
117263	0.177005
13784	0.421053
333614	0.526774
212170	0.384831
333892	0.151574
396193	0.253268
78406	0.180817
44929	0.167572
1845	0.268058
29858	0.262317
132640	0.158044
285613	0.483071
250331	0.290470
47516	0.398946
398035	0.522383
250473	0.185337
298316	0.199783
386068	0.312047
262628	0.572559
374624	0.525734
48986	0.249835
49036	0.571759
187026	0.224969
107276	0.270858
49569	0.482764
215172	0.536465
215292	0.312936
120613	0.604850
349628	0.228166
399320	0.263024
50387	0.130555
50587	0.398177
299534	0.747561
81727	0.309208
228119	0.616800
96113	0.488404
5221	0.255715
337880	0.607304
69793	0.167830
351439	0.540657
53717	0.338241
136085	0.179612
162851	0.180777
351970	0.175417
55156	0.716476
229705	0.330272
163658	0.267743
278036	0.516583
339798	0.233119
190713	0.232831
278244	0.567455
35046	0.270375
242775	0.358983
390046	0.203362
390047	0.529680
164097	0.602875
151424	0.362491
151461	0.201392
21736	0.260823
191822	0.256020
328212	0.375166
279296	0.440233
57846	0.305488
125416	0.127588
8509	0.427152
178520	0.580809
58537	0.246675
355241	0.232825
73145	0.318616
207211	0.247076
153369	0.230805
220383	0.341286
59826	0.902059
356044	0.261736
60429	0.266218
233041	0.484861
24272	0.325350
342943	0.376934
208780	0.206349
114397	0.422799
39309	0.205221
269664	0.157814
114434	0.345948
39715	0.225909
381885	0.378563
40115	0.171418
344122	0.239130
40622	0.238715
234624	0.255761
408171	0.348498
258242	0.449621
357905	0.167151
142631	0.470862
156948	0.285109
383186	0.198950
196874	0.241919
157315	0.359398
63999	0.154637
116683	0.284349

2013062112020000018	0.884305
2013062112020000018	201306211202	http://www.guardian.co.uk/world/shortcuts/2013/jun/21/top-10-ufo-sightings-roswell-berkshire-files	Top 10 UFO sightings : from Roswell to a pub in Berkshire | World news | The Guardian
184032	0.229367
158022	0.209081
117511	0.264674
296626	0.408000
131275	0.304393
272968	0.139943
44929	0.118134
261064	0.209876
15119	0.598598
1845	0.287806
92855	0.491704
106128	0.199480
47516	0.471616
47725	0.685696
250585	0.629199
160247	0.294936
322815	0.422702
48574	0.290986
262628	0.907780
250935	0.508470
49183	0.380583
412436	0.731933
362862	0.541854
173164	0.477571
336407	0.272309
323521	0.340339
17389	0.453897
50587	0.397872
134495	0.350954
312073	0.197445
364153	0.214612
82182	0.270626
300057	0.424978
350716	0.412194
288012	0.321002
337880	0.886894
33578	0.343897
376913	0.301509
33890	0.319584
54394	0.221790
402186	0.277240
278036	0.576140
6833	0.387921
339771	0.208761
20901	0.232454
21125	0.495385
85179	0.397882
72007	0.443850
72024	0.453088
72193	0.394838
279084	0.307198
191822	0.355386
152146	0.264909
22122	0.170753
36172	0.496698
279296	0.397876
152299	0.188754
303150	0.265470
231219	0.329315
125416	0.138381
379560	0.305968
341453	0.692109
8664	0.287734
86700	0.208474
22767	0.177993
58537	0.370977
354958	0.188067
244269	0.590968
355241	0.244277
153008	0.383873
355346	0.244559
23395	0.677816
59826	0.884305
280583	0.601398
60442	0.175698
9828	0.466489
316736	0.496557
24272	0.457071
101150	0.463461
154482	0.310723
369147	0.388995
140936	0.287834
88504	0.320015
357042	0.453747
269832	0.275175
40146	0.410051
305867	0.127560
62353	0.337720
40622	0.300510
294939	0.625280
182900	0.412391
420833	0.438346
235377	0.222862
383196	0.383394
196874	0.237024
116475	0.275892
235847	0.441824
345851	0.410898
197387	0.222246
13378	0.391441

2013061616430000001	0.879511
2013061616430000001	201306161643	http://www.examiner.com/article/will-cracking-the-ufo-secret-ignite-another-american-revolution?cid=rss	Will cracking the UFO secret ignite another American revolution ? - National American history | Examiner.com
295914	0.271121
346240	0.229147
278036	0.380193
204666	0.169542
383986	0.593538
28523	0.224647
390218	0.146418
7444	0.213635
396193	0.281543
333947	0.218537
366768	0.323288
372730	0.380158
85179	0.324934
1016	0.153106
302698	0.174032
230805	0.193992
272968	0.158462
354066	0.112720
191765	0.162006
57440	0.330401
367331	0.304554
65944	0.192172
279296	0.322254
303150	0.203537
125584	0.366694
118855	0.200834
58537	0.375825
354958	0.167523
335159	0.402465
22906	0.309650
303756	0.199210
348403	0.263751
47516	0.282157
303975	0.302823
47683	0.148129
207459	0.175144
59826	0.879511
140068	0.237860
356145	0.274913
380777	0.324130
392260	0.181652
49198	0.501060
392296	0.237324
226625	0.706977
49451	0.280480
215030	0.154458
173097	0.175123
107391	0.217904
24355	0.141510
107632	0.403268
50126	0.168654
120655	0.172696
31896	0.284062
147472	0.238842
50387	0.114520
227147	0.322282
147620	0.455032
239816	0.186597
520320	0.850599
269609	0.285969
74861	0.223569
161597	0.346198
269873	0.350971
148121	0.574338
227763	0.289918
181550	0.191470
381885	0.465826
40049	0.192665
69106	0.258911
400362	0.321277
40392	0.174670
364153	0.194443
393645	0.149159
195451	0.126246
270234	0.147636
209820	0.461667
96029	0.284547
393697	0.363177
148754	0.241989
41158	0.299077
246925	0.265750
276690	0.446472
394030	0.212262
89675	0.168025
597380	0.833286
358261	0.197114
182902	0.195831
217382	0.197838
210791	0.305615
235310	0.509364
235377	0.233598
54117	0.295640
196877	0.235058
383264	0.314067
116475	0.245270
211346	0.186490
248103	0.347827
345994	0.345839
346013	0.216290
64220	0.167130

2013061505550000035	0.838011
2013061505550000035	201306150555	http://ca.news.yahoo.com/blogs/daily-buzz/british-tabloid-apologizes-aliens-scientology-154709896.html	British tabloid apologizes to aliens for Scientology link | Daily Buzz - Yahoo ! News Canada
333750	0.969382
347065	0.399834
198676	0.607603
78446	0.248871
273058	0.316911
213121	0.370556
396873	0.442113
65944	0.279241
145844	1.308250
30328	0.403676
47516	0.491426
106519	0.560200
298316	0.375005
262628	0.891028
186722	0.483334
362862	0.689138
215183	0.405026
399320	0.423880
263361	0.517960
336728	0.385685
95052	0.452932
50895	0.542700
400178	0.311168
337880	0.940961
217740	0.219326
402186	0.377156
242014	0.513880
339186	0.492174
278036	0.929597
85179	0.566412
125416	0.180241
315541	0.905648
22767	0.234663
207211	0.422975
368361	0.823100
59826	0.838011
73671	0.522464
356029	0.507777
406217	0.594329
207893	0.429422
126802	0.371368
154177	0.209398
369047	0.449716
24272	0.521134
140574	0.593282
61140	0.337024
140759	0.360977
356806	1.015337
270112	0.627754
370378	0.315534
222359	0.675162
103009	0.412967
408761	1.136284

2013062120240000002	0.803713
2013062120240000002	201306212024	http://m.bbc.co.uk/news/	http://m.bbc.co.uk/news/
42920	0.233949
359399	0.253825
64558	0.357696
260155	0.247187
236636	0.350119
1016	0.148048
44512	0.271059
272968	0.222215
321326	0.381618
213285	0.251820
45955	0.487255
171388	0.529271
397340	0.144814
132640	0.197353
322153	0.359045
214337	0.439339
386068	0.389131
239048	0.319824
49305	0.216579
67807	0.296867
187249	0.325241
17272	0.502801
323601	0.685042
81145	0.333747
17934	0.261129
275796	0.446530
4281	0.223642
350051	0.320768
400185	0.359655
216403	0.439638
324773	0.169086
241096	0.504889
162851	0.235348
54109	0.211678
338638	0.541998
6099	0.338386
19891	0.600719
266136	0.274298
353376	0.243259
390218	0.177489
124704	0.238723
111474	0.546560
279040	0.310990
111656	0.639183
279094	0.464315
328212	0.582479
354284	0.203125
57800	0.244916
379402	0.313026
379413	0.545908
125416	0.122715
303366	0.380468
391147	0.363285
354730	0.292311
178579	0.859174
86594	0.287969
255460	0.184761
354958	0.204127
58561	0.230553
355241	0.309819
23152	0.436574
405742	0.401104
193103	0.400422
59826	0.803713
316735	0.290829
126896	0.432397
127052	0.570110
61023	0.228198
74120	0.305906
24355	0.165676
74306	0.292196
24587	0.322572
317369	0.228875
269439	0.524239
245939	0.498629
343746	0.411338
40170	0.608977
393645	0.193964
294315	0.401814
371000	0.276969
371015	0.303082
420625	0.364541
318950	0.454560
358309	0.270197
271191	0.226765
247518	0.307567
63449	0.379140
156948	0.354542
332549	0.405949
247772	0.340701
409365	0.228436
42605	0.238899
27857	0.227091
27893	0.259357
346083	0.312602

2013062119440000010	0.772727
2013062119440000010	201306211944	http://www.huffingtonpost.com/democracy-now/the-other-james-gandolfin_b_3479575.html?utm_hp_ref=celebrity	Democracy Now ! : The Other James Gandolfini : `` Sopranos '' Actor Remembered For Support of Injured Vets , Community Media
369	0.907796
64907	0.533351
260342	0.281644
44192	0.625559
347082	0.566078
144751	0.220038
360626	0.233359
199556	0.365425
79238	0.867788
119076	0.357419
397731	0.311425
348486	0.930276
16498	0.658399
48986	0.402777
251064	0.471397
107183	0.796013
80523	0.289268
50126	0.344014
17419	0.261432
275796	0.794580
134674	0.714106
121417	0.416785
400172	0.330434
216288	0.367487
188447	0.827489
324773	0.213521
364377	0.436410
400868	0.619393
188899	0.530178
325148	0.329439
83187	0.422571
313136	0.744954
163054	0.608501
217702	0.309309
339570	0.461171
326969	0.814372
35046	0.402210
254030	0.412999
138357	0.608663
8334	0.313738
86594	0.322821
58561	0.219080
58674	0.388346
178998	0.509259
303963	0.246633
355346	0.375809
207459	0.257725
244725	0.916876
59826	0.772727
316845	0.957731
342770	0.535373
24272	0.480561
369147	0.626408
24355	0.192339
61143	0.271968
180513	0.856963
194293	0.269188
140936	0.265782
369600	0.383792
357050	0.299830
40507	0.350839
318469	0.876972
357905	0.239936
358299	0.521610
116723	0.587674

2013062017000000110	0.764147
2013062017000000110	201306201700	http://www.theage.com.au/entertainment/music/dave-graney-20130620-2olfh.html	Dave Graney
197692	0.753913
144136	0.389064
198882	0.449579
118399	0.282400
373300	0.260500
321614	0.292531
322311	0.528204
93807	0.390174
323013	0.631287
68131	0.955826
32327	0.526896
4281	0.254092
400178	0.239299
400285	0.594210
174571	0.387673
122108	0.721329
376539	0.673003
6044	0.725900
150858	0.393376
254582	0.474228
279040	0.357182
328247	0.394947
37050	0.714279
329744	0.679848
126802	0.303215
406578	0.442747
330227	0.396138
180760	0.268806
40187	0.650116
102455	0.301709
182246	0.286264
332655	0.560964
409205	0.309730
359149	0.422074
409477	0.577725
13403	0.439830
359263	0.316497
359404	0.492623
14141	0.330613
260318	0.307411
44922	0.505690
44960	0.471247
360626	0.193676
159271	0.385406
261795	0.764853
310635	0.382555
49439	0.258281
50387	0.203783
108750	0.255236
82371	0.940999
109154	1.683108
188897	0.315007
217160	0.657489
388672	0.383791
265453	0.391210
217896	0.443285
21566	0.467960
390591	0.416146
112198	0.264015
391218	0.329474
58674	0.272183
23001	0.197131
220383	0.536813
193336	0.305810
59826	0.764147
24355	0.171245
24587	0.357124
61878	0.455668
370398	0.975808
270393	0.537259
196242	0.299648
116242	0.515766

2013062213410000001	0.713653
2013062213410000001	201306221341	http://blogs.telegraph.co.uk/news/tomchiversscience/100222998/the-sad-demise-of-the-men-in-dark-tweed/	The sad demise of the Men in Dark Tweed - Telegraph Blogs
117263	0.187576
296242	0.480886
43428	0.262410
248660	0.449895
77701	0.249346
91640	0.577773
1016	0.136691
144751	0.178796
14397	0.477196
260713	0.394123
44929	0.113006
360626	0.153117
199476	0.300348
66460	0.356283
335018	0.559182
47516	0.398468
238444	0.509206
398035	0.495412
386068	0.351083
262628	0.632252
362479	0.367060
49490	0.438312
386675	0.500536
49569	0.472599
3550	0.307643
412507	0.251326
49982	0.318878
349628	0.265331
50387	0.166573
323784	0.321959
50587	0.410450
161251	0.457145
134495	0.319909
18197	0.244590
18577	0.219137
108697	0.185021
188546	0.290251
337880	0.670366
400887	0.235379
109206	0.324183
388309	0.363027
96436	0.556080
135858	0.499500
122611	0.575481
55156	0.648658
6534	0.287919
278036	0.647330
204630	0.167352
266136	0.282584
218455	0.413980
35046	0.261877
176903	0.205963
403467	0.362522
205261	0.349432
191282	0.542926
21492	0.299433
404008	0.305223
21736	0.305743
460590	0.950798
164856	0.334872
328212	0.453242
279296	0.365178
125416	0.111809
192292	0.263175
86700	0.190621
22767	0.160017
267949	0.413589
178998	0.331100
355241	0.191024
179112	0.268224
355353	0.262950
139694	0.249141
207465	0.143553
59826	0.713653
73671	0.201872
113530	0.370125
24272	0.431494
61023	0.171086
256911	0.367725
194360	0.561570
305426	0.348554
167593	0.369167
194861	0.289252
269873	0.387250
40049	0.202726
40283	0.212952
370204	0.298928
62250	0.412782
195488	0.288973
168437	0.336314
357905	0.169985
89831	0.735559
222813	0.191921
210578	0.160380
282724	0.155840
116023	0.255009
156948	0.281314
116475	0.209443
63999	0.143644
143362	0.942138

2013062117190000005	0.675438
2013062117190000005	201306211719	http://nypost.com/p/news/international/uk_government_releases_files_after_c7KjIUWv4r6P5qKNODIQNJ	UK Government releases ` X-files ' after closing UFO investigations unit - NYPOST.com
42809	0.356904
157870	0.394138
43439	0.327104
320180	0.573806
14019	0.471787
296589	0.206350
333932	0.549581
347082	0.497981
1016	0.196076
144751	0.285935
184731	0.535423
105068	0.230176
14444	0.178453
14467	0.544860
78431	0.301943
360723	0.631715
385087	0.501922
65944	0.188680
132640	0.214374
132670	0.260876
172094	0.201868
67034	0.498281
386022	0.257649
160214	0.469408
322778	0.449475
250846	0.684665
251008	0.286859
49208	0.290940
3548	0.655208
375008	0.304106
336376	0.377144
68229	0.733639
120809	0.267876
251575	0.632162
215636	0.357744
275796	0.490672
4281	0.273460
134674	0.626337
228046	0.616884
324773	0.196084
108967	0.466988
413823	0.373956
400895	0.446600
69793	0.213558
175334	0.202917
136085	0.243296
110044	0.419081
19875	0.534285
242014	0.389226
55001	0.670195
389276	0.572892
123420	0.384679
253780	0.445675
278036	0.501248
123870	0.474626
35481	0.209232
340569	0.233731
56849	0.316994
327973	0.206906
379009	0.567716
86594	0.339288
354953	0.448572
355241	0.251720
355343	0.312488
341959	0.597514
37186	0.307409
304191	0.672793
342203	0.603550
37620	0.432695
59826	0.675438
342395	0.325964
418449	0.455579
154214	0.340930
24272	0.370761
154766	0.379300
127447	0.309787
61689	0.600494
194678	0.198511
269664	0.198065
114434	0.372254
269849	0.359568
75294	0.501507
270131	0.415052
62313	0.507339
370378	0.221865
40802	0.317704
195531	0.226545
62565	0.349623
128770	0.501307
182562	0.336193
76501	0.372359
271386	0.448395
235630	0.291122
223419	0.622646
307344	0.361212
130082	0.334192
116723	0.514452
197387	0.272812

2013062117540000006	0.666876
2013062117540000006	201306211754	http://cosmiclog.nbcnews.com/_news/2013/06/21/19065917-happy-supermoon-celebrate-lunar-largeness-as-a-planetary-holiday?lite	Happy Supermoon ! Celebrate lunar largeness as a planetary holiday - Cosmic Log
13438	0.482347
346240	0.365937
333183	0.557806
117235	0.411994
384014	0.470839
13784	0.542018
184217	0.674828
43550	0.247756
43693	0.290161
260133	0.415799
360132	0.238513
144751	0.187568
14444	0.226739
1197	0.654073
78446	0.180020
184973	0.459572
44929	0.174030
65611	0.379210
396703	0.495151
131905	0.362528
65714	0.481768
29613	0.516943
145527	0.701389
105836	0.558144
297660	0.276230
397340	0.137174
132640	0.183805
132834	0.594712
106401	0.195078
226264	0.885227
187026	0.214976
107276	0.299856
386790	0.306284
286803	0.374449
50587	0.474902
161455	0.330773
216312	0.227913
188356	0.618748
108697	0.214714
364357	0.430640
52650	0.363157
5221	0.323066
69793	0.246367
83010	0.315283
351999	0.311861
54593	0.423219
402141	0.414948
54801	0.440708
136769	0.747559
313645	0.168899
136973	0.356802
366066	0.291879
415437	0.714493
190684	0.256034
389877	0.423329
205569	0.242352
71996	0.220891
327898	0.338989
278989	0.428043
178520	0.734209
112288	0.653226
86700	0.240794
22887	0.442241
405330	0.494672
23001	0.175626
192800	0.349892
165807	0.216851
355241	0.255474
232145	0.692758
87119	0.607012
244641	0.413948
153634	0.441218
59826	0.666876
9822	0.518124
232974	0.293800
369047	0.322446
140759	0.320267
140993	0.397896
38975	1.032575
39060	0.290442
305426	0.384647
141258	0.266470
74956	0.482260
209463	0.358744
75193	0.380533
370204	0.338079
40392	0.232171
11369	0.850020
40448	0.271794
155933	0.761676
102693	0.423040
258216	0.316294
12022	0.240335
103009	0.310962
116023	0.311425
271185	0.517969
157116	0.492230
183368	0.692432
395068	0.441224
319534	0.537695

2013062016100000017	0.664945
2013062016100000017	201306201610	http://sg.news.yahoo.com/chinese-astronauts-beam-1st-science-lesson-space-video-161037524.html	Chinese Astronauts Beam 1st Science Lesson from Space ( Video ) - Yahoo ! News Singapore
346240	0.618308
372135	0.423084
320073	0.506578
13917	0.319385
131207	0.849382
117728	0.294616
410287	0.435472
144751	0.221030
550284	0.783974
373335	0.734545
118855	0.250963
411246	0.438570
47269	0.363572
47516	0.323021
540112	0.783479
172094	0.244646
146508	0.792856
412354	0.746324
133743	0.528578
447409	0.790329
458661	0.795058
49825	0.213460
336407	0.327589
275340	0.418988
337224	0.395736
121418	0.565302
299844	0.241340
337422	0.529981
387875	0.614622
228113	0.178677
388135	0.306487
5221	0.346470
53195	0.919471
325380	0.538513
19401	0.364089
33890	0.347506
54088	0.503511
203648	0.483218
289247	0.419112
339461	0.617408
204666	0.299016
218413	0.434893
191017	0.590577
110981	0.328818
7251	0.353330
177308	0.492136
205538	0.880687
230883	1.170252
57382	0.342868
22122	0.209221
86379	0.488173
279591	0.604885
379738	0.304453
86700	0.239700
443778	0.789423
267820	0.343091
23001	0.193297
192926	0.422740
232145	0.647570
9384	0.176899
59826	0.664945
87648	0.997544
61023	0.209647
127505	0.247038
419316	0.910985
209372	0.242665
141436	0.362518
370204	0.543722
270234	0.184307
331534	0.239846
331600	0.304995
26667	0.438924
271191	0.232528
143066	0.725946
259192	0.533518
90712	0.919028
63999	0.261628
307392	0.414026
197387	0.443556
130219	0.291617
27857	0.238376
13392	0.215897

2013062016100000019	0.664945
2013062016100000019	201306201610	http://news.yahoo.com/chinese-astronauts-beam-1st-science-lesson-space-video-161037524.html	Chinese Astronauts Beam 1st Science Lesson from Space ( Video ) - Yahoo ! News
346240	0.618308
372135	0.423084
320073	0.506578
13917	0.319385
131207	0.849382
117728	0.294616
410287	0.435472
144751	0.221030
550284	0.783974
373335	0.734545
118855	0.250963
411246	0.438570
47269	0.363572
47516	0.323021
540112	0.783479
172094	0.244646
146508	0.792856
412354	0.746324
133743	0.528578
447409	0.790329
458661	0.795058
49825	0.213460
336407	0.327589
275340	0.418988
337224	0.395736
121418	0.565302
299844	0.241340
337422	0.529981
387875	0.614622
228113	0.178677
388135	0.306487
5221	0.346470
53195	0.919471
325380	0.538513
19401	0.364089
33890	0.347506
54088	0.503511
203648	0.483218
289247	0.419112
339461	0.617408
204666	0.299016
218413	0.434893
191017	0.590577
110981	0.328818
7251	0.353330
177308	0.492136
205538	0.880687
230883	1.170252
57382	0.342868
22122	0.209221
86379	0.488173
279591	0.604885
379738	0.304453
86700	0.239700
443778	0.789423
267820	0.343091
23001	0.193297
192926	0.422740
232145	0.647570
9384	0.176899
59826	0.664945
87648	0.997544
61023	0.209647
127505	0.247038
419316	0.910985
209372	0.242665
141436	0.362518
370204	0.543722
270234	0.184307
331534	0.239846
331600	0.304995
26667	0.438924
271191	0.232528
143066	0.725946
259192	0.533518
90712	0.919028
63999	0.261628
307392	0.414026
197387	0.443556
130219	0.291617
27857	0.238376
13392	0.215897

2013062323470000007	0.657068
2013062323470000007	201306232347	http://www.huffingtonpost.com/spencer-aronfeld/judge-and-prosecutor_b_3483975.html	Spencer Aronfeld : Judge and Prosecutor Secretly Texting During Murder Trial
439082	1.618406
117263	0.299147
284349	0.292622
1016	0.165522
184695	0.832071
334056	0.344690
29100	0.301804
78375	0.427658
396703	0.312213
396712	1.067203
78594	0.460400
65788	0.309955
119076	0.334935
386022	0.325532
67433	0.446329
48986	0.340007
3569	0.414809
17419	0.219994
50387	0.163964
323827	0.411623
81275	0.504720
375477	0.382656
51082	0.275524
227423	0.389880
336960	0.403082
400172	0.280727
216288	0.311932
202732	0.515334
148810	0.447516
53045	0.452400
351216	0.330240
175333	0.331252
175334	0.298604
122960	0.274973
97213	0.378314
253210	0.915814
70669	0.233930
313645	0.170199
123589	0.522680
415349	0.451529
71091	0.504228
389685	0.392978
164105	0.276276
415958	0.447821
85069	0.653973
71996	0.207062
164856	0.351144
152149	0.454854
303150	0.276960
341195	0.281248
341792	0.884515
23001	0.158975
178998	0.433815
355241	0.262777
355366	0.502691
368273	0.240138
268129	0.385930
37348	0.346325
139694	0.287269
292259	0.831886
59826	0.657068
207893	0.472412
179932	0.728537
193595	0.394228
60466	0.298010
356382	0.272164
24272	0.408998
61023	0.201023
369202	0.359852
208713	0.486102
101799	0.661387
39372	0.283518
39386	0.329220
209262	0.956862
40169	0.484696
40802	0.315074
234577	0.574743
331534	0.242997
156144	0.642581
294507	0.811980
210578	0.220230
344998	0.356230
210786	0.464784
271551	0.360224
42281	0.528328
13064	0.716918
63999	0.190095
371759	0.464819

2013062323410000004	0.647121
2013062323410000004	201306232341	http://www.huffingtonpost.com/kim-kane/tupac-shakur-walk-of-fame_b_3484140.html?utm_hp_ref=celebrity&ir=Celebrity	Kim Kane : Tupac Shakur Earns a Star on the Hollywood Walk of Fame
248409	0.480718
333486	0.399667
130854	0.295199
260457	0.287281
1002	0.383180
184695	0.911403
144751	0.266643
29100	0.330024
65788	0.339082
225242	0.502317
118855	0.250455
119076	0.366564
361829	0.761469
106401	0.236781
48986	0.336958
49439	0.258383
17205	0.535931
375053	0.555695
17419	0.270624
50387	0.179219
50660	0.759167
239750	0.414267
147987	0.360414
400172	0.276772
216288	0.307863
300044	0.422622
108892	0.634119
162324	0.299450
175308	0.610444
122960	0.271951
149794	0.396349
253453	0.423897
55164	0.423460
20354	0.376072
176505	0.342460
352818	1.042717
339872	0.475216
327980	0.269202
328341	1.066405
152186	0.259070
191946	0.430258
57837	0.239994
125416	0.138953
405075	0.332055
178678	0.722454
391358	0.293100
178998	0.426324
355366	0.550845
292259	0.910823
59826	0.647121
356019	0.461502
60085	0.233313
329828	0.521819
392252	0.249116
24272	0.402373
61023	0.199018
24355	0.194376
356638	0.794100
180649	0.326764
24745	0.361273
61441	0.253908
101799	0.653442
393191	1.033542
209262	0.950179
269832	0.326906
141615	0.283197
331534	0.241538
89588	0.224387
357905	0.259817
12166	0.251867
394238	0.224602
247281	0.368342
371103	0.497792
282795	0.256984
344987	0.457660
358325	0.453384
358575	0.184274
196994	0.307811
197036	0.316259
271542	0.872570
129968	0.556717
63999	0.184509
395280	0.268908
27893	0.251932

2013062118370000015	0.626630
2013062118370000015	201306211837	http://cosmiclog.nbcnews.com/_news/2013/06/21/19065917-happy-supermoon-celebrate-lunar-largeness-as-a-planetary-holiday?chromedomain=science	Happy Supermoon ! Celebrate lunar largeness as a planetary holiday - Cosmic Log
13438	0.455425
346240	0.350118
333183	0.566672
117235	0.393496
384014	0.460996
13784	0.509835
184217	0.644058
43550	0.236127
43693	0.279743
260133	0.395751
360132	0.224756
144751	0.177155
14444	0.218190
1197	0.616529
78446	0.172963
184973	0.434344
44929	0.168173
65611	0.365357
396703	0.467084
131905	0.368760
65714	0.459366
29613	0.495002
145527	0.717825
105836	0.527417
297660	0.270456
397340	0.131875
132640	0.175218
132834	0.574320
106401	0.186650
226264	0.850501
187026	0.207534
107276	0.281903
386790	0.309807
286803	0.361124
50587	0.462670
161455	0.316000
216312	0.220174
188356	0.597738
108697	0.205384
364357	0.419337
52650	0.344647
5221	0.324843
69793	0.234398
83010	0.297013
351999	0.295248
54593	0.400745
402141	0.421768
54801	0.414651
136769	0.707610
313645	0.160386
136973	0.345252
366066	0.280950
415437	0.677874
190684	0.247088
389877	0.400921
205569	0.238212
71996	0.211996
327898	0.320433
278989	0.408625
178520	0.690075
112288	0.634099
86700	0.245694
22887	0.453019
405330	0.506497
23001	0.168304
192800	0.338339
165807	0.207816
355241	0.240369
232145	0.662145
87119	0.582874
244641	0.397144
153634	0.425101
59826	0.626630
9822	0.497798
232974	0.287582
369047	0.310276
140759	0.312251
140993	0.375748
38975	1.007572
39060	0.274187
305426	0.367021
141258	0.254761
74956	0.459209
209463	0.345752
75193	0.363904
370204	0.323816
40392	0.221223
11369	0.825478
40448	0.262656
155933	0.720845
102693	0.400721
258216	0.300849
12022	0.243222
103009	0.315258
116023	0.296154
271185	0.497227
157116	0.464980
183368	0.661222
395068	0.418901
319534	0.508011

2013061914550000010	0.625571
2013061914550000010	201306191455	http://www.examiner.com/article/et-text-home-startup-lone-signal-wants-to-beam-your-sms-to-space?cid=rss	ET , text home ; startup Lone Signal wants to beam your SMS to space - National Technology | Examiner.com
248362	0.678493
346240	0.414851
347065	0.518096
144751	0.161976
14444	0.178552
44960	0.607069
249365	0.450318
360626	0.171847
249792	0.286301
348068	0.401784
335000	0.365163
238154	0.513309
186042	0.223985
200057	0.397391
66911	0.224375
106443	0.194844
160280	0.467871
16450	0.735217
226625	0.944654
49439	0.209082
374905	0.172797
362853	0.429009
349628	0.251214
227171	1.095110
50688	0.911322
51272	0.222304
337422	0.564049
188316	0.187196
376196	0.523662
5221	0.353583
240889	0.228549
162324	0.246983
264568	0.392583
69907	0.279991
162688	0.242893
414527	0.214480
136145	0.288370
217740	0.150196
289016	0.258693
242238	0.402272
229750	0.385421
415446	0.315284
55883	0.289876
84947	0.387239
7444	0.207074
327491	0.233465
278723	0.346024
151623	0.357224
353700	0.544204
152099	0.270955
111815	0.449277
152149	0.614801
57846	0.334292
354540	0.363185
291300	0.302359
86605	0.258500
267820	0.311414
23001	0.152498
303963	0.188741
590932	0.864939
291775	0.515208
9196	0.476997
418110	0.339962
153685	0.371137
292226	0.338144
59826	0.625571
140068	0.257157
208309	0.315854
330182	0.442027
233261	0.512790
24587	0.271571
317330	0.332001
38841	0.228875
181077	0.276155
305426	0.348311
194678	0.240656
74861	0.230736
194923	0.259937
343711	0.459003
39913	0.242515
40038	0.311903
62066	0.169586
370204	0.429762
11369	0.381285
393645	0.177178
270454	0.262973
222470	0.497451
394030	0.279895
41234	0.248309
89678	0.324887
102992	0.329063
258512	0.650120
196242	0.222713
358325	0.339491
156789	0.423207
271191	0.253049
197026	0.393756
197036	0.274584
63999	0.176529
143500	0.515071

2013062202490000015	0.622491
2013062202490000015	201306220249	http://feeds.nbcnews.com/c/35002/f/653377/s/2da0daec/l/0Lcosmiclog0Bnbcnews0N0C0Inews0C20A130C0A60C210C190A791670Ehuman0Epollination0Esting0Eoperation0Euses0Esocial0Emedia0Eto0Ebenefit0Ebees0Dlite/story01.htm	` Human pollination ' ? Sting operation uses social media to benefit bees - Cosmic Log
409541	0.499757
295927	0.650154
346240	0.307244
333183	0.554598
13784	0.506344
104617	0.398885
248958	0.303529
272556	0.265166
360132	0.256392
1197	0.629211
44929	0.121796
65611	0.337571
396703	0.468573
360626	0.199191
45242	0.408159
321326	0.366249
199245	0.284733
237947	0.332751
171857	0.254032
172094	0.245421
30630	0.513120
107276	0.280008
107351	0.151995
50126	0.291180
161322	0.316606
299616	0.849425
215979	0.161946
51710	0.302581
216312	0.258093
174521	0.258879
228113	0.133226
108750	0.188294
148612	0.240592
52650	0.405573
5221	0.315129
401206	0.644875
69793	0.201879
83010	0.304231
351572	0.931566
265051	0.244359
217382	0.310819
253131	0.294302
217702	0.223645
54593	0.402480
402141	0.412844
136610	0.355464
313645	0.169848
136836	0.452885
204666	0.247747
389877	0.402659
218781	0.541064
85024	0.483763
7444	0.217067
7599	0.232249
151694	0.385802
230805	0.240536
511281	0.948058
164838	0.281441
206150	0.260141
279296	0.313785
315308	0.353588
72816	0.212492
178520	0.685476
494426	1.644320
368044	0.861402
23001	0.167408
355241	0.238708
59826	0.622491
140068	0.359859
60210	0.155124
193558	0.288877
113859	0.474086
407031	0.312258
38975	0.683768
194678	0.185927
39497	0.690787
155350	0.255981
102123	0.730355
40115	0.181233
270234	0.159043
40725	0.398875
115199	0.291381
331534	0.212278
270454	0.338377
102693	0.402459
12166	0.207011
102992	0.202290
103009	0.308421
371015	0.279317
344822	0.397409
210613	0.348305
394454	0.202365
182805	0.208285
90467	0.284262
183368	0.587840
197026	0.292050
169398	0.354612
395068	0.492708
307344	0.298855
64164	0.463936

2013062013050000002	0.614262
2013062013050000002	201306201305	http://www.csmonitor.com/World/Global-News/2013/0620/Chinese-astronaut-teaches-60-million-kids-from-space	Chinese astronaut teaches 60 million kids from space - CSMonitor.com
295914	0.373591
104370	0.438866
346240	0.516151
320073	0.542150
43446	0.412942
43550	0.249861
130855	0.291529
117511	0.311405
131207	0.702325
272602	0.369462
410287	0.321975
320668	0.327395
144751	0.182207
117916	0.351217
131612	0.134535
297207	0.364693
550284	0.808497
373335	0.692412
65944	0.185760
213285	0.282252
285321	0.432771
118855	0.317082
297660	0.272695
273682	0.420330
335000	0.381007
46916	0.493660
540112	0.807945
172094	0.226258
172457	0.499298
67399	0.367879
362475	0.506324
412354	0.713984
336407	0.292325
239411	0.390420
50251	0.206189
299355	0.556019
299360	0.280954
17934	0.255508
337224	0.390399
228277	0.360332
376450	0.310487
5221	0.331310
216834	0.992657
217382	0.298376
228928	0.264251
33890	0.328280
54394	0.241723
190010	0.354051
339461	0.758473
366403	0.346765
191017	0.482685
366472	0.255780
205538	0.719019
302698	0.192613
72193	0.453427
111613	0.512883
177784	0.405051
22122	0.224159
86379	0.347846
379738	0.326546
23001	0.167411
23174	0.439813
86999	0.233152
192926	0.449342
232145	0.504556
9384	0.213900
59826	0.614262
60442	0.183337
292734	0.430623
180530	0.379623
74306	0.334007
38830	0.355191
141018	0.335058
141219	0.378802
209372	0.230912
40049	0.263395
40115	0.241341
234239	0.559228
370204	0.380470
270234	0.199121
357582	0.440867
89333	0.347286
128628	0.417332
331534	0.258652
331600	0.267796
12022	0.276965
102992	0.238273
26667	0.491181
156948	0.393201
196874	0.232460
116634	0.721436
197387	0.293572

2013062200160000008	0.613855
2013062200160000008	201306220016	http://www.huffingtonpost.com/lyz-lenz/stop-judging-kim-kardashians-baby-names_b_2340570.html?utm_hp_ref=celebrity&ir=Celebrity	Lyz Lenz : Stop Judging Kim Kardashian 's Baby Name
369	0.710626
43301	0.547882
91424	0.243377
43439	0.292961
43446	0.282327
333526	0.235895
144239	0.318668
333865	0.409760
396193	0.307503
78431	0.296732
284732	0.290415
78455	0.539397
185001	0.525954
78594	0.379425
45240	0.222054
45851	0.336950
46174	0.254103
199747	0.707424
159790	0.605815
47269	0.353146
348486	0.732953
335385	0.421459
48986	0.317041
251064	0.371765
49305	0.222439
50731	0.609516
299360	0.268196
4281	0.418767
18154	0.450861
95461	0.649023
121417	0.333487
400172	0.262230
216288	0.361320
108967	0.419029
400868	0.485740
241102	0.552813
203213	0.244553
96856	0.404726
136085	0.304805
313136	0.596681
338808	0.359412
163054	0.475914
136387	0.469248
110044	0.375411
289126	0.492020
55612	0.226219
136973	0.236594
415446	0.321247
266136	0.242085
137226	0.606772
339881	0.394957
230066	0.658377
353280	0.372138
177321	0.688522
302698	0.194257
56849	0.283934
191765	0.209345
404263	0.329467
152099	0.252232
404537	0.305722
231209	0.417271
125416	0.120402
8558	0.303707
379738	0.268472
244257	0.647663
8881	0.602409
139274	0.344010
23001	0.133128
178998	0.405393
244725	0.721028
37620	0.388175
59826	0.613855
208056	0.405941
24272	0.382151
24355	0.150974
61143	0.213089
180513	0.673284
61441	0.312292
114207	0.227830
10936	0.678148
25707	0.719983
370315	0.798953
195443	0.385414
344262	1.009885
11600	0.695939
195531	0.229058
210079	0.907854
357905	0.249793
102904	0.537352
129025	0.289487
394238	0.204723
358280	0.294808
371214	0.616031
116030	0.546045
282969	0.444151
129629	0.326434
592453	1.048096
129970	0.789965
479313	0.640743
13392	0.179819

2013062106130000001	0.613053
2013062106130000001	201306210613	http://www.bbc.co.uk/newyddion/22997521	Newyddion - Rhyddhau ffeiliau UFO
372211	0.712889
77730	0.767237
359783	0.671013
158536	1.274585
131585	0.724718
44786	0.658951
272965	0.520527
284788	0.684000
273064	1.545375
237497	1.262572
45859	0.669190
15332	0.877759
273531	0.721405
159493	0.722824
261646	0.834192
66540	0.678863
261770	1.498166
46987	0.814984
47007	0.827945
238163	0.656769
274031	0.688468
47485	0.731359
146279	0.597368
106675	1.000468
16508	0.779543
348901	0.852073
31106	0.839325
48733	0.614374
80340	0.756316
48984	0.559588
251071	0.841618
49297	0.466780
299024	1.182347
50767	0.579382
447634	0.837356
50900	0.813575
17926	0.947187
121079	0.814319
51299	0.421734
240000	0.900017
375670	0.780125
227638	0.902411
108238	0.684170
504102	1.366402
95695	0.641544
567986	1.006905
241154	0.754357
53917	0.537810
97067	0.633134
189670	0.685373
189768	1.050979
54795	0.625931
504832	0.902113
278176	0.854722
137304	0.590634
20733	0.838382
499441	1.002798
378336	0.900598
35312	0.656098
327779	0.780088
152070	0.683980
390884	0.685952
8198	0.676075
367681	0.820940
303465	0.832076
526916	1.027611
417322	0.744638
86612	0.635096
391392	0.750316
58779	0.765813
179319	0.653553
179402	0.653714
179403	0.732099
179552	0.634552
59826	0.613053
166571	0.970204
292383	0.941626
406286	0.700812
126905	0.825905
220908	1.018520
392432	0.797481
180265	1.109063
113668	0.755830
193926	0.898674
406691	0.797633
180457	0.938933
512146	0.935591
419249	0.732298
39157	0.609086
257546	0.823434
39751	0.648245
195188	0.850735
234752	0.687268
306443	0.699843
247273	0.762662
129319	0.900329
235401	0.841897
90308	0.832560
332762	0.910904
116528	0.761122

2013062014550000005	0.607591
2013062014550000005	201306201455	http://www.usatoday.com/story/tech/gaming/2013/06/20/xcom-enemy-unknown-ios/2440881/	` XCOM ' brings console-quality gaming to iPad , iPhone
283742	0.511540
346240	0.312432
117263	0.212535
158581	0.315309
308780	0.342337
65788	0.309900
15064	0.287855
132197	0.367034
46384	0.417495
238113	0.265550
186042	0.245894
47492	0.487628
172094	0.233626
67433	0.584113
67807	0.435290
363287	0.301212
412830	0.243956
4011	0.379117
50949	0.435859
239816	0.276905
51187	0.613040
4281	0.222087
215972	0.155434
95803	0.331551
216312	0.271176
252299	0.305953
252374	0.576864
338559	0.256678
351999	0.323078
241918	0.589313
136543	0.310930
150373	0.637588
289384	0.501627
176539	0.312439
229750	0.526683
366066	0.330022
278036	0.708856
204630	0.222938
340468	0.395971
390486	0.330952
290501	0.430499
340737	0.631588
354191	0.300220
354284	0.259412
192290	0.411065
112198	0.234984
112268	0.573303
267820	0.339827
192670	0.495046
329062	0.498863
179091	0.419606
126184	0.359369
220383	0.427427
59826	0.607591
316603	0.321578
60487	0.301681
232974	0.278609
24355	0.153638
127505	0.262375
114207	0.287657
369600	0.484777
141018	0.287874
101819	0.436625
419522	0.326303
233968	0.485883
141580	0.564091
209575	0.592197
11271	0.264404
182130	0.324897
168437	0.578465
234888	0.687731
420425	0.541378
270886	0.364908
420625	0.398011
394618	0.489965
63445	0.261932
27205	0.451030
332549	0.391668
319544	1.521105
211346	0.283770
64220	0.244449

2013062202480000004	0.606923
2013062202480000004	201306220248	http://feeds.nbcnews.com/c/35002/f/653377/s/2da0dae7/l/0Lcosmiclog0Bnbcnews0N0C0Inews0C20A130C0A60C210C190A798810Esuborbital0Erocket0Esends0Eexperiments0Eand0Eashes0Einto0Espace0Eand0Eback0Dlite/story01.htm	Suborbital rocket sends experiments -- and ashes -- into space and back - Cosmic Log
346240	0.434321
333183	0.545191
359404	0.371722
13784	0.493884
104617	0.656197
296589	0.186067
296626	0.412084
320668	0.288781
360132	0.223967
1197	0.613352
65611	0.329095
396703	0.457295
65643	0.476634
1443	0.252246
396873	0.467258
373300	0.213753
199245	0.246274
273580	0.459326
237947	0.264189
30328	0.370719
186470	0.355203
107276	0.273061
80633	0.266374
50126	0.215660
120809	0.260288
50587	0.319875
299360	0.300759
4312	0.509496
108294	0.792622
216312	0.388752
216493	0.302801
108981	0.339358
52650	0.335121
188823	0.251830
5221	0.308919
401206	0.465511
69793	0.196891
376913	0.288654
83010	0.296449
351572	0.601337
149642	0.482271
351999	0.281155
54593	0.393314
402141	0.405780
313645	0.166297
163475	0.968392
595106	1.211371
98294	0.209172
389877	0.393514
415793	0.302280
314376	0.174112
111100	0.536954
205538	0.596977
7875	0.916520
152186	0.213485
125416	0.113711
367619	0.450627
178520	0.668400
405325	0.255546
368044	0.639306
23001	0.148989
355241	0.232859
207151	0.196326
368273	0.172627
59826	0.606923
316521	0.345309
140068	0.257269
329776	0.234251
280891	0.615796
38473	0.266093
61211	0.315613
418991	0.454620
356680	1.009008
38975	0.666341
114434	0.342147
343576	0.621189
39497	0.431963
39632	0.378684
102123	1.016648
40049	0.252789
40115	0.177141
370204	0.318361
25790	0.323556
195451	0.128467
40725	0.500327
102500	0.268607
182130	0.251637
270454	0.250551
102693	0.393345
12022	0.286241
103009	0.303308
196069	0.359772
26760	0.219211
383186	0.187284
116214	0.370232
183368	0.572968
197026	0.363001
395068	0.407356
64164	0.343701
130219	0.295382

2013061621160000008	0.606719
2013061621160000008	201306162116	http://www.guardian.co.uk/world/feedarticle/10841326	New chapter in golf 's history of bad pants | World news | The Guardian
283928	0.315730
158022	0.252593
130861	0.554292
296589	0.227717
396307	0.333543
131612	0.122718
198786	0.530992
131677	0.272060
44929	0.142626
65783	0.726620
45486	0.347135
237780	0.596584
145822	0.333101
397360	0.464445
411258	0.295532
132611	0.670133
285557	1.143607
397609	0.280937
285626	0.390439
106128	0.229050
186013	0.303863
250473	0.251977
48880	0.425527
250931	0.509221
80523	0.250686
336259	0.437293
362949	0.319416
107639	0.219384
31896	0.293755
50387	0.161677
227215	0.750039
51344	0.439160
4439	0.419355
18197	0.208170
108673	0.235274
400631	0.799056
312308	0.396670
217122	0.573519
175333	0.283024
277013	0.391996
19371	0.762211
388892	0.344607
415024	0.424755
123589	0.312718
190386	0.344453
289983	0.551710
124470	0.500642
151580	0.721203
191447	0.538245
340569	0.223202
177686	0.250160
230805	0.243736
57440	0.447289
206129	0.759011
206183	0.353105
206192	0.476247
341173	0.481932
206463	0.431107
138923	0.236068
303485	0.335129
255460	0.191416
22850	0.574610
58674	0.230962
329154	0.716316
316121	0.667491
59826	0.606719
342390	0.292368
280666	0.519475
329932	0.638933
9912	0.362326
154209	0.428732
268997	0.630679
154641	0.280168
74576	0.874469
39065	0.583513
269664	0.264631
39372	0.411993
114434	0.388656
114533	0.506990
102079	0.766246
270234	0.177250
155907	0.543572
234863	0.375125
63449	0.447564
196740	0.608975
64220	0.254222

