20130601
33
20130830 20130831

2013083121530000008	1.338830
2013083121530000008	201308312153	http://feeds.nydailynews.com/~r/nydnrss/entertainment/~3/mwfGkFh78us/story01.htm	Justin Bieber attacked by clubgoer in Toronto : Singer kicks to defend himself - NY Daily News
91693	0.686342
14444	0.311763
386069	0.535233
336126	1.173509
251078	0.488178
201700	0.957886
18188	1.199130
108750	0.373998
312630	1.297152
191276	1.958209
404009	1.176979
354284	0.507699
8630	0.605595
58887	0.927472
60210	0.335912
60363	0.861972
392602	0.471022
269101	1.335031
74523	0.753220
88918	1.338830
62066	0.307715
40918	0.573460
102605	0.672185
128987	0.701190
382985	0.983074
196874	0.383634
42460	0.603115
346075	0.932419

2013083120530000002	1.318578
2013083120530000002	201308312053	http://www.nydailynews.com/entertainment/gossip/justin-bieber-attacked-clubgoer-toronto-article-1.1442515	Justin Bieber attacked by clubgoer in Toronto : Singer delivers ` fury of kicks ' to defend himself - NY Daily News
98127	1.041078
91693	0.672802
191276	1.922186
14444	0.304087
404009	0.823522
15064	0.492466
354281	0.879830
354284	0.414930
72836	1.965748
58887	0.902519
386069	0.524285
60363	0.838004
336126	1.142592
251078	0.474754
392602	0.459208
269101	1.313666
904962	2.330818
74523	0.733963
201700	0.788553
18188	1.170126
88918	1.318578
62066	0.299524
108750	0.364872
40918	0.562701
102605	0.656067
128987	0.581581
382985	0.956338
42460	0.590627
346075	0.917703

2013083122230000001	1.096322
2013083122230000001	201308312223	http://www.huffingtonpost.com/2013/08/31/justin-bieber-attacked-nightclub_n_3849530.html?utm_hp_ref=teen&ir=Teen	Justin Bieber Attacked At A Nightclub In Canada , Singer Not Hurt ( REPORT )
646717	1.206494
320230	0.434196
260110	0.401932
14019	0.737188
91693	0.420339
372762	0.374273
14444	0.176335
29025	0.377984
260650	0.552571
360398	0.648460
118569	0.416881
1845	0.328781
45992	0.348802
48684	0.316549
412274	0.359718
349133	0.362460
201406	0.271576
349571	0.378249
349628	0.471300
3997	0.708663
201700	0.451366
287143	0.565669
299304	0.473080
275620	0.507255
413041	0.471125
4320	0.544509
18197	0.225971
188316	0.252647
324773	0.269602
175415	0.250963
123068	1.070598
217740	0.183976
110148	0.876501
54809	0.416894
313645	0.183011
20354	0.327197
98038	1.076642
176563	0.655627
415451	0.427706
151566	0.420559
404009	0.717367
327973	0.216177
354284	0.336456
404633	0.331984
404699	0.396264
125416	0.154048
112198	0.238088
367920	0.605900
139298	0.233761
244386	0.645213
23001	0.190400
112976	0.416239
60210	0.209040
60363	0.638351
356390	0.304512
269101	1.100559
356726	0.368419
88918	1.096322
381885	0.455650
195104	0.410973
11271	0.176476
40371	0.293092
40702	0.261596
394030	0.280904
234936	1.387456
408636	0.511231
76431	0.362998
76998	0.360379
780641	1.084267
130219	0.412300
183804	0.509461
346075	0.762475

2013083012550000013	0.995215
2013083012550000013	201308301255	http://www.examiner.com/article/miley-cyrus-records-twerk-with-justin-bieber-and-lil-twist?cid=rss	Miley Cyrus records ` Twerk ' with Justin Bieber and Lil Twist - National Hollywood Culture | Examiner.com
77451	0.469061
333892	0.275140
144751	0.274395
260602	0.643551
373115	0.600177
1443	0.274203
92694	0.296527
199556	0.361744
185937	0.425205
299360	0.328812
387476	0.594172
69793	0.274884
388828	1.136093
351949	0.391092
54741	0.820106
253570	0.441653
55245	0.693827
190655	0.691906
897765	1.564362
390218	0.273355
35481	0.335465
278723	0.497331
151674	0.249363
99044	0.615359
191687	1.132983
379114	0.817682
111873	0.388077
164995	1.294195
152299	0.284446
23001	0.246285
316603	0.363272
193558	0.425490
60484	0.828922
329886	0.513941
180023	0.775221
392260	0.292782
316766	0.744499
269101	0.701313
281438	0.836988
88918	0.995215
195104	0.637813
62097	1.213131
40230	0.571398
371015	0.407467
182899	0.841745
394580	0.290949
383297	0.789926
346075	0.487693

2013083014150000007	0.656691
2013083014150000007	201308301415	http://www.examiner.com/article/miley-cyrus-and-justin-bieber-s-twerk-video-goes-viral?cid=rss	Miley Cyrus and Justin Bieber 's ` Twerk ' video goes viral - National ` Net Buzz | Examiner.com
359632	0.792377
64880	0.613820
14141	0.316462
131280	0.403571
144528	0.286090
360132	0.311793
29100	0.384606
1443	0.294194
334448	0.609413
145567	0.410623
45992	0.321309
285440	0.694953
322192	0.567184
172094	0.523086
48139	0.483435
187026	0.305706
349498	0.656592
376763	0.382994
364828	0.662578
388828	1.019670
288812	0.801743
253131	0.351690
20354	0.462400
176595	0.660498
204630	0.260713
190655	0.464248
339826	0.321434
254236	0.702501
21354	0.332139
99044	0.661370
379114	0.894395
206245	0.499847
125347	0.805315
57837	0.294775
112198	0.344553
139476	0.375593
179220	0.586770
37489	0.505902
193336	0.349225
316766	0.801583
269101	0.681162
61143	0.251171
194296	0.611466
281438	0.900786
343591	0.529901
209372	0.314239
88918	0.656691
195104	0.457198
331534	0.314460
258216	0.431207
222651	0.525205
129025	0.371110
271191	0.298952
383297	0.937215
346075	0.473182

2013083122310000004	0.645981
2013083122310000004	201308312231	http://nypost.com/p/pagesix/justin_bieber_attacked_at_toronto_l4v95vZoB4x31lcbHzfOhL	Justin Bieber attacked at Toronto nightclub - NYPOST.com
42887	0.265235
42955	0.267343
224147	0.323290
91693	0.246988
144751	0.167839
14444	0.147622
78431	0.269137
284732	0.233265
78594	0.200844
45269	0.423507
145271	0.488127
45415	0.262093
213121	0.310608
78822	0.440888
285221	0.589638
79054	0.244571
321614	0.229618
321988	0.350053
30285	0.488905
238081	0.220612
119184	0.264534
47683	0.153128
106478	0.182336
106491	0.118348
48582	0.325465
250798	0.354048
386493	0.744046
349133	0.262923
80523	0.183554
215030	0.136623
375099	0.351618
107627	0.319881
201406	0.204628
50282	0.245701
311265	0.481254
187695	0.318955
349930	0.375810
227422	0.521533
201886	0.553328
51541	0.325307
337405	0.370893
188316	0.211256
174938	0.517754
83010	0.238745
265051	0.264244
162784	0.556596
136333	0.209335
326747	0.399856
253800	0.724024
150679	0.470278
56118	0.398779
20901	0.237955
191115	0.380175
404009	0.388606
230835	0.403992
328040	0.253721
111873	0.237220
354284	0.256885
178108	0.340187
303336	0.469375
303348	0.535784
354730	0.230512
8630	0.344374
192490	0.326486
22772	0.280248
112709	0.230211
37186	0.257924
329744	0.410791
329780	0.234033
60363	0.552792
329886	0.265533
73866	0.174611
113580	0.359839
369047	0.280701
61023	0.161824
392602	0.275308
269101	0.378469
208822	0.419669
245885	0.526773
317566	0.496574
233705	0.410846
25220	0.353773
88918	0.645981
62066	0.203626
40283	0.212343
270065	0.447757
318065	0.461529
11340	0.182351
11756	0.277864
370580	0.274609
89583	0.380658
75825	0.175675
306930	0.401359
116139	0.295253
307344	0.270667
63999	0.148960
248098	0.270558
42460	0.285455
13287	0.324787
346075	0.262289

2013083015270000004	0.645223
2013083015270000004	201308301527	http://www.foxnews.com/entertainment/2013/08/30/rapper-sean-kingston-sued-for-alleged-gang-rape-report-says/	Rapper Sean Kingston sued for alleged gang rape , report says | Fox News
157870	0.393154
91370	0.309983
533	0.343364
144136	0.373921
91693	0.379073
249004	0.436537
396307	0.341638
260457	0.342620
14502	0.351264
260719	0.438408
237231	0.330701
334345	0.281819
334467	0.275184
1686	0.618255
373326	0.367086
1845	0.379844
262024	0.304832
30525	0.385991
132893	0.366247
186460	0.530991
238951	0.442845
146977	0.585923
50003	0.370803
50381	0.392906
3997	0.660912
51029	0.349660
18197	0.207698
95587	0.518792
388135	0.306329
96333	0.714690
264563	0.737441
338581	0.387672
54389	0.305390
389276	0.752257
176263	0.441003
70861	0.665962
6596	0.226696
137228	0.655463
339826	0.250121
110848	0.282851
403137	0.358614
85223	0.270417
124707	0.748623
151727	0.246129
302698	0.230202
111577	0.301215
125347	0.543456
279406	0.434716
125416	0.163032
112198	0.252620
405075	0.337235
153374	0.464745
232396	0.731865
9384	0.179653
368608	0.326576
60363	0.731679
342698	0.286283
317092	0.395699
269101	0.540288
221219	0.374494
208779	0.407088
140936	0.251815
88918	0.645223
40061	0.290282
40507	0.251814
270234	0.191169
102485	0.225109
128585	0.349166
420170	0.370633
182193	0.630294
234812	0.299228
115658	1.134130
247228	0.597895
282795	0.331330
169058	0.419937
408963	0.376700
196769	0.660680
283285	0.170103
283524	0.410743
27857	0.366999
346075	0.375101

2013083106000000014	0.619323
2013083106000000014	201308310600	http://www.nydailynews.com/entertainment/gossip/confidential/sunday-biebs-longer-pointe-article-1.1442043	South Pointe , Justin Bieber 's special hotspot , will close as owner Steve Tedeschi shifts toward film - NY Daily News
236083	0.387595
271889	0.390419
42809	0.264109
176505	0.220392
190426	0.471250
43194	0.201802
346440	0.254471
359514	0.236672
124135	0.173819
395971	0.301725
260155	0.224629
726	0.595085
346824	0.383408
35481	0.163435
151461	0.180287
360132	0.225237
144751	0.158299
314715	0.289256
272742	0.253094
56849	0.216044
131677	0.205091
314875	0.330084
249315	0.374665
230835	0.387207
191765	0.160407
206019	0.166914
273229	0.382708
279204	0.418239
111873	0.199198
132070	0.453016
92694	0.164927
145598	0.276370
321614	0.221459
178544	0.315904
152669	0.194256
86629	0.331430
132640	0.212294
22772	0.274300
231815	0.424768
139299	0.212605
73102	0.275615
58901	0.525200
355346	0.255769
172094	0.158677
66989	0.360246
268356	0.608914
329744	0.319906
31297	0.415966
356145	0.224685
107082	0.216247
9814	0.253917
336126	0.596678
187026	0.244451
24355	0.110507
269101	0.584069
412591	0.470866
245609	0.277850
201406	0.186843
50381	0.249106
50492	0.172999
141018	0.188587
201886	0.468836
51541	0.337684
88918	0.619323
141615	0.284554
40283	0.188862
305867	0.105032
18519	0.369651
18577	0.249467
82452	0.258883
75645	0.546497
109174	0.471357
300405	0.795360
53026	0.359697
122329	0.288358
182441	0.635299
344768	0.246792
135809	0.408492
282724	0.143779
338307	0.177739
83010	0.272609
109667	0.358038
265006	0.499363
156728	0.546350
63248	0.520903
338591	0.388683
358483	0.223153
241639	0.530427
388892	0.337906
136246	0.254477
149706	0.354009
103669	0.287178
351970	0.261458
217702	0.184547
313413	0.564548
63999	0.128733
345896	0.498224
42578	0.282185
346075	0.404366

2013083001400000005	0.607847
2013083001400000005	201308300140	http://feeds.abcnews.com/c/35229/f/654824/s/3091664b/sc/38/l/0Labcnews0Bgo0N0CEntertainment0CwireStory0Ctop0E20A0Econcert0Etours0Epollstar0E20A113366/story01.htm	Top 20 Concert Tours From Pollstar - ABC News
13917	0.527189
131612	0.192332
260716	0.610521
284732	0.360116
373426	0.686631
186042	0.367582
47683	0.265914
94528	0.274477
120367	0.283563
226841	0.901773
299360	0.401327
363737	0.746490
324773	0.255151
122329	0.584940
162423	1.222578
217024	0.916041
53754	1.059982
338559	0.286825
54785	0.619390
71035	0.877467
378011	0.730752
301986	0.900312
353534	0.762132
205534	0.424758
85358	0.529710
36073	0.391197
111861	0.355526
207151	0.307945
166263	0.533589
355972	0.522324
329776	0.365431
60442	0.278032
154641	0.458127
154678	0.668329
208779	0.699259
38841	0.353466
39306	0.525755
88918	0.607847
407656	0.814497
195451	0.220988
182124	0.598485
41556	0.965399
210613	0.443947
90662	0.707677
64037	0.375830
346075	0.439725

2013083006090000006	0.578478
2013083006090000006	201308300609	http://www.denverpost.com/movies/ci_23967279/one-direction-this-is-us-review-1d-film?source=rss	`` One Direction : This is Us '' review : 1D film is too one-dimensional - The Denver Post
43849	0.510164
333904	0.430977
260457	0.351048
284732	0.294518
261058	0.843751
92694	0.314678
45992	0.370525
199556	0.351758
362315	0.541415
3407	0.241405
147041	0.758081
120419	0.263982
17245	0.510686
107639	0.262757
399250	0.662222
275713	0.715252
4281	0.308591
81894	0.365427
148442	0.505811
148449	0.980889
400525	0.669056
174694	0.452924
136107	0.397180
338581	0.599747
388879	0.900764
217669	0.636037
217821	0.606436
97631	0.618075
289407	0.539332
151727	0.360057
367268	0.522476
206150	0.388847
178018	0.674042
165101	1.009179
355346	0.313798
37182	0.498845
417849	0.637787
60210	0.245162
221001	0.907768
369147	0.748881
269101	0.599027
38841	0.557631
39309	0.358289
88918	0.578478
11270	0.428493
332013	0.636560
156694	0.653389
394580	0.251183
196654	0.866500
383186	0.359710
196874	0.309641
196987	0.432819
157377	0.445529
346075	0.417515

2013083018130000002	0.556365
2013083018130000002	201308301813	http://feeds.nydailynews.com/~r/nydnrss/entertainment/~3/xBF95uf9ejE/story01.htm	Sean Kingston sued for allegedly gang raping a teenager after 2010 concert : report - NY Daily News
224196	0.444198
144136	0.414003
333892	0.205370
144528	0.242451
158539	0.468066
1686	0.667767
92694	0.292461
45992	0.300337
199476	0.397095
132575	0.695850
159816	0.308885
30525	0.613747
186460	0.597654
238951	0.490563
386441	0.348274
215211	0.301153
50381	0.321919
3997	0.982327
95587	0.747233
276978	1.272267
338581	0.512517
401937	0.758810
189729	0.895078
389276	0.585367
6596	0.248122
34790	0.458002
124707	1.078428
125416	0.198599
112198	0.269067
86637	0.391395
355241	0.301023
153374	0.508361
60363	0.750690
60442	0.199009
60603	0.344265
269101	0.576825
38473	0.263966
208779	0.645785
140936	0.369828
281624	0.696008
141429	0.623543
181550	0.327816
88918	0.556365
195271	0.494677
11270	0.312637
270234	0.221208
102485	0.228233
195531	0.255184
420170	0.307818
182193	0.730270
115658	1.265594
869536	1.981318
408630	0.444666
282795	0.469954
408682	0.548628
196769	0.770438
409164	0.738653
307344	0.358419
283524	0.453471
346075	0.401079

2013083004000000028	0.531669
2013083004000000028	201308300400	http://bostonherald.com/entertainment/movies/movie_reviews/2013/08/boy_band_moves_in_positive_direction	Boy band moves in positive Direction | Boston Herald
13486	0.388072
372365	0.434967
131211	0.358118
44394	0.187640
320957	0.809527
297129	0.714343
45285	0.379214
213131	0.635262
45764	0.818829
309357	0.808374
66182	0.872340
273604	0.494900
66320	0.718437
411296	0.729463
397701	0.360726
15790	0.730655
171900	0.642894
335500	0.461657
322538	0.513721
310658	0.477186
94528	0.212386
17065	0.645207
386790	0.363956
49855	0.634948
80818	0.239638
239411	0.435447
31896	0.273834
50387	0.176425
50882	1.147381
239809	0.421534
400224	0.312938
287797	0.775775
148449	0.833360
69293	0.633875
175173	0.573233
149208	0.742714
338581	0.454988
54091	0.743777
388879	0.748596
377380	0.727173
84010	0.330562
289407	0.442340
402733	0.368629
6867	1.236043
204666	0.265192
352882	0.855788
7349	0.625548
353376	0.253944
205471	0.576719
21566	0.382927
403905	0.567116
177686	0.266621
279084	0.455302
231170	0.552193
206322	0.569256
391358	0.329954
354958	0.198015
192800	0.343548
100257	0.666696
193155	0.775387
73671	0.347868
61023	0.208660
245560	0.710962
61090	0.492245
269101	0.551607
245875	0.370595
38841	0.431037
39309	0.300833
74850	0.732746
88918	0.531669
40206	0.644687
209713	0.509002
195531	0.269355
182246	0.344973
89675	0.204664
282634	0.734530
282676	0.709367
168851	0.941472
182743	0.349284
358826	0.473349
346075	0.383011

2013083005050000008	0.515859
2013083005050000008	201308300505	http://www.miamiherald.com/2013/08/29/3594388/on-labor-day-weekend-tweens-will.html	LOS ANGELES : On Labor Day weekend , tweens will turn out for One Direction - Movies Wires - MiamiHerald.com
183870	0.629057
42944	0.427789
130884	0.548855
360132	0.214760
144751	0.227578
237231	0.276010
65611	0.316935
297129	0.591661
45285	0.323364
360918	0.412090
92694	0.221940
261349	0.527998
66182	0.722999
66320	0.614238
132575	0.528687
66484	0.332477
15790	0.606509
262024	0.254258
30525	0.322495
67040	0.479685
200252	0.299689
172646	0.313410
67837	0.314959
17016	0.319150
17065	0.535905
120367	0.207209
17245	0.440659
49855	0.542141
68116	0.454862
107639	0.217757
201406	0.234554
50387	0.148038
187805	0.215806
363737	0.546452
51754	0.321920
121465	0.311369
300042	0.538903
174694	0.333977
69293	0.543073
108802	0.483451
217042	0.414410
69793	0.256402
149208	0.617309
217382	0.247238
33890	0.324601
338581	0.375804
388879	0.617126
54389	0.254562
54643	0.309964
313645	0.154992
84010	0.282477
55484	0.308100
6589	0.483808
190336	0.656844
339771	0.223239
164105	0.245652
111175	0.313675
205471	0.479812
390505	0.340267
72453	0.360660
416870	0.367604
57932	0.225612
379544	0.516136
86700	0.274638
22772	0.319493
255460	0.162827
391358	0.236678
367920	0.592663
267834	0.610043
22851	0.324602
139299	0.272028
355346	0.281510
179152	0.422457
100257	0.482443
9384	0.293691
59875	0.348560
73671	0.246282
329780	0.263241
368803	0.531622
60442	0.166023
369147	0.473026
245560	0.590274
61090	0.409067
154678	0.530276
208779	0.404587
140759	0.386123
38841	0.358721
39306	0.383516
39309	0.254640
74850	0.610322
194783	0.254138
88918	0.515859
11270	0.260940
270234	0.168341
89252	0.505282
89547	0.408230
282634	0.630517
63261	0.748510
408827	0.500562
196874	0.224778

2013083120000000003	0.513294
2013083120000000003	201308312000	http://www.oregonlive.com/today/index.ssf/2013/08/odds_and_ends_126.html	Odds and ends : YouTube pot videos lead to arrest ; Justin Bieber cop insult | OregonLive.com
395422	0.547333
64340	0.405383
34790	0.450893
190583	0.331580
130858	0.336518
198084	0.551351
410021	0.458789
236794	0.565840
396193	0.385705
403589	0.428993
390301	0.282782
85271	0.345557
198684	0.285739
105068	0.289172
151694	0.450146
302649	0.464199
44746	0.278714
198882	0.431949
44755	0.299289
205852	0.503383
360626	0.196597
191967	0.516097
86339	0.332845
279569	0.742435
178484	0.413832
391218	0.328804
152669	0.268807
58461	0.367935
354921	0.330642
46843	0.482443
112568	0.424906
373997	0.420647
132893	0.378562
172094	0.229765
47683	0.209294
250463	0.276257
106478	0.237288
106491	0.161041
411802	0.406985
207465	0.188786
48161	0.701015
207922	0.738829
48986	0.412877
232928	0.651540
107378	0.487776
3569	0.423992
120419	0.228111
94664	0.394021
375053	0.440890
24355	0.154053
269101	0.532333
50533	0.530996
114207	0.278741
167588	0.563341
4281	0.221215
269664	0.190212
39372	0.269717
419522	0.265305
39715	0.218185
88918	0.513294
381922	0.556411
400178	0.193352
287635	0.401286
40049	0.244789
337409	0.324051
40622	0.301043
324706	0.552320
393645	0.198485
306086	0.260547
82304	0.341204
26057	0.576020
382386	0.401781
258286	0.472291
75825	0.235301
26550	0.650706
306516	0.439202
142285	0.470681
89820	0.293808
294747	0.351334
63032	0.759871
358280	0.314494
382956	0.652684
90155	0.484379
277158	0.285528
162851	0.236874
253066	0.588475
136246	0.342642
19641	0.389919
19747	0.391265
351970	0.209754
301196	0.470167
271551	0.300403
289126	0.465212
63999	0.186725
27857	0.217980
346075	0.369917

2013083023310000003	0.505786
2013083023310000003	201308302331	http://feeds.nydailynews.com/~r/nydnrss/entertainment/~3/t6v1CvMvLt8/story01.htm	Sean Kingston sued for alleged gang rape of teenager after 2010 concert : report - NY Daily News
359263	0.251276
197933	0.287537
224196	0.419655
144136	0.374009
396145	0.283584
333892	0.195074
144528	0.229664
158539	0.429872
360626	0.167546
1686	0.591827
373326	0.320276
92694	0.262127
45992	0.267632
199476	0.365462
132575	0.624031
159816	0.285900
30525	0.546338
186460	0.535073
238951	0.442885
386441	0.321422
215211	0.275718
50381	0.352811
336728	0.285838
3997	0.892865
18197	0.195155
95587	0.667789
276978	1.128941
338581	0.465358
388892	0.298061
401937	0.699648
189729	0.803156
70512	0.413849
326162	0.472041
389276	0.584358
70861	0.580080
6596	0.225075
34790	0.429473
85223	0.242669
124707	0.964762
125416	0.182213
112198	0.245350
404918	0.254347
86637	0.366584
355241	0.312504
153374	0.461472
207465	0.215080
9384	0.163606
60363	0.693178
60442	0.182355
60603	0.324001
269101	0.524777
38473	0.248122
208779	0.579432
140936	0.336950
281624	0.653436
141258	0.282267
74956	0.455454
141429	0.588327
181550	0.292862
88918	0.505786
195271	0.447487
155839	0.295814
270234	0.199327
102485	0.212337
195531	0.240465
420170	0.280906
370580	0.322540
182193	0.652962
89588	0.194315
115658	1.175339
869536	1.929113
408630	0.402520
332170	0.268198
282795	0.421382
408682	0.512091
196769	0.683504
409164	0.685748
283524	0.408109
346075	0.364349

2013083019020000003	0.505313
2013083019020000003	201308301902	http://tampabay.com/blogs/juice/woman-sues-sean-kingston-for-alleged-gang-rape-in-2010/2139189	Woman sues Sean Kingston for alleged gang rape in 2010 | Tampa Bay Times and tbt *
42669	0.797809
43273	0.857159
422	0.395086
13976	0.449979
91693	0.354738
236725	0.445538
144528	0.251297
260457	0.267881
334056	0.439041
44620	0.445255
65468	0.394759
132132	0.700284
45992	0.229307
132640	0.215662
225709	0.347214
30525	0.320015
67028	0.660419
119994	0.283988
238951	0.371335
49040	0.551829
94528	0.251452
215172	0.573348
375008	0.308406
17565	0.517597
412830	0.239715
311293	0.832672
3997	0.691002
50880	0.456611
4281	0.242072
95587	0.460835
18307	0.500751
82040	0.375859
300044	0.400641
324773	0.242968
364796	0.392415
338581	0.321153
189729	0.659781
217723	0.491622
19877	0.772784
70669	0.246354
6596	0.268694
266136	0.299155
190653	1.003316
254030	0.337617
366472	0.300106
71618	0.347213
327491	0.276396
124707	0.664966
164469	0.346632
125416	0.135830
86546	0.250370
355241	0.256026
179143	0.509853
368273	0.205912
207465	0.224147
391882	0.863146
60363	0.587395
126933	0.362042
330052	0.403450
269101	0.522183
317144	0.470290
154644	0.517491
167202	0.849402
208779	0.433569
180673	0.421799
194678	0.225609
343746	0.517069
181550	0.245904
88918	0.505313
257786	0.491219
182193	0.496010
234666	0.357397
89588	0.208472
258340	0.607212
129025	0.350134
115658	0.871319
869536	1.126566
282795	0.264328
196769	0.503028
90509	0.376806
283524	0.346838
27857	0.281138
346075	0.365439

2013083100190000009	0.502745
2013083100190000009	201308310019	http://www.examiner.com/article/big-brother-15-spoilers-hoh-ginamarie-nominates-amanda-mccrae-for-eviction?cid=rss	` Big Brother 15 ' spoilers : HOH GinaMarie nominates Amanda , McCrae for eviction - National Tabloid Headlines | Examiner.com
157870	0.735108
463	0.479198
91370	0.568490
184258	0.791500
14141	0.245131
249004	0.452002
14444	0.174729
131612	0.127357
14502	0.369737
44749	0.501541
396703	0.301032
45410	0.738485
92694	0.236874
213365	0.376255
45992	0.214677
172094	0.207822
106400	0.258282
386022	0.242536
3357	0.596804
80499	0.449410
49825	0.165964
107639	0.182900
215510	0.826317
134405	0.382570
147783	0.864474
51541	0.321252
18197	0.213467
108875	0.563075
413823	0.382753
122232	0.479509
53391	0.346515
364942	0.622197
325610	0.865379
388892	0.310792
54536	0.685573
289016	0.303868
34271	0.908683
136610	0.397155
20089	0.496257
204630	0.211192
339720	0.341440
366330	0.483518
353322	0.392227
403718	0.448482
98887	0.447167
164593	0.331564
328040	0.282566
379114	0.418810
354284	0.280975
57837	0.215098
125416	0.126035
379491	0.520920
8509	0.442111
341543	0.828904
22772	0.315769
58561	0.178843
60210	0.178901
73866	0.229869
356390	0.315892
269101	0.521593
369416	0.283735
180801	0.222823
38830	0.362665
127631	1.257126
140901	0.397378
140936	0.208966
281438	0.422067
39294	0.453895
39756	0.356988
88918	0.502745
798005	1.287039
40661	0.536815
270234	0.180601
393810	0.449757
294315	0.606171
168645	0.256646
115757	0.311394
210623	0.336624
116023	0.328733
592287	0.937753
196874	0.239299
383297	0.439420
247779	0.208371
319356	0.514273
409149	0.268068
358807	0.932452
63869	0.292978
307344	0.404814
63999	0.213657
346075	0.362179

2013083122260000002	0.473341
2013083122260000002	201308312226	http://www.examiner.com/article/big-brother-15-spoilers-nominated-house-guest-mccrae-wins-power-of-veto?cid=rss	` Big Brother 15 ' spoilers : Nominated house guest McCrae wins Power of Veto - National Tabloid Headlines | Examiner.com
157870	0.829759
91370	0.587834
184258	0.855853
14141	0.243950
131280	0.279070
249004	0.447032
14444	0.217063
131612	0.131491
396703	0.299623
360598	0.311191
360626	0.193485
92487	0.300775
45410	0.825531
213285	0.284722
92694	0.219089
213365	0.530118
297509	0.497304
106400	0.319414
106443	0.219578
106491	0.159886
80499	0.409636
399072	0.286659
107639	0.197044
50282	0.315270
215510	1.019957
215979	0.223443
400225	0.377327
95803	0.160248
108697	0.249361
400546	0.717380
122232	0.736425
241131	0.312076
175415	0.250314
277013	0.385603
325610	1.333582
377339	0.320496
34271	0.989300
218169	0.289168
123905	0.317750
353095	0.288153
71703	0.501589
390301	0.268509
390486	0.237653
164593	0.429267
354066	0.151549
379114	0.392547
206235	0.362599
341299	0.531875
178484	0.435582
341543	0.817408
58336	0.318132
58561	0.179455
153077	0.286976
207465	0.169501
153708	0.380021
73690	0.388199
316603	0.270582
256284	0.634789
60423	0.448105
269101	0.490783
369416	0.315792
180801	0.221810
127631	0.965311
281438	0.395332
39309	0.257340
141333	0.343634
39756	0.352995
88918	0.473341
181614	0.471999
40049	0.243331
798005	1.254995
419709	0.629832
40661	0.495998
294315	0.566084
89675	0.191142
370820	0.363323
196242	0.231420
358256	0.345110
592287	1.085755
383297	0.411304
197036	0.290951
358807	0.975674
63999	0.211153
346075	0.341203

2013083005000000035	0.470483
2013083005000000035	201308300500	http://www.detroitnews.com/article/20130830/ENT02/308300017/1034/rss28	Review : ` This Is Us ' feels like the true One Direction | The Detroit News
283879	0.328352
296605	0.614847
44294	0.448809
44394	0.184396
44512	0.341555
297129	0.844304
45285	0.455150
199245	0.225297
1881	0.581600
66182	0.682742
199556	0.238260
66320	0.864522
411296	0.582988
15790	0.865564
47269	0.372211
106491	0.143823
47999	0.771371
106732	0.334774
310658	0.425100
3407	0.198025
275039	0.620737
17065	0.756659
120342	0.557847
386790	0.329539
362910	0.436264
412507	0.313728
17245	0.402779
49855	0.763069
239411	0.394874
375214	0.466713
50492	0.216833
412830	0.238468
227485	0.534527
215972	0.196151
4513	0.383183
81805	0.351826
400178	0.189553
400224	0.400416
108673	0.242412
69293	0.758673
5383	0.511402
175173	0.413973
149208	0.872903
365051	0.742022
338581	0.450442
55164	0.304263
84010	0.394665
204645	0.330185
84469	0.410221
326984	0.447419
390099	0.490051
353376	0.230091
151455	0.493356
205471	0.689482
21566	0.340509
391358	0.330658
354958	0.177030
73085	0.711652
192800	0.311325
355346	0.285387
37182	0.392583
100257	0.688478
193336	0.296307
342390	0.303543
73671	0.274916
60210	0.158180
60429	0.354788
154243	0.369723
369147	0.488893
245560	0.834674
61090	0.587779
269101	0.488421
24587	0.375536
208779	0.366614
38841	0.444415
39309	0.316214
74850	0.877088
88918	0.470483
11270	0.346052
89333	0.329584
258216	0.351580
370638	0.241360
89820	0.263759
420490	0.200023
371070	0.528243
182743	0.316558
156694	0.516470
358325	0.442749
247779	0.211847
878132	1.025441
63999	0.175408
197429	0.293416
346075	0.338730

2013083016550000002	0.460569
2013083016550000002	201308301655	http://www.philly.com/r?19=961&43=168506&44=221800731&32=3796&7=195312&40=http://www.philly.com/philly/sports/sixers/Lamar-Odom-arrested-for-DUI-report.html	Lamar Odom arrested for DUI
346175	0.442576
359399	0.290573
64880	0.723608
144528	0.238324
144751	0.203933
105068	0.262256
131612	0.141761
65468	0.409444
308780	0.230176
360626	0.252872
213121	0.374636
45758	0.390951
385369	0.281900
46523	0.363408
397843	0.272540
159833	0.258650
172733	0.460405
49040	0.567701
386598	0.475528
187026	0.239204
17078	0.979581
94664	0.417363
81258	0.592448
251615	0.288070
413056	0.342167
400178	0.222627
299844	0.213056
376196	0.380599
324773	0.183344
240730	0.370686
52652	0.397100
174953	0.532135
188897	0.255178
228928	0.283359
19654	0.246184
388943	0.356419
265265	0.717379
136333	0.260753
217740	0.259412
55123	0.519616
253570	0.292794
313645	0.182638
301762	0.549055
55883	0.363556
190684	0.309662
190713	0.264715
218582	0.643604
98487	0.548934
151461	0.277338
151566	0.375472
56849	0.416692
98980	0.856048
21822	0.303573
354066	0.227720
191822	0.282561
125416	0.196946
354958	0.208930
391496	0.788291
220367	0.619397
368608	0.314461
153814	0.362787
355976	0.274132
232787	0.303158
342698	0.301784
330052	0.383714
269101	0.477673
127447	0.343897
25230	0.451830
88918	0.460569
40115	0.214514
344020	0.330836
11340	0.250172
40918	0.319029
420170	0.297339
344583	0.729512
168645	0.340076
12166	0.260619
41525	0.352283
282795	0.261840
142829	0.376506
409164	0.539172
307344	0.375432
64220	0.264573
346075	0.331906

2013083004520000007	0.457720
2013083004520000007	201308300452	http://www.examiner.com/article/big-brother-15-spoilers-ginamarie-wins-hoh-and-mccranda-is-not-pleased?cid=rss	` Big Brother 15 ' spoilers : GinaMarie wins HOH and McCranda is not pleased - National Tabloid Headlines | Examiner.com
283741	0.441413
157870	0.640818
91370	0.541711
184258	0.697907
144136	0.391387
14141	0.222349
249004	0.397500
144750	0.229296
14444	0.157906
44653	0.708385
131677	0.293493
78406	0.178707
44929	0.136284
396703	0.273091
78598	0.669725
45410	0.856640
45423	0.432884
334525	0.299575
249627	0.725526
92694	0.214566
213365	0.528616
105695	0.393564
45992	0.193026
118855	0.200017
105915	0.758827
46611	0.590454
106128	0.225839
262024	0.225234
172094	0.186898
106400	0.298756
106401	0.197809
322553	0.818216
48567	0.439540
412274	0.352489
80499	0.406919
215211	0.248359
80818	0.216146
107639	0.173791
215510	0.896898
227328	0.469567
299360	0.244804
134423	0.407444
147783	0.586312
161455	0.331776
895097	1.071038
228441	0.476287
122232	0.433070
325610	0.885411
228928	0.269232
109894	0.381854
54536	0.599504
217803	0.319588
34271	0.685906
6593	0.419661
71091	0.558249
403137	0.341956
137552	0.511647
403718	0.392280
366925	0.270979
177524	0.515269
124704	0.232314
521735	0.752178
328040	0.258987
379114	0.380802
354284	0.188546
165068	0.421491
112198	0.227002
341543	0.686947
58336	0.253712
22772	0.289443
291701	0.486540
139478	0.414241
59048	0.355029
280574	0.629624
60442	0.155507
60487	0.279343
292734	0.406303
269101	0.474793
407031	0.329135
180801	0.202167
127631	1.044212
140901	0.377612
281438	0.383688
39294	0.416089
141333	0.295361
88918	0.457720
798005	1.020298
40661	0.582677
270234	0.207985
195545	0.413957
294315	0.484205
168645	0.232828
394238	0.214177
344760	0.439326
142496	0.341856
169058	0.473883
592287	1.003044
383297	0.399384
63999	0.198123
346075	0.329802

2013083016270000006	0.456072
2013083016270000006	201308301627	http://www.huffingtonpost.com/2013/08/30/boy-george-one-direction_n_3843397.html?utm_hp_ref=celebrity&ir=Celebrity	Boy George On One Direction : ` They Are Probably All Bisexual '
372762	0.408956
360132	0.307007
144751	0.219822
29025	0.412854
297129	0.893062
45285	0.483396
118569	0.440853
45992	0.274547
66320	0.917881
46994	0.538154
15790	0.915222
48684	0.346012
17065	0.801025
49855	0.831185
107639	0.219831
349571	0.412826
227057	0.425448
107845	0.308582
17934	0.303556
51541	0.328875
69293	0.796709
400887	0.312617
53361	0.468072
149208	0.922983
338581	0.407689
388892	0.335133
288889	0.424303
217740	0.201175
313645	0.216271
84010	0.414635
55362	0.515813
6534	0.328780
6593	0.346221
289407	0.417779
353095	0.266722
340366	0.339376
21354	0.269774
205471	0.984387
205561	0.351300
219458	0.491098
404633	0.351826
192292	0.372346
354730	0.632172
391358	0.371782
23001	0.157057
303963	0.208165
100257	0.728108
112976	0.440649
166331	0.195166
304255	0.694233
73671	0.270598
356124	0.310156
342698	0.241963
342770	0.420016
24355	0.151836
245560	0.882719
61090	0.815138
269101	0.473184
140702	0.986680
356726	0.384477
38841	0.610717
246067	0.864649
39309	0.595379
74850	1.216268
194783	0.278567
88918	0.456072
40622	0.469920
40918	0.311453
357905	0.200020
318896	1.112949
394580	0.195263
76431	0.396334
346075	0.328546
409534	0.876222

2013083122090000002	0.446302
2013083122090000002	201308312209	http://www.examiner.com/article/police-ariana-grande-likely-unaware-of-twitter-suicide-hoax-to-promote-album?cid=rss	Police : Ariana Grande likely unaware of Twitter suicide hoax to promote album - National Tabloid Headlines | Examiner.com
157870	0.597283
91370	0.495813
184258	0.674412
91693	0.318457
144528	0.208780
131321	0.385032
347065	0.286638
144751	0.186745
184840	0.212153
360626	0.170121
45240	0.197213
45410	0.774579
92694	0.257941
297402	0.518042
273398	0.458272
45992	0.259484
297509	0.533087
185975	0.361999
901878	1.587830
93525	0.309297
48228	0.362994
106847	0.273149
398560	0.444062
107049	0.785320
133695	0.248319
80499	0.385871
215322	0.546935
239473	0.329236
215510	0.718414
107853	0.384587
201700	0.491719
287143	0.370050
215979	0.175603
18197	0.256499
174521	0.388451
228046	0.469241
400546	0.771137
122188	0.349484
122232	0.452388
325610	0.799145
401738	0.351183
388892	0.370072
253131	0.411192
217740	0.281031
326162	0.499413
34271	0.593498
136543	0.299165
313645	0.201102
176294	0.430493
55362	0.457782
366013	0.508307
204630	0.204306
151461	0.233259
353773	0.381950
254787	0.375158
379114	0.370416
125416	0.143136
379560	0.328047
244012	0.683503
341543	0.783237
58561	0.168222
153077	0.422695
303963	0.185892
207465	0.245487
342521	0.324446
100919	0.265854
154177	0.156100
392602	0.259201
269101	0.462797
180673	0.312307
317330	0.311241
245924	0.273337
281438	0.373089
925808	1.051613
39065	0.558215
88918	0.446302
167904	0.305715
419709	0.904932
344122	0.285705
40661	0.466439
270234	0.201379
40687	0.467518
40918	0.387224
306271	0.544815
294315	0.382179
318554	0.485300
12015	0.419606
210613	0.383721
332208	0.654759
592287	0.793336
271191	0.293626
383186	0.206194
383297	0.388210
76661	0.290648
42605	0.190644
346075	0.321679

