20130601
140
20130821 20130829

2013082823170000002	1.444062
2013082823170000002	201308282317	http://www.huffingtonpost.com/2013/08/28/justin-bieber-gets-pulled_0_n_3831769.html	Justin Bieber Gets Pulled Over AGAIN
260173	0.860219
144528	0.307260
372762	0.593581
360132	0.460575
29025	0.598243
213121	0.564736
118569	0.657525
119184	0.493342
106521	0.470135
48684	0.628589
349571	0.596178
400178	0.296155
217740	0.295441
313645	0.303681
190713	0.553160
72194	0.664666
164964	0.887563
404633	0.528179
391218	0.371719
139260	0.473093
23001	0.272154
207465	0.258644
112976	0.659398
292143	0.698123
73866	0.374635
269101	1.496324
356726	0.610321
39715	0.360212
88918	1.444062
11340	0.318627
76431	0.573339
196843	0.911618
197026	0.426687
346075	1.041567

2013082818190000006	1.105916
2013082818190000006	201308281819	http://www.huffingtonpost.com/2013/08/28/uh-oh-justin_n_3830943.html?utm_hp_ref=celebrity	Uh Oh ... Justin Bieber Pulled Over For Running A Stop Sign , Sans Driver 's License
260173	0.968463
144528	0.482664
372762	0.611921
360132	0.505927
29025	0.615810
213121	0.617292
118569	0.667985
48684	0.519346
49825	0.355027
50045	0.436073
349571	0.611801
400178	0.358033
324768	0.523840
217740	0.302875
313645	0.322837
190713	0.384794
72194	0.767804
404633	0.540281
58138	0.979198
139260	0.533218
23001	0.247953
112976	0.672245
269101	1.144516
356726	0.648199
194678	0.420226
88918	1.105916
11340	0.352457
306422	0.711512
76431	0.589278
196843	0.996399
197026	0.514365
346075	0.798644

2013082117070000017	1.051338
2013082117070000017	201308211707	http://examiner.com/article/justin-bieber-is-planning-to-have-a-wife-and-children-one-day	Justin Bieber is planning to have a wife and children one day - Canada Canada Celebrity | Examiner.com
130752	0.492152
43446	0.405917
144751	0.299708
44512	0.437541
45240	0.304215
92694	0.437461
397340	0.235015
132640	0.352494
106491	0.235368
298316	0.336706
119994	0.441509
31432	0.748855
412507	0.409288
49825	0.238871
287143	0.506894
215979	0.375347
51541	0.540038
53578	0.296907
377090	0.509286
203623	0.803761
136333	0.344574
351999	0.557172
98053	0.834200
339826	0.377270
138199	0.383545
191765	0.446297
125416	0.183431
86413	0.369202
405075	0.512786
61023	0.291541
292855	0.798133
269101	0.785715
154641	0.388138
317369	0.317298
88918	1.051338
344136	0.418584
270234	0.273051
40918	0.422623
357905	0.294241
358575	0.402344
319311	0.501931
346075	0.546753

2013082821240000004	1.014323
2013082821240000004	201308282124	http://www.examiner.com/article/no-more-driving-for-justin-bieber-until-he-gets-a-california-license?cid=rss	No more driving for Justin Bieber , until he gets a California license - San Francisco Pop Culture | Examiner.com
320137	0.292920
197938	0.553228
260173	0.963730
296589	0.308845
144528	0.388851
284921	0.462632
385369	0.601568
106491	0.246702
412274	0.535427
49825	0.219318
287070	0.425179
51406	0.818704
387499	0.482687
51541	0.436081
108776	0.569127
324768	0.436525
338005	0.512513
54109	0.287011
351949	0.359107
229792	0.732342
190713	0.429837
7830	0.442095
72194	0.785345
164964	0.806813
138923	0.368069
22767	0.248286
139260	0.579515
315998	0.479883
207465	0.343962
60210	0.210340
24272	0.489826
269101	0.790035
245609	0.556881
74523	0.577720
194678	0.339013
269664	0.287578
39715	0.276387
88918	1.014323
11340	0.325492
102485	0.259662
258216	0.398272
370638	0.477701
306422	0.769375
26542	0.370559
358261	0.379646
196809	0.390960
196843	0.935135
63999	0.263423
346075	0.550428

2013082122180000006	1.008220
2013082122180000006	201308212218	http://www.usatoday.com/story/life/music/2013/08/21/justin-bieber-leads-in-celebrity-death-rumors-on-twitter/2682437/	Justin Bieber leads in Twitter celebrity death rumors
223896	0.423569
170025	0.823580
272299	0.586467
320668	0.348593
360132	0.377516
131612	0.147485
297129	1.126763
45758	0.407082
297402	0.692671
45992	0.311385
15790	1.086145
348556	0.315321
361967	0.846131
106478	0.280593
50126	0.265184
17419	0.418084
227057	0.636576
399445	0.766738
51541	0.392803
18188	0.833362
18197	0.270823
414527	0.200457
217382	0.315566
388892	0.411761
253131	0.613601
150581	0.422378
229713	0.452062
390046	0.315983
327980	0.480356
57800	0.259953
125416	0.231450
112198	0.285665
575046	1.603195
303963	0.231872
100257	0.865296
73339	1.159549
392252	0.272800
418548	0.779236
269101	1.016522
154641	0.355170
74523	0.521063
38841	0.384172
88918	1.008220
270234	0.261600
40918	0.350116
270454	0.380249
357771	0.526718
358319	0.481087
306930	0.492137
319311	0.525126
421107	0.510846
64164	0.421953
346075	0.711231

2013082823010000018	0.958965
2013082823010000018	201308282301	http://uk.news.yahoo.com/justin-bieber-stopped-traffic-offense-again-205528398.html	Justin Bieber stopped for traffic offense , again - Yahoo ! News UK
117263	0.286197
395971	0.463587
43849	0.582422
296589	0.315923
144528	0.486019
78446	0.299317
237231	0.479993
360626	0.254378
213121	0.427853
297837	0.554261
225709	0.471028
262024	0.443277
106491	0.243998
200343	0.734534
349133	0.561133
49825	0.315334
31896	0.352247
227485	0.694634
376534	0.498549
377099	0.448881
162851	0.315176
54109	0.286892
54389	0.444906
402186	0.393702
70669	0.324328
229792	0.749105
190713	0.555233
151566	0.490473
72194	0.646200
36579	0.504417
22767	0.257058
232035	0.610317
207465	0.312929
269101	0.734147
114207	0.351714
194678	0.304487
25220	0.534263
39715	0.306161
88918	0.958965
196843	1.198320
129792	1.238659
64037	0.336099
346075	0.510305

2013082822550000002	0.958965
2013082822550000002	201308282255	http://news.yahoo.com/justin-bieber-stopped-traffic-offense-again-215528283.html	Justin Bieber stopped for traffic offense , again - Yahoo ! News
117263	0.286197
395971	0.463587
43849	0.582422
296589	0.315923
144528	0.486019
78446	0.299317
237231	0.479993
360626	0.254378
213121	0.427853
297837	0.554261
225709	0.471028
262024	0.443277
106491	0.243998
200343	0.734534
349133	0.561133
49825	0.315334
31896	0.352247
227485	0.694634
376534	0.498549
377099	0.448881
162851	0.315176
54109	0.286892
54389	0.444906
402186	0.393702
70669	0.324328
229792	0.749105
190713	0.555233
151566	0.490473
72194	0.646200
36579	0.504417
22767	0.257058
232035	0.610317
207465	0.312929
269101	0.734147
114207	0.351714
194678	0.304487
25220	0.534263
39715	0.306161
88918	0.958965
196843	1.198320
129792	1.238659
64037	0.336099
346075	0.510305

2013082821110000004	0.956251
2013082821110000004	201308282111	http://www.baltimoresun.com/entertainment/la-me-ln-justin-bieber-cited-running-stop-sign-license-20130828,0,3580886.story?track=rss	Justin Bieber accused of running stop sign , driving without license - baltimoresun.com
117263	0.329732
395971	0.405403
260173	0.670901
91693	0.537938
144528	0.369724
372879	0.711111
237231	0.337911
261081	1.014460
385157	0.362732
199556	0.325707
385369	0.358602
118855	0.278591
297837	0.468028
262024	0.311792
200343	0.620849
49825	0.296728
287070	0.401264
51541	0.430772
387670	0.382319
324768	0.524645
376534	0.336666
162428	0.452251
162851	0.266267
54109	0.280026
54389	0.312673
70669	0.273616
229792	0.595535
415429	0.316602
190713	0.445529
390218	0.253370
340569	0.266154
72194	0.590598
354066	0.218830
191967	0.721855
255309	0.553745
36579	0.503930
139260	0.368262
355241	0.266981
23392	0.408132
220586	0.567434
59929	0.280683
60425	0.582734
154210	0.546490
269101	0.641900
194678	0.266321
25220	0.512736
39715	0.253505
88918	0.956251
305867	0.185601
209713	0.545938
89588	0.221552
306422	0.616244
282795	0.464411
344998	0.325733
282907	0.251837
394580	0.251216
196843	0.835634
129792	1.243771
409149	0.307647
63999	0.272696
346075	0.445670

2013082316050000005	0.854892
2013082316050000005	201308231605	http://www.huffingtonpost.com/2013/08/23/elders-react-to-justin-bieber_n_3803490.html?utm_hp_ref=celebrity&ir=Celebrity	Elders React To Justin Bieber And It Is Not Pretty ( VIDEO )
224147	0.420532
333526	0.236633
272556	0.427437
212511	0.309211
372762	0.392784
360132	0.315404
44406	0.683470
29025	0.396453
44929	0.174519
308780	0.194691
321080	0.349106
360636	0.550748
45418	0.381274
373306	0.661368
118569	0.441238
199489	0.435792
249787	0.215568
397438	0.451279
361858	0.589892
172094	0.305737
106436	0.526010
106443	0.267142
16087	0.418064
47936	0.213411
48684	0.332392
48986	0.395093
187026	0.235425
49437	0.585996
107351	0.168576
349571	0.396276
412698	0.517878
50387	0.161928
173716	0.679199
299899	0.715850
108673	0.225580
188644	0.304955
19632	0.315724
149794	0.398190
54390	0.219702
217740	0.193292
110333	0.354337
313645	0.196207
218932	0.266543
151461	0.253962
390301	0.285909
366782	0.408598
205600	0.635376
315019	0.506988
111873	0.258877
404633	0.352164
417075	0.423237
206553	0.654000
58058	0.253460
58096	0.777958
86695	0.499188
23001	0.161755
58876	0.343866
355343	0.426616
179141	0.444483
112976	0.441052
126421	0.587239
9583	0.920174
369012	0.276543
330095	0.467535
392490	0.683361
74120	0.223510
269101	0.887574
180530	0.342865
356726	0.394796
245778	0.434565
180801	0.225111
39717	0.472168
88918	0.854892
40003	0.330103
11340	0.234204
11369	0.472576
331600	0.313168
41158	0.408214
41318	0.562209
12166	0.218412
271075	0.452123
63445	0.248334
76431	0.380518
345600	0.678578
42330	0.810471
64120	0.303457
42578	0.310697
346075	0.615430

2013082921150000001	0.843478
2013082921150000001	201308292115	http://blog.sfgate.com/dailydish/2013/08/29/james-spader-to-play-villain-in-avengers-sequel/	James Spader to play villain in ` Avengers ' sequel | Daily Dish | an SFGate.com blog
144136	0.521398
249096	1.244593
44746	0.492879
29376	0.550539
92487	0.465970
131987	0.888412
362776	1.061443
31749	0.951304
50387	0.249641
187481	0.522872
215972	0.245560
121970	1.369739
364793	1.101026
351337	0.737989
69793	0.369191
388828	0.974404
136333	0.406485
150094	1.215333
204032	0.594419
190655	0.592981
278538	1.054287
379114	0.732129
267363	0.763500
125416	0.202986
86594	0.444584
153357	0.883705
153368	0.417994
256317	1.386980
24206	0.853941
269101	0.870786
221157	1.144013
281438	0.734672
88918	0.843478
383297	0.761522
346075	0.610570

2013082317130000005	0.840433
2013082317130000005	201308231713	http://feeds.nbcnews.com/c/35197/f/663365/s/30518c46/sc/14/l/0L0Stoday0N0Centertainment0Csorry0Ejustin0Ebieber0Eyour0Eelders0Edont0Eget0Eyou0Eeither0E6C10A983492/story01.htm	Sorry , Justin Bieber , your ` elders ' do n't get you either - TODAY.com
105	0.689665
197634	0.492526
212200	0.682011
260457	0.357315
144751	0.234745
14502	0.495882
158881	0.586402
373306	0.654926
237498	0.694590
66531	0.417577
47269	0.454857
322192	0.617335
172094	0.291733
335459	0.353966
286197	0.684212
48880	0.476130
336126	0.906743
173716	0.560467
51541	0.421634
413523	0.741475
216288	0.353791
18447	0.468563
108673	0.290829
122254	0.739226
33890	0.464020
203623	0.623592
339275	0.723876
176595	0.599827
71502	0.511575
151694	0.556369
302642	0.517439
206463	0.502813
231593	0.347872
36743	0.447838
179152	0.573706
37348	0.481587
23517	0.581546
368608	0.414748
269101	0.659321
208736	0.482663
180751	0.306525
39372	0.376561
88918	0.840433
62066	0.251111
40115	0.268813
102455	0.411109
102561	0.543556
331534	0.426382
394238	0.276656
247228	0.604847
394580	0.251508
383186	0.312089
103669	0.519052
247848	0.422215
837642	1.444754
13392	0.268281
346075	0.458216

2013082917090000004	0.814147
2013082917090000004	201308291709	http://www.examiner.com/article/justin-bieber-keeps-his-focus-rehearsals-to-stay-ready-for-performances?cid=rss	Justin Bieber keeps his focus ; in rehearsals to ` stay ready ' for performances - National Celebrity Headlines | Examiner.com
28799	0.442354
260457	0.489968
144750	0.377356
144751	0.292799
14444	0.257078
185019	0.505906
45240	0.351581
65788	0.460373
373244	0.433776
45992	0.532669
46902	1.221266
185937	0.486037
397731	0.447543
310722	0.816991
299844	0.350133
174521	0.395161
148612	0.403637
388892	0.486618
253131	0.450368
266136	0.421186
390218	0.248484
7444	0.435998
314715	0.769807
112198	0.414495
354790	0.845037
379738	0.509891
405075	0.479586
329886	0.533426
269101	0.841812
154641	0.442820
208779	0.596462
88918	0.814147
40003	0.711774
11271	0.289030
357905	0.312520
63522	0.431904
13378	0.556537
13392	0.320902
346075	0.588456

2013082121300000001	0.804941
2013082121300000001	201308212130	http://blog.sfgate.com/dailydish/2013/08/21/kanye-west-shows-off-baby-north-photo-on-kris-jenners-talk-show/	Kanye West shows off baby North photo on Kris Jenner 's talk show | Daily Dish | an SFGate.com blog
284732	0.388474
237231	0.454704
78640	0.699504
397340	0.259038
262024	0.420125
66911	0.430462
16531	1.298111
31432	0.628915
173679	0.719396
18519	0.637743
202579	1.325867
108967	0.686522
136085	0.358832
54109	0.318494
54389	0.421870
338808	0.369761
204630	0.308093
204784	0.574226
163910	1.338484
254582	0.527128
367172	0.899695
303390	0.713421
8688	0.422446
379958	0.595261
58876	0.534559
37620	0.640212
38186	0.839636
24355	0.262464
269101	0.831304
317369	0.476571
61441	0.405139
88918	0.804941
358575	0.295957
358847	0.565111
479313	1.039896
346075	0.582470

2013082408570000006	0.798629
2013082408570000006	201308240857	http://blog.sfgate.com/dailydish/2013/08/23/ariana-grande-justin-bieber-insisted-i-post-kissing-twitpic/	Ariana Grande : ` Justin Bieber insisted I post kissing Twitpic ' | Daily Dish | an SFGate.com blog
150581	0.441719
229713	0.471827
91370	0.464218
190925	0.484671
14046	0.948578
91693	0.529091
320624	0.435962
360132	0.358003
144751	0.242426
378912	0.553470
1443	0.305046
191765	0.302093
118325	0.887835
404279	0.690983
125307	1.179079
58309	0.682182
86700	0.339185
231815	0.573832
153077	0.473324
106400	0.281681
47683	0.234985
30682	0.843107
304255	0.881619
73500	0.399720
342661	0.697741
418548	0.811664
226904	1.302248
269101	0.657509
251521	0.349456
74523	0.595102
39494	0.680888
141258	0.445074
215979	0.232378
51541	0.448996
39715	0.334064
88918	0.798629
419709	0.932091
387789	0.345194
400546	1.058829
148891	0.390923
210335	1.184517
41871	0.621686
253131	0.411150
196884	0.469686
217740	0.264940
197063	0.795275
395170	0.859138
55245	0.615709
346075	0.575894

2013082218160000003	0.794588
2013082218160000003	201308221816	http://feeds.nydailynews.com/~r/nydnrss/entertainment/~3/ydeelbmpDXE/story01.htm	Ariana Grande explains Justin Bieber kiss photo : He said , ` You have to post that picture ' - NY Daily News
236160	0.613310
346440	0.383848
130854	0.235977
91693	0.483024
333892	0.207705
158539	0.356623
144751	0.221437
44746	0.291131
45240	0.243851
118325	0.711857
45415	0.314485
373326	0.368152
92694	0.243746
45992	0.251044
1997	0.459218
262027	0.428701
200252	0.342605
386022	0.263674
336126	0.717717
94528	0.227837
201406	0.282614
50203	0.458159
251521	0.267858
81604	0.363468
51508	0.591618
51541	0.344402
18188	0.733863
251975	0.428742
174437	0.281919
400546	1.187409
53391	0.329795
135916	0.934544
388892	0.473411
203623	0.514139
253131	0.339099
54390	0.226775
338808	0.232582
217740	0.306673
136610	0.444432
150157	0.439775
20089	0.453624
34410	0.577638
55245	0.472733
313645	0.178720
6499	0.618408
6596	0.206282
55982	0.407149
84702	0.635939
302061	0.692100
327548	0.463027
22371	0.494567
206463	0.445652
86195	0.330772
86700	0.312849
255460	0.184427
153077	0.556631
153374	0.422986
73500	0.272668
342485	0.350873
60400	0.286341
154177	0.153699
269101	0.789231
24587	0.495632
180655	0.264937
194218	0.953445
180801	0.236426
114634	0.614633
88918	0.794588
419709	1.041664
270112	0.517260
270131	0.462676
331600	0.264397
75825	0.287809
210623	0.379956
332208	0.679393
210670	0.541804
282907	0.227315
41871	0.637468
295465	1.139565
90728	0.434743
395170	0.711386
13392	0.212478
346075	0.612196

2013082408220000005	0.792286
2013082408220000005	201308240822	http://blog.sfgate.com/dailydish/2013/08/23/chris-brown-spray-paints-girlfriends-car/	Chris Brown spray paints girlfriend 's car | Daily Dish | an SFGate.com blog
150581	0.438539
229713	0.468778
176539	0.445865
190925	0.489251
14046	0.902411
340217	0.358008
144751	0.269978
249253	1.378281
378912	0.526388
373326	0.588054
391246	0.838462
146138	0.601263
207083	1.220222
153077	0.531185
106491	0.244371
172486	0.302934
342661	0.777927
9892	1.394004
120160	1.246535
418548	0.807034
120419	0.346403
269101	0.819356
50381	0.461261
4163	0.741947
39309	0.374878
39372	0.395331
240171	1.035514
88918	0.792286
62018	0.834907
400262	0.608855
419709	1.169570
400546	1.323482
276425	1.114466
41871	0.672481
196884	0.524469
217740	0.292017
157175	0.940467
157317	0.420069
346075	0.572555
20354	0.495277

2013082217160000009	0.782703
2013082217160000009	201308221716	http://www.nydailynews.com/entertainment/gossip/ariana-grande-justin-bieber-made-post-kiss-photo-article-1.1433868	Ariana Grande explains Justin Bieber kiss photo : He said ` you have to post that picture ' - NY Daily News
236160	0.599547
346440	0.381543
130854	0.229530
91693	0.480668
333892	0.229370
158539	0.353809
144751	0.187905
44746	0.279931
45240	0.231675
118325	0.695593
45415	0.303718
373326	0.396058
92694	0.234212
45992	0.240344
1997	0.445805
262027	0.463071
200252	0.327295
386022	0.253822
310658	0.426186
336126	0.692602
94528	0.222541
201406	0.270517
50203	0.445791
251521	0.258896
81604	0.353076
51508	0.579208
51541	0.331851
18188	0.792005
251975	0.415581
174437	0.276032
400546	1.180865
175173	0.415805
241102	0.565871
53391	0.319577
135916	0.892332
388892	0.463373
203623	0.495646
253131	0.324287
54390	0.218953
217740	0.302099
136610	0.442051
150157	0.423442
20089	0.452105
34410	0.560943
55245	0.457041
313645	0.172335
6499	0.595023
6596	0.199658
339680	0.598226
55982	0.392122
84702	0.622194
302061	0.688848
327548	0.459659
21566	0.342645
99277	0.380209
22371	0.533908
206463	0.441595
86195	0.356083
86700	0.301750
255460	0.177371
153077	0.554874
153374	0.409521
73500	0.264621
342485	0.347890
60400	0.276392
154177	0.149970
269101	0.779519
24587	0.477529
180655	0.286095
194218	0.932442
180801	0.228769
114634	0.604094
88918	0.782703
419709	1.035911
270112	0.498288
270131	0.441852
331600	0.255412
75825	0.298277
102904	0.552305
210623	0.378424
332208	0.653552
210670	0.524708
282907	0.218472
116030	0.560099
41871	0.614110
295465	1.095019
90728	0.426367
395170	0.766322
13392	0.228960
346075	0.600987

2013082817500000001	0.772915
2013082817500000001	201308281750	http://www.philly.com/r?19=961&43=168091&44=221490781&32=3796&7=195547&40=http://www.philly.com/philly/entertainment/music/Miley-Cyrus-and-Justin-Bieber-have-a-terrible-new-song-called-Twerk.html	Miley Cyrus and Justin Bieber have a terrible new song called ` Twerk '
91298	0.456683
333892	0.242085
320668	0.342986
260457	0.350492
144750	0.297409
144751	0.234812
131612	0.164431
397732	0.287315
397843	0.431073
159833	0.337755
250473	0.274503
251615	0.376627
413056	0.448027
51541	0.422857
299844	0.278101
364056	0.435614
264694	0.488767
351463	0.491622
325487	0.442059
162688	0.230633
228928	0.370707
388828	1.096361
203623	0.630093
217740	0.219205
190655	0.555645
164105	0.333652
7401	0.495422
99008	0.471925
354066	0.296573
379114	0.658936
206183	0.397518
152299	0.331297
125347	0.668194
125416	0.172926
112198	0.290698
73013	0.489918
139476	0.366991
37702	0.376982
193336	0.311450
232615	0.477475
245147	0.357019
342698	0.395139
256695	0.622534
61023	0.248364
317092	0.439678
269101	0.801787
88125	0.403421
381238	0.477445
369416	0.324017
194296	0.728220
281438	0.664081
88918	0.772915
270089	0.798208
62565	0.346411
168645	0.444364
41525	0.460857
420634	0.389453
168890	0.484722
383297	0.691405
346075	0.556880

2013082121200000007	0.769954
2013082121200000007	201308212120	http://blog.sfgate.com/dailydish/2013/08/21/zayn-malik-and-perrie-edwards-engaged/	Zayn Malik and Perrie Edwards engaged | Daily Dish | an SFGate.com blog
184032	0.432783
395626	1.193609
91693	0.457751
144751	0.278450
198685	0.535815
297129	1.245697
397340	0.248624
15790	1.066233
66911	0.393518
31432	0.602920
17245	0.593164
147472	0.495217
51541	0.572250
96073	1.055488
338581	0.587525
203623	0.746378
339236	0.589919
55472	0.473730
204784	0.525056
190925	0.486891
151461	0.368244
367172	0.887573
125416	0.177440
8688	0.369311
58876	0.526300
100257	1.023392
269101	0.796041
154641	0.445499
140759	0.469297
38841	0.430821
114441	0.755710
88918	0.769954
270234	0.262137
357905	0.300956
358058	1.070654
358575	0.284406
76486	1.007934
197036	0.401134
358847	0.516457
346075	0.556567

2013082121540000003	0.745449
2013082121540000003	201308212154	http://blog.sfgate.com/dailydish/2013/08/21/justin-bieber-i-want-to-settle-down-and-start-a-family/	Justin Bieber : ' I want to settle down and start a family ' | Daily Dish | an SFGate.com blog
320230	0.596563
260155	0.327380
284732	0.337222
44929	0.168354
45240	0.254972
118855	0.277523
186004	0.449807
119184	0.416286
30525	0.408911
348556	0.354124
31297	0.641220
31432	0.497218
107639	0.227006
107845	0.422084
51541	0.440865
18519	0.567666
108967	0.648260
175475	0.688986
265006	0.763693
136085	0.338807
288771	0.427358
136246	0.478136
338808	0.354258
55160	0.805038
84207	0.457912
204630	0.249142
266136	0.332683
55883	0.405365
190713	0.321903
151461	0.357408
340569	0.300477
151727	0.312803
254635	0.797034
191967	0.729897
231209	0.569719
304255	0.866076
37620	0.604433
256223	1.047576
60085	0.299434
60400	0.375452
369047	0.481652
61023	0.243030
269101	0.658375
180649	0.393778
208779	0.465942
194293	0.309411
74523	0.584446
167588	0.699805
39715	0.286140
181550	0.336207
88918	0.745449
344020	0.411266
210623	0.437323
196843	0.846614
116421	0.657212
479313	0.996841
346075	0.457832

2013082920400000002	0.726329
2013082920400000002	201308292040	http://blog.sfgate.com/dailydish/2013/08/29/kelly-rutherford-acting-as-her-own-lawyer-in-custody-battle/	Kelly Rutherford acting as her own lawyer in custody battle | Daily Dish | an SFGate.com blog
259913	1.320280
77626	1.074567
284392	0.641526
144751	0.252270
78446	0.268474
14832	0.568695
92694	0.372244
132640	0.314596
47516	0.428195
172487	0.747780
172646	0.493858
375879	0.520726
300040	0.545928
108750	0.297958
69793	0.319299
53578	0.269825
388828	0.844665
162915	1.088830
415335	0.465108
378070	0.904393
190655	0.515257
302233	0.631691
290527	0.891845
379114	0.625547
178734	0.953660
303963	0.255459
126382	0.392750
304255	0.913351
256233	1.175691
207893	0.406924
269101	0.751444
74232	0.658979
281438	0.628880
114441	0.857362
357091	1.087276
88918	0.726329
344122	0.417198
294027	0.500058
209819	0.641120
319165	1.002682
196884	0.588363
383297	0.653112
130122	0.458067
346075	0.524689
64263	0.723171

2013082918450000010	0.725474
2013082918450000010	201308291845	http://www.examiner.com/article/what-if-mtv-selected-the-dancing-with-the-stars-season-17-cast?cid=rss	What if MTV selected the ` Dancing With the Stars ' season 17 cast ? - National Celebrity Obsession | Examiner.com
307799	0.569268
359943	0.712952
144751	0.270265
131612	0.147439
78594	0.292592
385157	0.335435
199476	0.411817
199556	0.357989
199619	0.632918
213964	0.479814
285732	0.367963
49490	0.562222
133896	0.488877
311139	0.425888
239816	0.258264
4163	0.507669
240090	0.706990
18226	0.444364
299844	0.237642
4830	0.294789
96043	0.304712
388135	0.368236
376450	0.359303
109732	0.767631
277199	0.389042
19654	0.265967
265558	0.455818
55245	0.908719
110393	0.693393
6534	0.557370
20354	0.418486
6593	0.377422
84490	0.937301
340243	0.583559
111175	0.357675
390308	0.516361
124704	0.332476
111415	0.590065
379114	0.608575
206245	0.409802
112198	0.264508
165807	0.286031
391869	0.552310
113026	0.446373
153814	0.378589
73690	0.450907
342485	0.338294
356145	0.385289
329886	0.691249
113580	0.435604
269101	0.577899
245814	0.443291
194293	0.277983
281438	0.474548
141097	0.469145
39294	0.523436
369910	0.813863
88918	0.725474
195104	0.454166
40283	0.333271
102485	0.252101
182246	0.277148
12166	0.272694
358033	0.370724
282907	0.236814
383297	0.493122
247779	0.225786
283285	0.232276
248098	0.397834
64037	0.281134
359149	0.423210
346075	0.401248

2013082811330000005	0.710988
2013082811330000005	201308281133	http://www.examiner.com/article/bad-girls-club-s-milyn-jensen-slams-justin-bieber-makes-joke-about-his-size?cid=rss	` Bad Girls Club 's ' Milyn Jensen slams Justin Bieber , makes joke about his size - National Tabloid Headlines | Examiner.com
295914	0.286070
157870	0.465824
91370	0.416599
197914	0.422813
224196	0.392221
296571	0.514952
91693	0.305927
144528	0.208067
144750	0.235943
144751	0.184637
14444	0.153262
14502	0.369057
44746	0.261992
237231	0.256491
185294	0.415704
92694	0.355676
261349	0.530429
321614	0.311645
397340	0.131748
66484	0.348572
185975	0.352232
262024	0.236359
172094	0.269991
172209	0.558519
238951	0.307630
49183	0.415884
80499	0.393726
120419	0.186041
375008	0.377925
31826	0.423531
107639	0.168834
50127	0.247489
201406	0.251093
147472	0.321678
17934	0.253700
387476	0.392807
51541	0.283720
216312	0.250717
109091	0.258603
288062	0.524377
122232	0.474834
53391	0.293685
53578	0.182053
19632	0.306864
54242	0.320866
54389	0.236725
19793	0.915293
54741	0.541185
55362	0.472875
402625	0.421152
20354	0.319841
34790	0.380247
6788	0.392449
204630	0.196573
190553	0.297963
55883	0.290678
339720	0.423190
353040	0.280192
191017	0.343244
353325	0.200520
340366	0.313325
254582	0.313389
404009	0.455780
191687	0.750398
354284	0.202211
379544	0.617423
315541	0.629836
341543	0.653482
368115	0.578155
315998	0.300107
341948	0.417212
355576	0.573797
280514	0.436896
193595	0.379944
154177	0.188963
317092	0.328273
269101	0.525407
140936	0.288648
39060	0.271556
194601	0.343905
194737	0.604283
39372	0.426053
343584	0.501390
88918	0.710988
40049	0.255327
62066	0.167461
155834	0.434868
195531	0.236472
40918	0.281008
210613	0.301936
282795	0.245853
358280	0.305837
394580	0.193826
408827	0.599105
63522	0.226511
196843	0.605826
247772	0.324639
283285	0.209214
307344	0.387075
346075	0.365117

2013082122400000004	0.705167
2013082122400000004	201308212240	http://www.chicagotribune.com/entertainment/la-et-mg-david-cassidy-arrested-dui-dwi-new-york-20130821,0,2200281.story?track=rss	David Cassidy arrested on suspicion of drunk driving in New York - chicagotribune.com
143990	1.101066
395923	0.733206
170527	0.961101
144751	0.265792
105068	0.456685
65468	0.635726
261064	0.368950
199181	0.776671
213121	0.403583
411802	0.638008
412299	0.673450
120367	0.241910
399072	0.391754
187481	0.421178
81830	1.074034
337422	0.679420
324938	1.120167
97213	0.599373
84080	0.624154
123510	1.137998
190553	0.506359
190713	0.505031
151566	0.480179
290635	0.549620
152186	0.497254
125214	0.608696
125416	0.164996
192506	0.488856
303963	0.268174
207465	0.266300
60363	0.723219
269101	0.731070
181264	0.863119
88918	0.705167
62029	1.193006
11340	0.336146
407857	0.800872
331534	0.348860
89588	0.292336
258519	0.672143
210779	0.974290
247458	1.030957
358575	0.253302
409164	0.858830
395280	0.445001
346075	0.508369

2013082920200000016	0.701310
2013082920200000016	201308292020	http://www.examiner.com/article/mariah-carey-justin-bieber-reflect-on-michael-jackson-s-55th-birthday?cid=rss	Mariah Carey , Justin Bieber reflect on Michael Jackson 's 55th birthday - National Celebrity Headlines | Examiner.com
130854	0.335909
260457	0.466945
144751	0.322220
45240	0.378017
273229	0.543160
45992	0.468866
199476	0.407581
185937	0.475525
49305	0.331947
201406	0.383732
375317	0.572664
51541	0.568524
174521	0.361129
82452	0.514009
148888	0.598149
109325	0.404355
203213	0.470243
135809	0.782827
69882	0.794518
175558	0.353943
401738	0.555250
241639	1.036537
388892	0.432574
253131	0.478536
54918	0.384242
390218	0.226467
7444	0.355654
205536	0.705245
36102	0.535956
152669	0.385433
86700	0.316374
391358	0.325898
391685	0.534226
329780	0.370968
392296	0.420047
330052	0.531747
24355	0.249285
269101	0.573752
305426	0.564361
88918	0.701310
40003	0.685920
40115	0.276882
141615	0.564367
89083	0.560978
383186	0.331427
42578	0.528911
13392	0.368141
346075	0.400369

2013082218020000009	0.691204
2013082218020000009	201308221802	http://news.yahoo.com/pewdiepie-tops-global-social-media-chart-starcount-130252684.html	PewDiePie tops global social media chart : Starcount - Yahoo ! News
283928	0.380813
533	0.422837
28510	0.473625
131612	0.234401
260716	0.567305
396890	1.268740
225333	0.783900
172094	0.300509
50126	0.303584
201406	0.339151
120655	0.369484
18188	0.820653
95740	0.562928
95803	0.209418
413835	0.613058
264745	1.166430
69907	0.366433
217382	0.360805
253131	0.439254
338808	0.326723
217740	0.211432
313645	0.310744
378011	0.679799
151674	0.270626
151694	0.736305
85358	0.491667
191822	0.345838
315463	0.948631
86700	0.398162
22767	0.240705
316170	1.660995
9384	0.283676
59626	0.983048
60442	0.284386
392260	0.271062
87835	0.553805
330182	0.550615
269101	0.716662
38830	0.441131
38841	0.402175
317570	0.715168
257343	0.793192
88918	0.691204
75253	0.776111
270454	0.424762
89592	0.516709
408283	1.467295
371000	0.353449
808828	1.748143
576517	1.365090
64164	0.483366
346075	0.498255

2013082823470000006	0.691022
2013082823470000006	201308282347	http://feeds.nydailynews.com/~r/nydnrss/entertainment/~3/CdhGHdqlM5Q/story01.htm	Miley Cyrus , Justin Bieber 's song ` Twerk ' leaks - NY Daily News
359263	0.317857
77574	0.578434
347065	0.299045
260457	0.310939
144751	0.225668
44381	0.466825
78406	0.249921
373115	0.407636
1443	0.255522
373306	0.473682
105836	0.656334
361621	0.597417
66911	0.224999
186253	0.759405
172094	0.248630
80551	0.232058
107276	0.327999
49519	0.371928
215434	0.579600
187592	0.847897
51291	0.489119
387476	0.601824
51541	0.398305
96186	0.244544
69793	0.191583
364828	0.642864
175558	0.351677
388828	0.960441
388892	0.455712
203623	0.498556
54394	0.283336
54741	0.730996
389276	0.452040
253570	0.272496
176595	0.448072
190655	0.542342
378486	0.951229
124470	0.444819
35481	0.204785
21354	0.263150
403809	0.693062
290527	0.531547
99044	0.573864
191687	1.013450
379114	0.680532
111873	0.263498
206322	0.513646
125347	0.839126
57832	0.461664
57834	0.526390
125416	0.170915
192260	0.300363
112198	0.360904
303485	0.319044
86700	0.237239
207206	0.619636
139476	0.325057
37489	0.489094
316603	0.330456
329886	0.531604
316766	0.782429
268909	0.658664
269101	0.717317
24761	0.314207
281438	0.738363
194525	0.468568
88918	0.691022
195104	0.382972
270065	0.639679
195451	0.143204
370378	0.228379
40713	0.360066
26272	0.435234
222651	0.508659
182899	0.519966
142624	0.477269
383297	0.682703
196987	0.364415
157315	0.453835
13287	0.467254
346075	0.497545
64263	0.431491

2013082913310000007	0.661195
2013082913310000007	201308291331	http://rssfeeds.usatoday.com/~r/usatoday-NewsTopStories/~3/AqJR4JzAhd4/	5 things you need to know Thursday
212170	0.405862
396307	0.385053
1016	0.166900
131612	0.204717
14662	0.474794
272968	0.179129
78594	0.293297
171857	0.318717
310052	0.459866
201177	0.377812
227099	0.382783
251521	0.324679
375337	0.368278
350048	0.462901
387476	0.468351
51733	0.461088
18553	0.329477
108697	0.308629
96043	0.330974
188648	0.301198
264529	0.788054
19528	0.433591
388828	0.947985
109925	0.772712
54741	0.647162
389276	0.494431
163419	0.508962
415306	0.507466
190655	0.375302
35481	0.223957
151674	0.261138
340569	0.243408
191687	0.894015
379114	0.567663
152146	0.390289
111873	0.307920
22122	0.205232
125347	0.593082
57832	0.482289
125416	0.153849
58058	0.365803
112198	0.314520
219920	0.441832
153368	0.302620
59401	0.371746
23658	0.452750
316603	0.280250
406509	0.344918
74120	0.363000
24355	0.174395
269101	0.686091
208713	0.512302
281438	0.633969
246083	0.369545
194678	0.264473
114454	0.423521
343591	0.490855
101944	0.857912
88918	0.661195
195104	0.421697
40115	0.230622
182124	0.355956
41059	0.596547
75723	0.913828
383297	0.596021
283285	0.237962
116475	0.356510
90720	0.732563
346075	0.476252

2013082319230000008	0.658634
2013082319230000008	201308231923	http://www.miamiherald.com/2013/08/23/3581565/justin-bieber-mick-jones-dennis.html	Justin Bieber , Mick Jones & Dennis Rodman : What a week - People - MiamiHerald.com
42809	0.474901
333892	0.219936
333932	0.569097
212472	0.662363
144751	0.170346
334098	0.415661
272742	0.257448
170731	0.257411
14444	0.237344
308780	0.227655
308854	0.783094
65681	0.360230
14838	0.517360
45415	0.327332
65944	0.201637
321614	0.242573
334827	0.462620
238081	0.239422
361550	1.043230
119251	0.776568
30525	0.327695
336126	0.707450
49451	0.434514
80626	0.371289
375008	0.299630
80818	0.212067
50492	0.210679
134292	0.820955
50894	0.711846
50895	0.328163
50953	0.498287
51272	0.240858
215979	0.185718
51541	0.346586
108673	0.266324
108692	0.297955
228113	0.159186
96029	0.382173
364377	0.383515
53578	0.194873
19381	0.258596
414527	0.180395
136107	0.302043
313050	0.487199
136145	0.298763
54109	0.216450
149665	0.598471
388892	0.333751
253131	0.336678
351970	0.237876
402733	0.328044
137140	0.455513
190553	0.342252
339826	0.249283
415625	0.772689
35481	0.276989
243303	0.444290
404173	0.414068
191822	0.342287
138878	0.926901
303390	0.486928
255275	0.372475
178553	0.309529
355343	0.307373
341948	0.682035
291855	0.495408
59266	0.372095
60085	0.244935
60210	0.176356
418501	0.429690
154177	0.195508
61023	0.202148
269101	0.501882
208779	0.385313
343591	0.454259
155350	0.289713
88918	0.658634
40279	0.548991
331247	0.693379
40392	0.314634
155840	0.485513
294027	0.343896
168245	0.794079
331600	0.258814
12235	0.492995
382814	0.806950
210613	0.295347
358325	0.348383
196874	0.222275
259102	0.661974
247895	0.593715
307479	0.526550
64242	0.615836
346075	0.348159

2013082818590000002	0.656277
2013082818590000002	201308281859	http://www.huffingtonpost.com/2013/08/28/twerk-justin-bieber-miley-cyrus_n_3830424.html?utm_hp_ref=celebrity&ir=Celebrity	` Twerk , ' Miley Cyrus , Justin Bieber And Lil Twist 's Track , Hits The Web
346723	0.423902
144528	0.209982
65165	0.565502
372762	0.323320
44394	0.172694
29025	0.326505
131612	0.112816
260716	0.372978
78406	0.177926
373115	0.369961
360636	0.474818
360723	0.516472
45418	0.327560
261349	0.407152
119203	0.549407
186583	0.438098
48684	0.340677
146989	0.563165
251132	0.680033
17245	0.420769
349571	0.326693
227057	0.430493
239750	0.301266
287143	0.324224
299301	0.653948
350112	0.403275
387476	0.595201
95701	0.572379
227913	0.869004
82182	0.277469
376462	0.428621
240937	0.646173
264657	0.506340
364828	0.540753
149424	0.329511
53850	0.537339
401633	0.580389
388828	0.695982
19698	0.567517
351949	0.241148
217740	0.159393
54741	0.795573
54809	0.359427
389276	0.405954
389413	0.640965
110483	0.600047
378011	0.448285
190655	0.385644
190684	0.254722
190713	0.226734
151461	0.223896
21354	0.235733
278723	0.302562
151654	0.463792
85358	0.322294
191687	1.052493
379114	0.568479
22025	0.643938
111873	0.261029
315308	0.344579
57832	0.382134
328556	0.682718
379544	0.474104
341428	0.682329
58464	0.388779
86695	0.432157
178875	0.469310
139299	0.265720
37182	0.410011
280225	0.867108
73372	0.769567
37489	0.411178
292143	0.378786
60624	0.416641
73866	0.202880
127036	0.602624
269101	0.633409
61458	0.635299
281438	0.573215
343540	0.670087
101944	0.706050
39715	0.202541
75028	0.692046
88918	0.656277
344020	0.294698
114998	0.577190
89433	0.618183
41158	0.351648
394046	0.494788
270699	0.575537
222651	0.427745
258572	0.471583
247264	0.658674
156694	0.539681
408827	0.459697
76431	0.313541
259073	0.596733
383297	0.597114
345598	0.848052
346075	0.456609

2013082822470000001	0.640520
2013082822470000001	201308282247	http://www.nydailynews.com/entertainment/music-arts/justin-bieber-miley-cyrus-song-twerk-leaks-article-1.1439719	Justin Bieber , Miley Cyrus ' song ` Twerk ' leaks - NY Daily News
359263	0.304620
77574	0.570592
91693	0.274461
144528	0.200080
347065	0.292606
260457	0.302319
144751	0.215475
44381	0.441934
78406	0.230505
373115	0.376967
1443	0.239585
373306	0.441316
105836	0.611257
397731	0.232760
361621	0.551032
15865	0.333573
66911	0.210194
186253	0.705628
172094	0.233385
107236	0.374775
80551	0.229411
107276	0.307678
49519	0.362564
386919	0.848303
215434	0.572361
187592	0.796825
51291	0.449811
387476	0.555111
51541	0.370201
174438	0.370853
96186	0.228718
69793	0.179325
364828	0.600348
175558	0.326018
388828	0.887589
388892	0.429244
203623	0.459591
54394	0.267243
54741	0.674597
389276	0.416370
253570	0.251845
55245	0.399767
176595	0.443705
190655	0.500580
339826	0.224364
254236	0.492266
378486	0.895642
111175	0.243201
124470	0.433230
35481	0.191248
21354	0.243065
403809	0.676232
35726	0.561897
290527	0.522690
99044	0.538554
191687	0.935811
152067	0.315390
379114	0.637199
111873	0.246739
206322	0.471887
125347	0.784825
57832	0.429118
57834	0.518701
125416	0.160772
192260	0.280164
112198	0.338118
303485	0.301467
86700	0.220004
207206	0.573128
139476	0.304648
37489	0.456383
368608	0.235414
342485	0.265984
316603	0.303212
329886	0.503887
316727	0.538069
316766	0.735946
268805	0.493072
268909	0.614628
269101	0.665113
24761	0.292667
281438	0.687886
194525	0.442987
88918	0.640520
195104	0.354590
270065	0.602006
195451	0.131662
370378	0.209257
40713	0.333305
26272	0.410001
222651	0.474829
247228	0.431090
182899	0.509760
142624	0.446557
383297	0.635666
196987	0.344158
157315	0.419565
13287	0.439316
346075	0.461032
64263	0.424741

2013082900010000007	0.625177
2013082900010000007	201308290001	http://examiner.com/article/miley-cyrus-and-justin-bieber-release-collaboration-called-twerk	Miley Cyrus and Justin Bieber release collaboration called ` Twerk ' - National Tabloid Headlines | Examiner.com
283741	0.456065
157870	0.488146
91370	0.435242
184258	0.588414
260457	0.374578
44512	0.258155
44861	0.565468
273058	0.262821
360626	0.173306
45410	0.603406
373306	0.384810
92694	0.288037
213365	0.311750
45992	0.200313
185484	0.260554
261349	0.525920
321614	0.226012
262117	0.451971
172094	0.331001
106400	0.159269
47683	0.221158
160066	0.391914
80499	0.345949
362888	0.733892
31826	0.445879
50126	0.222811
50731	0.673563
239816	0.255394
18197	0.195401
202577	0.493431
188849	0.474182
122232	0.497085
82646	0.402335
69793	0.208579
364828	0.803292
401559	0.308644
388828	1.076949
19793	0.528617
20089	0.363937
55164	0.345157
55245	0.656166
123516	0.479865
229834	0.374561
190655	0.316960
390250	0.506186
35481	0.288637
164593	0.247845
353930	0.936849
379114	0.586427
111873	0.287027
354284	0.211110
125347	0.478786
125416	0.153155
341299	0.393710
379544	0.611943
341543	0.682477
58704	0.643051
192800	0.283165
58980	0.483029
207206	0.507616
179112	0.416923
37489	0.610706
113006	0.808819
845786	1.283134
193326	0.296953
368608	0.386730
193558	0.309481
193595	0.328163
329886	0.336560
268805	0.809658
269101	0.574737
208720	0.445412
317369	0.212810
281438	0.659543
39372	0.245347
88849	0.539463
88918	0.625177
270234	0.181293
40918	0.285775
222343	0.501598
849510	0.857969
222359	0.338655
270454	0.258961
222651	0.635365
318718	0.464376
247228	0.708333
408827	0.594232
408900	0.630712
383297	0.616343
307344	0.291854
42460	0.270270
64164	0.354955
346075	0.447520

2013082222560000020	0.624199
2013082222560000020	201308222256	http://examiner.com/article/madonna-grins-a-gold-grill-italy-but-why	Madonna grins a gold grill in Italy , but why ? - National Women 's Style | Examiner.com
158022	0.292536
236844	0.526506
360132	0.361086
131612	0.156916
131677	0.317173
78431	0.432010
44929	0.218978
273229	0.424356
92694	0.321539
199528	1.157003
185619	0.750569
118855	0.341462
47585	0.480255
67399	0.468785
227057	0.583099
263306	0.457450
349628	0.377177
50731	0.886316
161246	0.792756
81604	0.489789
81804	0.616434
337422	0.650268
108673	0.317248
108697	0.308808
400525	0.601590
188782	0.785390
400887	0.432472
5344	0.453872
136107	0.357451
229216	0.593422
176903	0.327032
85042	0.775624
151639	1.015908
266771	0.507618
340569	0.327847
56978	0.640570
254640	0.560926
57162	0.486021
152099	0.393033
206194	0.401462
178133	0.719981
8321	0.539059
192260	0.314443
315943	0.733717
140365	0.477972
292856	0.593767
154641	0.343465
194783	0.341622
114535	0.648550
88918	0.624199
40392	0.324828
270234	0.244302
62565	0.443975
306406	0.497955
182390	0.677957
89734	0.444897
196874	0.278544

2013082821450000004	0.620326
2013082821450000004	201308282145	http://www.examiner.com/article/miley-cyrus-and-justin-bieber-team-up-for-a-song-titled-twerk?cid=rss	Miley Cyrus and Justin Bieber team up for a song titled ` Twerk ' - National Celebrity Headlines | Examiner.com
359263	0.249519
77451	0.337533
28209	0.923273
283928	0.333413
130752	0.287839
91693	0.330985
373115	0.472958
1443	0.226499
213107	0.667865
309950	0.360446
397843	0.287973
336126	0.669493
107351	0.176247
49924	0.506021
107632	0.265444
17462	0.510924
17684	0.407074
187745	0.545577
51291	0.507091
387476	0.448953
4777	0.571565
121824	0.329321
108745	0.373934
148612	0.300465
337911	0.532665
351194	0.797438
364828	0.608425
175333	0.292741
388828	0.960702
401738	0.418635
351999	0.312551
54741	0.618796
415024	0.280012
389276	0.467450
55245	0.565602
190655	0.489781
230066	0.647991
191687	0.857299
404263	0.440615
379114	0.733154
191822	0.269038
206129	0.448557
125347	0.701196
57800	0.205164
57832	0.350439
125416	0.133062
267547	0.339256
112198	0.268268
354692	0.353335
8558	0.323530
355172	0.579009
139476	0.349406
244565	0.459245
153368	0.287674
193084	0.533148
37489	0.462683
37620	0.416551
356145	0.356887
329886	0.356850
316727	0.700869
316766	0.749026
369047	0.405581
292734	0.467579
317051	0.403268
269101	0.643285
10268	0.570072
281438	0.543612
101885	0.614431
88849	0.513550
88918	0.620326
195104	0.419107
11271	0.201156
270234	0.196411
40918	0.309502
234624	0.367072
258286	0.524999
306406	0.424888
75825	0.298414
222651	0.481300
394195	0.752764
332295	0.648105
156789	0.461563
116023	0.425327
383297	0.563717
197046	0.315661
346075	0.524343

2013082916100000015	0.619933
2013082916100000015	201308291610	http://examiner.com/article/rumor-is-selena-gomez-dating-union-j-s-george-shelley	Rumor : Is Selena Gomez dating Union J 's George Shelley ? - National Demi Lovato | Examiner.com
170025	0.628652
91693	0.432630
333892	0.243253
347065	0.429228
198684	0.356200
29100	0.359151
44746	0.390081
45240	0.283394
309302	0.794243
397340	0.198862
132640	0.254951
172094	0.309125
47763	0.389656
250473	0.340756
107351	0.217806
107639	0.236563
215979	0.253384
251975	0.625503
413351	0.743135
202208	0.668503
135053	0.611556
53578	0.248026
338581	0.498924
6596	0.344028
266136	0.370817
190583	0.514170
152299	0.274447
125416	0.166151
99650	0.253105
354730	0.434371
86605	0.416343
405075	0.464113
23001	0.230056
58876	0.481774
329780	0.442428
392260	0.296675
167001	0.328226
61023	0.318602
269101	0.642041
61350	0.664669
39309	0.381642
39902	0.662701
88918	0.619933
305867	0.201800
12066	0.390463
358319	0.608153
408827	0.996644
63445	0.342416
76493	0.601154
90606	0.724700
157377	0.607202
346075	0.705793

2013082818020000004	0.619550
2013082818020000004	201308281802	http://www.foxnews.com/entertainment/2013/08/28/break-time-pippi-longstocking-star-admits-has-sex-tape/	Break Time : ` Pippi Longstocking ' star admits she has a sex tape | Fox News
183906	0.468174
346415	0.591495
346460	1.078036
130886	0.574492
236636	0.433535
78004	0.849638
144751	0.363122
212792	1.211788
385178	0.623780
92827	0.603800
297527	0.529128
238081	0.303344
185937	0.403675
397701	0.433425
146138	0.488187
146254	0.724923
298466	0.828295
299360	0.310396
311551	1.077837
227485	0.584642
108232	0.783567
375879	0.460265
95803	0.219446
300040	0.387229
52650	0.436091
52652	0.406747
351337	0.568828
175536	0.959328
217362	0.788933
388828	0.720567
122960	0.302936
190713	0.329297
71339	0.956592
85150	0.855415
151694	0.526542
290527	0.635717
72194	0.488047
379114	0.519368
354284	0.259145
57800	0.231611
125416	0.145258
178342	0.685921
58561	0.211367
73243	0.732731
245130	0.610415
329886	0.595373
127097	0.999765
269101	0.641439
140801	0.520170
194313	0.329992
140993	0.475398
194678	0.232268
343544	0.813624
269664	0.246584
343722	0.581574
88918	0.619550
182246	0.279042
357943	1.098573
102996	0.586568
420779	0.378249
283285	0.222458
345855	0.559263
77161	0.736524
346075	0.447237
64263	0.574778

2013082421070000001	0.613146
2013082421070000001	201308242107	http://www.npr.org/2013/08/24/215193376/hacker-artists-mantra-fun-makes-the-politics-go-down?ft=1&f=1001	Hacker-Artist 's Mantra : ` Fun Makes the Politics Go Down ' : NPR
236064	0.568369
395485	0.645482
283879	0.499698
91424	0.362531
13917	0.539263
333678	0.425363
396193	0.372543
260493	0.531599
410373	0.465978
14600	0.439543
92253	0.477668
45992	0.303790
119015	0.609649
348326	0.794394
214110	0.393787
106360	0.346927
106478	0.290499
120655	0.284829
215972	0.185550
18188	0.894642
188793	1.248037
325148	0.307139
135733	0.613619
252901	0.492929
377090	0.404426
122960	0.336735
339513	0.831229
415517	0.982734
151461	0.320640
151748	0.444985
21736	0.472202
230805	0.357677
315086	1.049707
206022	0.471436
379402	0.443477
178854	0.362633
112600	0.576087
280153	0.485941
153368	0.385039
207459	0.342088
37506	0.916397
220661	0.697405
60442	0.200306
127025	0.934464
221055	0.278163
269101	0.635539
233298	0.873440
140759	0.340383
357050	0.351723
88918	0.613146
234863	0.314899
26760	0.352344
142838	0.974942
196987	0.457733
63869	0.444241
346075	0.442119

2013082723230000005	0.609323
2013082723230000005	201308272323	http://www.mercurynews.com/athletics/ci_23958036/awkward-slide-turns-nate-freiman-into-internet-sensation?source=rss	Awkward slide turns A 's Nate Freiman into internet sensation - San Jose Mercury News
42679	0.722389
64302	0.467393
183984	0.415421
212361	0.442615
333892	0.220406
44286	0.452846
144750	0.310499
14444	0.230541
131804	0.814680
78594	0.309388
131897	0.547258
261064	0.373213
45486	0.328144
199489	0.443335
297660	0.321591
79309	0.502777
238025	0.570871
171878	0.398624
172094	0.326109
226002	0.401898
106491	0.270875
133421	0.328747
362910	0.551377
215183	0.420983
49825	0.288506
107639	0.228267
215692	0.548271
51029	0.468602
227485	0.691956
4334	0.666448
148442	0.449985
69216	0.713558
108750	0.293422
338559	0.270904
98638	1.018644
124630	0.994889
366907	0.319196
230659	0.537278
164703	0.670592
72403	0.520473
178108	0.520024
178349	0.413804
58561	0.222470
406434	0.415629
418736	0.975658
74091	0.654070
256745	0.784692
269101	0.632142
406897	0.413785
180655	0.395952
407133	0.565767
233588	0.733736
88918	0.609323
102455	0.292457
222269	0.513386
102500	0.390537
62581	1.552314
371015	0.346952
358575	0.196499
63869	0.450827
346075	0.438973

2013082119400000002	0.608650
2013082119400000002	201308211940	http://www.latimes.com/entertainment/la-et-mg-david-cassidy-arrested-dui-dwi-new-york-20130821,0,5654173.story?track=rss	David Cassidy arrested on suspicion of drunk driving in New York - latimes.com
143990	0.953944
395923	0.636762
260155	0.278970
91693	0.381830
170527	0.835368
144751	0.235766
105068	0.434809
65468	0.584063
261064	0.349693
199181	0.691929
213121	0.362553
47825	0.801874
411802	0.553194
49040	0.596669
412299	0.609828
120367	0.218752
399072	0.351487
187481	0.384789
412830	0.281631
81830	0.929804
337422	0.611916
324938	1.049495
69793	0.232123
122960	0.286521
97213	0.520111
338907	0.451623
217803	0.382255
84080	0.568482
123510	1.008387
123589	0.318429
190553	0.440485
190713	0.488099
164469	0.408325
327736	0.863057
290635	0.549606
354066	0.200737
36073	0.287480
152186	0.474808
125214	0.541679
125416	0.169010
86339	0.365098
303963	0.260047
59048	0.436793
207465	0.272239
126802	0.325225
60363	0.652221
154177	0.186656
269101	0.631469
88918	0.608650
62029	1.027528
40374	0.508478
11340	0.298810
407857	0.690268
331534	0.301554
394030	0.333150
89588	0.283477
258340	0.714029
258519	0.620388
210779	0.861570
247458	0.793422
358575	0.224222
409164	0.789036
395280	0.312901
346075	0.438471

2013082312400000011	0.606660
2013082312400000011	201308231240	http://www.usatoday.com/story/life/2013/08/23/twitter-trend-betterbatmanthanbenaffleck-ideas/2690929/	Twitter offers #BetterBatmanThanBenAffleck ideas
42786	0.711906
43009	0.416901
131055	0.629241
360046	0.838991
144751	0.264215
117916	0.613475
14444	0.266378
373000	0.888013
45295	0.736740
172486	0.285820
214846	1.325350
133936	0.414579
337076	0.931204
188648	0.438432
121956	0.623809
240730	0.497274
69671	0.650968
135809	0.443254
253131	0.424139
136412	0.904818
326040	0.570821
338936	0.904610
176539	0.431174
266136	0.366924
190583	0.474984
242771	0.882974
72187	0.372017
72453	0.518529
355021	0.868935
178854	0.394879
231815	0.624917
23001	0.229591
207437	0.997621
342390	0.404289
342521	0.489522
329824	0.540926
74120	0.290144
269101	0.627554
61548	0.790062
810473	1.799348
141156	0.910614
39504	0.513478
39717	0.531735
88918	0.606660
11270	0.404932
195451	0.187198
282807	0.645798
295823	0.540833
346075	0.438303

2013082916580000002	0.604654
2013082916580000002	201308291658	http://www.usatoday.com/story/life/music/2013/08/29/10-songs-that-could-be-easily-adapted-to-the-twerk-craze/2727169/	10 songs that could be adapted to the twerk craze
43009	0.483097
130869	0.447129
14444	0.209334
249258	0.549888
360626	0.229825
65714	0.632029
249828	1.215392
172094	0.251132
80523	0.311379
80551	0.307251
275620	0.618921
188644	0.426839
364828	0.739851
388828	1.357082
389064	0.641849
136610	0.485595
55245	0.728829
190655	0.569705
190684	0.349913
415852	0.781459
378486	1.221876
278913	1.106228
99265	0.882445
379114	0.650192
111873	0.367888
125347	0.691845
57832	0.440897
112198	0.355679
391218	0.307506
219920	0.356153
152747	0.599848
23001	0.191325
179091	0.506867
207206	0.602736
477670	1.050234
153368	0.346672
37489	0.563559
193399	0.582264
60210	0.215636
329886	0.490953
269101	0.626953
281143	0.497177
281438	0.719969
141018	0.348557
88918	0.604654
270065	0.997536
40622	0.362542
270259	0.768865
89675	0.348759
222651	0.585753
383160	1.374815
383297	0.681786
211346	0.343188
64037	0.347026
346075	0.435847

2013082301150000003	0.580566
2013082301150000003	201308230115	http://www.examiner.com/review/henry-lau-releases-cutesy-single-1-4-3?cid=rss	Henry Lau releases cutesy single ' 1-4-3 ' - National Korean Pop Music | Examiner.com
283789	0.734491
346250	0.903486
197938	0.478689
236844	0.633377
260457	0.445533
45240	0.384312
92694	0.372672
46523	0.455920
185937	0.446373
172094	0.356017
322380	0.488515
106752	0.893443
67807	0.450507
107845	0.378523
287143	0.447419
4281	0.253760
215972	0.197936
51541	0.530601
54111	1.309303
326040	0.658591
277921	0.644406
190655	0.605808
302303	0.632161
21354	0.439975
327781	0.556569
177792	0.506522
354191	0.383820
152149	0.686693
111873	0.363048
303150	0.367943
379402	0.393999
192292	0.449277
112198	0.294622
255460	0.222756
207211	0.418092
139476	0.380980
153368	0.431684
126382	0.357818
329824	0.433208
329886	0.480814
342871	0.632047
269101	0.601588
39309	0.327994
114569	0.391078
88918	0.580566
40003	0.448048
40283	0.336223
11318	0.766695
344305	0.454360
382369	0.749260
75608	0.572042
12068	0.514041
332037	0.703671
247814	0.605824
157179	0.496899
346075	0.418750

2013082510070000010	0.580560
2013082510070000010	201308251007	http://www.npr.org/blogs/alltechconsidered/2013/08/24/215193376/hacker-artists-mantra-fun-makes-the-politics-go-down?ft=1&f=1001	Hacker-Artist 's Mantra : ` Fun Makes the Politics Go Down ' : All Tech Considered : NPR
236064	0.537671
339513	0.779732
395485	0.617150
204645	0.345155
283879	0.470924
415517	0.932758
91424	0.341391
13917	0.510695
333678	0.401027
333686	0.518846
396193	0.365691
151461	0.305825
260493	0.519662
410373	0.470879
151748	0.430078
14600	0.415077
21736	0.458446
230805	0.336693
92253	0.458841
315086	0.996831
206022	0.456800
416870	0.439729
379402	0.416417
45992	0.287917
119015	0.586907
219920	0.303881
178854	0.341231
348326	0.745699
112600	0.570597
214110	0.372027
106360	0.336163
280153	0.461701
106478	0.276915
153368	0.360953
207459	0.337439
37506	0.869360
220661	0.659153
60210	0.196122
60442	0.193758
127025	0.887293
221055	0.268409
269101	0.602044
233298	0.831657
120655	0.273221
140759	0.324846
357050	0.331341
215972	0.178495
18188	0.848305
88918	0.580560
188793	1.194459
325148	0.302956
234863	0.309808
135733	0.575984
33631	0.416627
26760	0.333164
69907	0.316447
252901	0.474902
377090	0.387680
142838	0.932739
122960	0.320450
196987	0.429516
63869	0.430039
346075	0.418429

2013082920090000003	0.557963
2013082920090000003	201308292009	http://www.thetimes.co.uk/tto/business/economics/article3855566.ece	Daters ca n't buy love , but they can boost the economy by ? 3.6 bn | The Times
271849	0.363814
307937	0.448743
384063	0.649758
91583	0.577487
655596	0.517717
1164	0.333575
44929	0.155747
334345	0.326206
360626	0.193299
45240	0.242150
132251	0.395869
105695	0.324480
261349	0.559540
361275	0.825790
397340	0.195438
47812	0.314194
48356	0.336308
107276	0.311577
94528	0.223546
201406	0.360151
3780	0.574523
50387	0.164944
251615	0.329185
400178	0.218737
4835	0.575766
400448	0.405713
228113	0.180628
122329	0.484191
351453	0.730294
301473	0.852717
389314	0.904211
242532	0.574985
390046	0.300613
415944	0.505946
205635	0.501485
85358	0.456818
191555	0.459823
85738	0.378176
404279	0.537384
404394	0.353410
57846	0.445272
379544	0.650913
58561	0.203871
355192	0.506880
179144	0.422564
153474	0.387491
9384	0.206278
405995	0.482464
392021	0.415901
355972	0.378510
329780	0.292874
60499	0.360111
316735	0.371756
73866	0.308150
24355	0.172451
269101	0.578913
101346	0.430588
208779	0.434422
39060	0.332263
343495	0.304695
343744	0.208242
39715	0.274913
88918	0.557963
11271	0.194200
270234	0.202817
331534	0.274235
246925	0.416780
394454	0.262125
408827	0.632364
282969	0.494514
283352	0.794679
235751	0.513574
116683	0.447842
197429	0.265453
13392	0.214322
346075	0.401935

2013082616280000021	0.555964
2013082616280000021	201308261628	http://examiner.com/article/taylor-swift-disses-harry-styles-drops-f-bomb-at-mtv-vmas	Taylor Swift disses Harry Styles , drops F-bomb at MTV VMAs - National Celebrity Obsession | Examiner.com
359263	0.330826
77451	0.391556
170025	0.467538
333889	0.424754
14444	0.248405
260716	0.774366
44929	0.161125
65706	0.424605
29443	1.036889
261349	0.590914
47000	0.660505
322153	0.519242
361700	0.468766
186253	0.914205
335408	0.497187
172486	0.236278
322776	0.416452
107400	0.417580
362888	0.796339
412599	0.675917
201406	0.331899
51291	0.588204
337410	0.689163
324768	0.429128
33771	0.455154
277199	0.423615
338581	0.432321
84010	0.404381
136958	0.669581
378011	0.619653
204630	0.235170
190655	0.506528
353325	0.273596
85358	0.588083
57127	0.832073
125347	0.597433
125416	0.154118
86195	0.476914
379544	0.687327
255460	0.257931
391358	0.320076
58980	0.717308
355353	0.355737
192997	0.614241
207709	0.357184
329780	0.307720
24272	0.487394
269101	0.576542
38841	0.365654
39309	0.330435
155402	0.451575
88918	0.555964
11271	0.199293
234283	0.472648
195443	0.442890
168567	0.916739
306406	0.526194
370854	0.737259
142285	0.430200
332170	0.322919
116023	0.384180
408827	0.817532
196874	0.292684
247772	0.439445
197046	0.393489
211144	0.712768
395241	0.637329
346075	0.400699

2013082623270000004	0.551697
2013082623270000004	201308262327	http://www.latimes.com/entertainment/la-et-mg-lady-gaga-booed-one-direction-mtv-vma-20130826,0,2459038.story?track=rss	VMA boos : Lady Gaga 's were fake , One Direction 's were real - latimes.com
13917	0.406067
91693	0.363237
260457	0.405181
237016	0.741057
158881	0.572200
297129	0.736114
92487	0.331265
45992	0.269053
145957	0.698706
15790	0.752214
309950	0.430818
172094	0.329610
106491	0.218071
17065	0.653522
17462	0.570741
173658	0.456893
134405	0.442126
18029	0.395157
95701	0.610195
299905	0.698551
69106	0.404111
300057	0.601008
202577	0.637160
69293	0.669587
376462	0.601352
351194	0.889777
149208	0.751365
217382	0.299442
401633	0.617489
338581	0.394255
388892	0.365655
122960	0.288862
253131	0.376677
55245	0.748358
313645	0.194500
84010	0.349372
84695	0.559868
353086	0.624989
72187	0.334172
354066	0.181910
86097	1.171241
125416	0.133998
112198	0.255796
22772	0.423510
391358	0.292273
58980	0.684471
100257	0.599292
368608	0.468663
268664	0.923846
380777	0.549720
60624	0.445051
268805	0.876608
245560	0.719687
269101	0.572201
10268	0.636451
38841	0.332505
39294	1.000355
39309	0.316782
25171	0.545189
167688	0.726018
88918	0.551697
168291	0.996379
270720	1.096757
371015	0.353276
247228	0.764780
156789	0.547558
371762	0.491414
197429	0.271188
346075	0.397566

2013082519530000007	0.550715
2013082519530000007	201308251953	http://www.examiner.com/article/ariana-grande-boyfriend-rumors-nathan-sykes-coy-over-dating-buzz?cid=rss	Ariana Grande boyfriend rumors : Nathan Sykes coy over dating buzz - National Celebrity Obsession | Examiner.com
170025	0.825912
43446	0.390080
333892	0.224090
144751	0.303241
44746	0.418698
65706	0.483082
45240	0.329432
92694	0.264348
45992	0.288366
145972	1.082359
361621	0.818307
106427	0.512018
250463	0.383018
336126	0.808662
107236	0.519980
107351	0.220504
227451	0.892809
51291	0.555046
202208	0.644459
337280	0.947353
387789	0.344048
400546	1.357115
188546	0.466359
69493	1.419122
175333	0.323452
388892	0.365019
253131	0.474028
54390	0.282216
175992	1.036003
55612	0.319365
266136	0.380176
190655	0.453077
205534	0.387181
328040	0.504850
36102	0.563956
125416	0.167331
86195	0.488596
112198	0.310886
86431	0.541130
58464	0.450181
255460	0.230813
153077	0.582447
329780	0.464051
60624	0.570397
113689	1.054038
208426	0.754159
61023	0.223414
269101	0.570361
343591	0.518859
88918	0.550715
419709	1.333103
168387	0.617180
75825	0.301668
282907	0.245892
63522	0.346562
346075	0.397420

2013082913190000001	0.550469
2013082913190000001	201308291319	http://photoblog.nbcnews.com/_news/2013/08/29/20243076-pope-francis-poses-for-a-selfie-at-the-vatican	Pope Francis poses for a ` selfie ' at the Vatican - PhotoBlog
158022	0.328242
296589	0.298646
131211	0.416239
333889	0.430468
144751	0.222775
184920	0.956161
44929	0.199332
396703	0.617783
65630	0.539118
360626	0.242192
45240	0.264938
132008	0.434309
199528	0.647354
201087	0.449798
120367	0.207052
227057	0.521045
50731	0.765464
81805	0.473194
108875	0.758596
69793	0.281565
203213	0.376358
253131	0.358034
54593	0.565190
217730	0.645178
217821	0.878515
189916	0.518662
34410	1.208206
20128	0.422921
242171	0.670623
313645	0.210125
55499	0.889422
218211	0.449824
6596	0.262162
176903	0.309140
389877	0.564618
230058	0.847118
85147	0.507528
303021	0.699467
178018	0.953542
354680	0.459141
22625	0.733183
192506	0.457414
154278	0.973309
208409	0.819013
269101	0.570228
369932	0.677523
88918	0.550469
40918	0.351044
102693	0.563507
501653	1.192995
210727	0.522608
76501	0.527400
421387	0.383676
346075	0.397160

2013082803430000006	0.544371
2013082803430000006	201308280343	http://www.syracuse.com/entertainment/index.ssf/2013/08/review_austin_mahone_nys_fair.html	Review : Thousands of shrieking fans help out Austin Mahone at Chevy Court Tuesday | syracuse.com
320230	0.374337
13917	0.283266
28510	0.261179
170350	0.480935
91693	0.280464
333911	0.353556
260457	0.262077
44394	0.166538
14444	0.224645
131772	0.267750
65630	0.382487
410693	0.406927
45240	0.241891
118399	0.252143
92694	0.248488
273398	0.398760
45992	0.257296
321614	0.211607
397344	0.478727
132575	0.546852
238087	0.411760
397731	0.247544
30525	0.368379
172094	0.227605
106401	0.182603
386436	0.511173
49044	0.216850
49048	0.359217
251078	0.256240
17016	0.275930
362910	0.367633
323526	0.755855
120655	0.190739
50387	0.133113
4281	0.180198
51272	0.193362
215972	0.163731
51541	0.293696
363974	0.415667
69793	0.175224
53391	0.272951
175333	0.239278
175334	0.218994
338559	0.156811
338808	0.216934
326207	0.403411
55245	0.403444
55476	0.577829
84383	0.546419
190655	0.431588
648836	0.978646
340217	0.210473
21354	0.230797
314715	0.335715
151694	0.505986
366925	0.220952
99088	1.111256
328016	0.475272
206235	0.307707
57832	0.289251
477392	0.929092
112198	0.234997
192487	0.384248
86708	0.778108
267941	0.502681
139468	0.336710
9384	0.139213
368608	0.237828
73690	0.315487
406216	0.485855
329886	0.442168
60603	0.264615
368905	0.335277
269101	0.399522
154641	0.265418
330337	0.491275
39060	0.256845
141097	0.280462
39309	0.227732
39386	0.264630
181398	0.502819
39902	0.421473
88918	0.544371
75193	0.340195
222094	0.598790
128585	0.289993
115177	0.494861
331534	0.199042
129025	0.235404
41465	0.460603
282658	0.554722
247228	0.435732
358325	0.308229
156789	0.410978
247518	0.277195
247772	0.332757
421107	0.357475
197026	0.252269
76723	0.318400
346075	0.276879

2013082614280000005	0.543530
2013082614280000005	201308261428	http://sg.news.yahoo.com/one-direction-tops-global-social-media-chart-starcount-112816503.html	One Direction tops global social media chart : Starcount - Yahoo ! News Singapore
169915	0.768515
130752	0.323486
533	0.349308
28510	0.459860
91693	0.385884
260457	0.336566
131612	0.213124
260716	0.483928
145567	0.273168
46523	0.422723
172094	0.333354
200252	0.337421
172486	0.210161
251078	0.301089
17245	0.486231
50126	0.271038
201406	0.285952
120655	0.331638
227057	0.462215
17934	0.373710
399904	0.672233
95701	0.673722
95740	0.463999
95803	0.173693
264745	1.028159
69793	0.263695
53391	0.432771
69907	0.321394
217382	0.313771
33890	0.451623
401633	0.682958
338581	0.382258
253131	0.452651
55245	0.506410
313645	0.301378
242508	0.461668
378011	0.580713
204666	0.319033
137792	0.465759
111175	0.314528
21354	0.381695
151694	0.573784
85358	0.418824
125347	0.694633
112198	0.264560
58322	0.493491
139298	0.245397
355346	0.263387
37182	0.474191
316170	1.189375
9384	0.252088
368608	0.327308
329645	0.768212
73671	0.290168
60442	0.190624
60624	0.490547
154329	0.557950
24355	0.253846
269101	0.563765
38841	0.398820
330753	0.357815
39309	0.293083
10812	0.465185
88918	0.543530
270454	0.323560
89592	0.544692
408283	0.945253
222813	0.228536
247228	0.508801
156694	0.623119
259440	0.445130
64164	0.430926
346075	0.391657

2013082615280000006	0.543530
2013082615280000006	201308261528	http://news.yahoo.com/one-direction-tops-global-social-media-chart-starcount-112816937.html	One Direction tops global social media chart : Starcount - Yahoo ! News
169915	0.768515
130752	0.323486
533	0.349308
28510	0.459860
91693	0.385884
260457	0.336566
131612	0.213124
260716	0.483928
145567	0.273168
46523	0.422723
172094	0.333354
200252	0.337421
172486	0.210161
251078	0.301089
17245	0.486231
50126	0.271038
201406	0.285952
120655	0.331638
227057	0.462215
17934	0.373710
399904	0.672233
95701	0.673722
95740	0.463999
95803	0.173693
264745	1.028159
69793	0.263695
53391	0.432771
69907	0.321394
217382	0.313771
33890	0.451623
401633	0.682958
338581	0.382258
253131	0.452651
55245	0.506410
313645	0.301378
242508	0.461668
378011	0.580713
204666	0.319033
137792	0.465759
111175	0.314528
21354	0.381695
151694	0.573784
85358	0.418824
125347	0.694633
112198	0.264560
58322	0.493491
139298	0.245397
355346	0.263387
37182	0.474191
316170	1.189375
9384	0.252088
368608	0.327308
329645	0.768212
73671	0.290168
60442	0.190624
60624	0.490547
154329	0.557950
24355	0.253846
269101	0.563765
38841	0.398820
330753	0.357815
39309	0.293083
10812	0.465185
88918	0.543530
270454	0.323560
89592	0.544692
408283	0.945253
222813	0.228536
247228	0.508801
156694	0.623119
259440	0.445130
64164	0.430926
346075	0.391657

2013082206400000002	0.541706
2013082206400000002	201308220640	http://www.baltimoresun.com/entertainment/la-et-mg-david-cassidy-arrested-dui-dwi-new-york-20130821,0,379071.story?track=rss	David Cassidy arrested on suspicion of drunk driving in New York - baltimoresun.com
130427	0.805297
143990	0.846992
395923	0.564519
260155	0.276136
91693	0.465603
882	0.594311
170527	0.740213
144751	0.236430
105068	0.433308
65468	0.591257
261064	0.350891
199181	0.694778
213121	0.364930
385157	0.363079
411802	0.490929
49040	0.742620
49194	0.380151
412299	0.615210
49397	0.587653
120367	0.220597
399072	0.353664
187481	0.389130
412830	0.285824
81830	0.825962
337422	0.616378
324938	1.055738
122960	0.283813
97213	0.461337
217803	0.386898
84080	0.574417
123510	1.010910
123589	0.314977
190553	0.390107
326895	0.705245
190713	0.462025
164469	0.413833
327736	0.877167
290635	0.556473
354066	0.214201
36073	0.283991
152186	0.477752
125214	0.543730
125416	0.165765
303963	0.261987
59048	0.432206
207465	0.274365
329802	0.524145
60363	0.657222
100858	0.515288
154177	0.189897
269101	0.561752
39745	0.566392
88918	0.541706
62029	0.915767
11340	0.299843
407857	0.614912
331534	0.268135
394030	0.339105
89588	0.220592
258340	0.724321
258519	0.690538
210779	0.863191
247458	0.800447
358575	0.224713
409164	0.665768
395280	0.278091
346075	0.390425

2013082717430000011	0.536721
2013082717430000011	201308271743	http://newsday.com/entertainment/celebrities/selena-gomez-reprimands-reporter-for-asking-about-rumored-taylor-swift-f-bomb-at-vmas-1.5965229	Selena Gomez reprimands reporter for asking about rumored Taylor Swift f-bomb at VMAs
170025	0.510662
77701	0.520520
320240	0.930603
333889	0.369288
144528	0.401162
308626	0.509649
260716	0.714806
284732	0.309904
260771	1.005136
360626	0.211746
15108	0.376175
92821	0.798541
261349	0.896985
132640	0.246385
225709	0.552286
298316	0.264074
49044	0.445782
133695	0.333319
201406	0.377480
50804	0.725328
215839	0.510106
51520	0.440836
364796	0.567075
402186	0.553085
242238	0.779417
378011	0.755578
55982	0.501039
85358	0.562640
206019	0.420755
138648	1.203361
125347	0.619228
125416	0.161683
379544	0.952903
291300	0.430466
417327	0.663957
354921	0.305068
73866	0.259173
269101	0.555897
140644	0.815059
74899	0.854060
88918	0.536721
40115	0.393123
89112	0.652063
370378	0.350117
40826	0.728917
182153	0.581287
182333	0.903425
408827	0.929757
27570	0.635636
283612	0.489694
346075	0.387303

2013082502390000003	0.532291
2013082502390000003	201308250239	http://www.examiner.com/article/marian-rivera-joins-justin-bieber-the-world-s-most-hated-people-list?cid=rss	Marian Rivera joins Justin Bieber in the ` World 's Most Hated People List ' - National Filipino Celebrity | Examiner.com
313778	0.838726
339771	0.261676
176903	0.311105
190925	0.388108
722	0.842720
91718	0.821640
396307	0.398103
378647	0.668046
14444	0.221705
124704	0.280890
297012	0.710713
354066	0.258303
191765	0.233209
199393	0.496516
45992	0.284320
125416	0.144801
279538	0.769084
255275	0.563478
72816	0.295542
238077	0.954124
185927	0.295417
322153	0.397187
23001	0.184503
153191	0.368527
106401	0.233675
348556	0.311646
342390	0.348682
48838	0.688708
214799	0.911149
126802	0.315225
60442	0.199349
329863	0.714781
60603	0.375061
200971	0.396891
374905	0.256526
24355	0.219549
269101	0.552122
61140	0.322938
208780	0.261158
187481	0.378577
95101	1.090579
74775	0.715577
4281	0.243827
81604	0.390266
108292	0.497160
88918	0.532291
299844	0.264960
40115	0.213024
387822	0.496551
174437	0.324991
337483	0.473921
11340	0.272265
312073	0.280616
102419	0.534417
195451	0.166156
108854	0.685991
40918	0.347358
258286	0.557101
394030	0.319957
420286	0.658870
371015	0.370309
69882	0.568116
162688	0.237981
358299	0.456274
338559	0.230110
129629	0.390172
76486	0.778898
196884	0.396007
247772	0.358419
247779	0.305470
90509	0.373120
217740	0.193802
64037	0.286439
346075	0.383549

2013082511070000007	0.531693
2013082511070000007	201308251107	http://www.npr.org/blogs/alltechconsidered/2013/08/25/215193376/hacker-artists-mantra-fun-makes-the-politics-go-down?ft=1&f=1001	Hacker-Artist 's Mantra : ` Fun Makes The Politics Go Down ' : All Tech Considered : NPR
236064	0.492125
339513	0.735869
395485	0.568690
204645	0.321202
283879	0.429985
415517	0.855563
91424	0.323741
13917	0.591166
415793	0.314501
170352	0.613123
333678	0.366258
333686	0.483112
396193	0.337109
151461	0.281383
260493	0.540086
410373	0.431243
151748	0.398959
14600	0.379491
21736	0.566210
230805	0.319137
92253	0.424042
315086	0.914629
206022	0.426146
416870	0.408763
379402	0.393483
45992	0.263841
119015	0.828588
219920	0.283449
178854	0.323290
348326	0.806257
112600	0.519651
214110	0.340225
106360	0.309072
280153	0.423766
106478	0.254691
153368	0.340373
207459	0.315899
37506	0.797159
220661	0.602974
60210	0.182411
60442	0.179829
127025	0.935061
221055	0.380186
269101	0.551533
233298	0.764366
120655	0.252282
140759	0.298995
357050	0.302460
215972	0.251727
18188	0.777609
39715	0.270407
88918	0.531693
40713	0.315002
188793	1.235454
325148	0.277795
234863	0.418089
135733	0.544033
33631	0.386878
26760	0.304855
69907	0.294822
252901	0.671188
358299	0.509978
377090	0.357818
142838	0.859837
122960	0.294419
196987	0.405521
63869	0.400958
346075	0.383096

2013082507000000048	0.528493
2013082507000000048	201308250700	http://feeds.nydailynews.com/~r/nydnrss/entertainment/~3/0APa0lmLGCs/story01.htm	Selena Gomez has traveled far from ` Wizards of Waverly Place ' to the turbocharged thriller ` Getaway ' - NY Daily News
183870	0.686706
77451	0.291699
43194	0.249558
91405	0.302235
43446	0.309283
360123	0.441551
144751	0.264907
198684	0.236458
14502	0.308543
131672	0.536727
78406	0.169294
44929	0.127329
185019	0.262261
360626	0.184817
45240	0.187280
65788	0.254124
373244	0.245710
213285	0.222717
92694	0.252062
261349	0.830048
285315	0.574128
145822	0.292645
66401	0.328933
47269	0.299947
146261	0.523364
30682	0.476725
67040	0.555681
106478	0.257034
362486	0.341520
3550	0.349974
386790	0.319715
412698	0.734490
299120	0.603053
215972	0.173480
174170	0.321594
95803	0.142498
82040	0.372472
108673	0.199673
300042	0.762452
300057	0.415670
108802	0.578674
188648	0.273425
400887	0.251746
109325	0.242021
69724	0.390682
149424	0.411180
33890	0.354361
377099	0.291499
136333	0.224254
204032	0.458728
289407	0.332462
339695	0.223392
353325	0.190837
353376	0.263310
416004	0.793923
7444	0.197017
151461	0.247620
205568	0.185107
138199	0.255917
72187	0.251641
99464	0.631028
178214	0.499848
86195	0.265685
379544	0.747104
354692	0.287451
86413	0.257774
255460	0.184121
267834	0.706981
23001	0.149578
207918	0.371211
329780	0.210540
60400	0.244743
61023	0.186271
269101	0.506487
39309	0.218207
39372	0.229651
194861	0.452301
39715	0.192797
88918	0.528493
40049	0.211711
11271	0.153995
40448	0.253273
344136	0.229319
40507	0.279715
128605	0.390372
26235	0.255846
318488	0.522290
89547	0.541546
75825	0.222001
234812	0.257807
370759	0.359092
357905	0.205313
358325	0.321709
169058	0.352437
408827	0.724395
332414	0.618043
196987	0.286148
395054	0.626804
223605	0.433490
346075	0.351065

2013082823240000005	0.527014
2013082823240000005	201308282324	http://feeds.nbcnews.com/c/35197/f/663376/s/308472fd/sc/38/l/0L0Stoday0N0Cpets0Cme0Ewow0Ecolonel0Emeow0Esets0Erecord0Eworlds0Elongest0Efur0E8C110A22223/story01.htm	Me-wow ! Colonel Meow sets record for world 's longest fur - TODAY.com
346732	0.398216
28510	0.321059
333947	0.463465
272742	0.407044
237231	0.339824
118513	0.790801
45992	0.232416
46174	0.281396
334812	0.992547
105836	0.634773
66484	0.394278
186004	0.362592
47188	0.953588
262024	0.313489
172094	0.291472
2839	0.641588
119590	0.560328
398560	0.477372
3550	0.423778
227485	0.489401
95701	0.512816
4720	0.507088
188316	0.218267
401633	0.519839
253131	0.347451
54389	0.314308
217740	0.179063
313645	0.229759
352484	0.566941
365867	0.986985
55612	0.259288
176595	0.492599
6860	1.208303
266260	0.773711
366403	0.348180
20901	0.302590
71502	0.423932
390218	0.188686
111175	0.328439
366925	0.313445
8693	0.371710
58336	0.268561
152669	0.288059
58461	0.319775
219920	0.370503
86700	0.261469
22764	0.509580
231862	0.614577
112563	0.387463
267980	0.714908
37186	0.338472
405899	0.970026
392260	0.364542
60624	0.373394
418736	0.690688
24355	0.273611
269101	0.547061
180649	0.317773
317566	0.684961
194783	0.314131
114503	0.957106
39717	0.714015
167848	0.728421
88918	0.527014
40143	0.442583
11271	0.200735
195451	0.168530
247281	0.365764
259084	0.796647
116421	0.530946
63869	0.318569
116674	0.948090
64242	0.471436
346075	0.379462

2013082506000000013	0.525609
2013082506000000013	201308250600	http://www.nydailynews.com/entertainment/tv-movies/selena-gomez-long-road-getaway-article-1.1433967	Selena Gomez has traveled far from ` Wizards of Waverly Place ' to the turbocharged thriller ` Getaway ' - NY Daily News
183870	0.680669
77451	0.288835
43194	0.250754
91405	0.299026
43446	0.305927
360123	0.438593
144751	0.263009
198684	0.236075
14502	0.305566
131672	0.531624
78406	0.167599
44929	0.125822
185019	0.259956
360626	0.184174
45240	0.186543
65788	0.251384
373244	0.243211
213285	0.220741
92694	0.249260
261349	0.823339
285315	0.567643
145822	0.289555
66401	0.325828
47269	0.296441
146261	0.517157
30682	0.471174
67040	0.549933
106478	0.254008
362486	0.339159
3550	0.346055
386790	0.317685
412698	0.727043
299120	0.595743
215972	0.172017
174170	0.320272
95803	0.140981
82040	0.368360
108673	0.199867
300042	0.755130
300057	0.416838
108802	0.573902
188648	0.270484
400887	0.248849
109325	0.239755
69724	0.386204
149424	0.406479
33890	0.351230
377099	0.288242
136333	0.224364
204032	0.454039
289407	0.328730
339695	0.220852
353325	0.189079
353376	0.260226
416004	0.788533
7444	0.195238
151461	0.245708
205568	0.183218
138199	0.252800
72187	0.248683
99464	0.629893
178214	0.494039
86195	0.262933
379544	0.739954
354692	0.284581
86413	0.256080
255460	0.182282
267834	0.699712
23001	0.148434
207918	0.367281
329780	0.208445
60400	0.242046
61023	0.185930
269101	0.501393
39309	0.217999
39372	0.229404
194861	0.447545
39715	0.192430
88918	0.525609
40049	0.209705
11271	0.152434
40448	0.250977
344136	0.226768
40507	0.277226
128605	0.386760
26235	0.253897
318488	0.522642
89547	0.536964
75825	0.220176
234812	0.256771
370759	0.355665
357905	0.203596
358325	0.318276
169058	0.349354
408827	0.717410
332414	0.611657
196987	0.282957
395054	0.622510
223605	0.428244
346075	0.347511

2013082817540000008	0.513097
2013082817540000008	201308281754	http://feeds.abcnews.com/c/35229/f/654824/s/30823da5/sc/20/l/0Labcnews0Bgo0N0CBlotter0Csyrian0Eelectronic0Earmy0Egroup0Eallegedly0Eyork0Etimes0Ecyber0Cstory0Did0F20A0A95458/story01.htm	Syrian Electronic Army : Who 's The Group Allegedly Behind The New York Times Cyber Attack ? - ABC News
42791	0.439594
372394	0.352539
260155	0.275794
260318	0.257059
284349	0.282412
1016	0.185900
158581	0.340065
198684	0.380574
372957	0.425899
347746	0.565502
249787	0.250760
118766	0.459929
273604	0.472004
250473	0.254298
49044	0.249713
274971	0.407133
374905	0.225043
49646	0.573530
215269	0.430304
50126	0.247679
50423	0.569742
188255	0.685712
95740	0.298098
375965	0.338334
69092	0.695686
216288	0.305736
174521	0.270643
287960	0.417536
364377	0.366249
5208	0.499422
188916	0.604788
19528	0.399178
338559	0.201405
388892	0.443973
253131	0.479434
217740	0.205308
289016	0.299454
54749	0.439496
326259	0.317944
71035	0.698426
6745	0.365163
204630	0.242959
164105	0.334326
7444	0.251700
327980	0.242630
206150	0.292808
354284	0.285890
125416	0.129305
112121	0.441877
178544	0.477818
219920	0.269272
279785	0.827393
405325	0.404759
58674	0.335237
139263	0.440556
23001	0.150806
112600	0.495055
303963	0.346809
380208	0.713215
391992	0.457718
245147	0.287152
329824	0.345342
60400	0.288118
127025	0.510127
24355	0.173422
281143	0.397659
180760	0.219932
140936	0.325065
246083	0.397078
194678	0.195188
221824	0.463792
194923	0.367938
88918	0.513097
167904	0.505602
40264	0.359669
40283	0.274965
234624	0.347627
394030	0.417276
282795	0.305594
394580	0.245397
197026	0.366379
247848	0.333861

2013082804230000001	0.507513
2013082804230000001	201308280423	http://www.newsday.com/entertainment/celebrities/selena-gomez-reprimands-reporter-for-asking-about-rumored-taylor-swift-f-bomb-at-vmas-1.5965229	Selena Gomez reprimands reporter for asking about rumored Taylor Swift F-bomb at VMAs
250	0.649753
170025	0.482247
77701	0.679126
333889	0.348861
308626	0.481648
260716	0.673717
224828	0.811789
360626	0.200272
45486	0.540623
261349	0.847196
261712	1.084073
297831	0.877556
132640	0.411310
262024	0.277584
322477	0.913681
298316	0.249540
16574	0.386184
49044	0.552217
349187	0.647333
133695	0.314942
311084	0.579845
201406	0.355628
215839	0.807382
51463	0.572345
51520	0.416117
109091	0.493925
54389	0.278676
176553	0.531017
378011	0.711861
85358	0.530057
327901	0.711401
206019	0.347891
125347	0.585032
125416	0.152414
379544	0.898650
206985	1.035482
139379	0.802261
73866	0.244986
208200	0.892230
24141	0.700038
269101	0.525709
140644	0.768287
317506	0.838567
257277	0.633227
88918	0.507513
114895	0.587237
40826	0.548390
222696	0.643040
408827	0.876923
346075	0.366183

2013082822430000009	0.504132
2013082822430000009	201308282243	http://www.usatoday.com/story/life/movies/2013/08/28/new-one-direction-story/2724033/	One Direction aims at big-screen domination
13486	0.307107
131280	0.241654
91843	0.583520
260457	0.364140
144751	0.194380
44394	0.216310
198967	0.370614
297129	0.715390
45240	0.181172
45276	0.397046
45285	0.382942
14979	0.282112
45992	0.300957
66182	0.730182
105836	0.487242
66320	0.727070
348068	0.369243
119076	0.443871
171857	0.245095
15790	0.733164
172094	0.254928
48567	0.409926
226458	0.761085
133695	0.281330
275039	0.553827
17065	0.639525
17245	0.375224
49855	0.641879
17462	0.409529
251521	0.256291
239816	0.301414
17934	0.237251
227485	0.422688
147987	0.324833
216312	0.224603
69229	0.408136
69293	0.641643
351194	0.639387
300532	0.293991
149208	0.736889
217382	0.300604
338581	0.503238
54794	0.373757
55245	0.420515
313645	0.188062
84010	0.333901
190336	0.663384
190386	0.331052
176539	0.289100
204630	0.186225
366179	0.313974
326984	0.399150
84695	0.357425
205471	0.590471
354071	0.536994
206194	0.263769
405075	0.342712
86700	0.225662
391358	0.279700
58537	0.279109
178744	0.333056
22851	0.351919
178854	0.240109
179091	0.356464
303963	0.162706
355346	0.328872
100257	0.583262
9384	0.221916
368608	0.247742
9912	0.303368
268805	0.518776
369147	0.505443
24355	0.174119
245560	0.704744
317092	0.293821
61090	0.496919
154641	0.358567
10268	0.457012
208779	0.519162
24783	0.343476
38841	0.442483
141018	0.244789
194627	0.424007
39294	0.444228
39309	0.310423
74850	0.741246
88918	0.504132
40038	0.320171
62066	0.176853
11270	0.288859
128330	0.482221
247228	0.453717
182743	0.354412
63261	0.808886
394580	0.168908
63449	0.355819
129791	0.602619
211346	0.241039
104132	0.417880
197429	0.228755

2013082110350000002	0.502605
2013082110350000002	201308211035	http://www.jsonline.com/entertainment/musicandnightlife/the-wanted-carly-rae-jepsen-get-intimate-with-small-but-adoring-crowd-b9978455z1-220460041.html	Review - The Wanted , Carly Rae Jepsen get intimate with small but adoring crowd
289407	0.430808
218288	0.416643
415451	0.340652
204645	0.312185
190655	0.345390
91385	0.465671
43420	0.731881
353086	0.459032
353243	0.763567
35481	0.186771
284443	0.594091
198663	0.317963
230619	0.810025
131612	0.114991
29100	0.253364
44746	0.356228
72093	0.653085
57174	0.376305
45299	0.213286
410749	0.574932
65788	0.276966
45477	0.493685
385119	0.286356
132197	0.304784
45992	0.303460
8334	0.250615
46174	0.260030
8558	0.478849
237947	0.245053
145972	0.523796
125912	0.683653
397731	0.298568
192800	0.267244
93477	0.419021
47716	0.333027
292011	0.587375
362149	0.269173
73671	0.242283
166628	0.282647
193558	0.308257
356124	0.239744
126889	0.524250
323198	0.636338
3407	0.177795
323223	0.452409
187026	0.224098
418629	0.655580
49570	0.555208
369047	0.360390
3569	0.346884
269101	0.399324
154608	0.374305
107639	0.162715
127360	0.356896
50387	0.149221
194293	0.204879
24745	0.281515
38830	0.316439
38841	0.299972
187695	0.394808
281446	0.546041
227451	0.384698
350048	0.350215
39309	0.379576
269664	0.168738
39372	0.246672
39427	0.300212
419522	0.244553
74956	0.474569
95492	0.657572
39715	0.208919
88918	0.502605
337409	0.224126
141557	0.261665
40115	0.174393
167979	0.519948
62133	0.355256
188316	0.170992
400362	0.331896
148612	0.232353
337746	0.668849
331600	0.227289
156115	0.430690
69493	0.688125
148888	0.383000
129025	0.237472
371055	0.301137
408625	0.341947
136145	0.278461
338581	0.478393
122960	0.247416
253131	0.276381
383186	0.211311
196809	0.291620
90571	0.486088
307344	0.304426
55164	0.281910
42578	0.274635
409477	0.415329
346075	0.276977

2013082712500000002	0.502385
2013082712500000002	201308271250	http://blogs.telegraph.co.uk/news/marthagill/100232706/miley-cyrus-lady-gaga-rhianna-pop-music-is-dominated-by-women-cashing-in-on-their-sexuality/	Miley Cyrus , Lady Gaga , Rhianna -- pop music is dominated by women cashing in on their sexuality - Telegraph Blogs
91693	0.365755
91749	1.094573
44184	0.759002
260457	0.386817
144751	0.185423
14444	0.190558
249258	0.458919
44755	0.285806
360626	0.186207
45421	0.714695
15064	0.283726
45992	0.242949
46174	0.280483
213964	0.413441
159816	0.279465
172094	0.227351
47683	0.181391
160003	0.375014
47936	0.234924
48568	0.359049
48666	0.336478
214994	0.752048
386829	0.743390
201242	0.545437
215183	0.332419
399145	0.252439
363124	0.638969
50126	0.234568
299113	0.933377
50381	0.316856
120809	0.259398
147987	0.409364
51541	0.559762
202221	0.391992
95701	0.565350
108981	0.377081
109325	0.288030
109327	0.517379
53361	0.385998
401633	0.504161
136145	0.293650
388828	0.542853
19654	0.226349
253131	0.314177
19779	0.703995
217730	0.361027
97631	0.459643
110333	0.343360
55245	0.490568
266136	0.272318
339726	0.359489
290462	0.451974
379114	0.636180
111861	0.227813
125347	0.495533
57837	0.226875
112198	0.302358
72816	0.248363
8630	0.443101
329005	0.462902
405588	0.426693
355330	0.510297
153217	0.549193
368608	0.288882
342485	0.479237
60442	0.169247
60624	0.362858
268805	0.605063
330101	0.422152
256701	0.831645
317092	0.366546
180801	0.233970
281438	0.584832
269664	0.198227
25230	0.431879
88918	0.502385
11340	0.245125
393840	0.518195
382374	0.389351
26272	0.370156
89678	0.253367
26542	0.279547
196242	0.226567
247228	0.528999
306755	0.415662
383297	0.554344
196994	0.244390
358847	0.332039
197429	0.229472
27893	0.368798

2013082713500000005	0.502385
2013082713500000005	201308271350	http://blogs.telegraph.co.uk/news/marthagill/100232706/miley-cyrus-lady-gaga-rhianna-pop-music-is-dominated-by-women-cashing-in-on-their-sexuality/	Miley Cyrus , Lady Gaga , Rihanna -- pop music is dominated by women cashing in on their sexuality - Telegraph Blogs
91693	0.365755
44184	0.759002
260457	0.386817
144751	0.185423
14444	0.190558
249258	0.458919
44755	0.285806
360626	0.186207
45421	0.714695
15064	0.283726
45992	0.242949
46174	0.280483
213964	0.413441
159816	0.279465
172094	0.227351
47683	0.181391
160003	0.375014
47936	0.234924
48568	0.359049
48666	0.336478
214994	0.752048
386829	0.743390
201242	0.545437
215183	0.332419
399145	0.252439
363124	0.638969
50126	0.234568
299113	0.933377
227057	0.537837
50381	0.316856
120809	0.259398
147987	0.409364
51541	0.559762
202221	0.391992
95701	0.565350
108981	0.377081
109325	0.288030
109327	0.517379
53361	0.385998
401633	0.504161
136145	0.293650
388828	0.542853
19654	0.226349
253131	0.314177
19779	0.703995
217730	0.361027
97631	0.459643
110333	0.343360
55245	0.490568
266136	0.272318
339726	0.359489
290462	0.451974
379114	0.636180
111861	0.227813
125347	0.495533
57837	0.226875
112198	0.302358
72816	0.248363
8630	0.443101
329005	0.462902
405588	0.426693
355330	0.510297
153217	0.549193
368608	0.288882
342485	0.479237
60442	0.169247
60624	0.362858
268805	0.605063
330101	0.422152
256701	0.831645
317092	0.366546
180801	0.233970
281438	0.584832
269664	0.198227
25230	0.431879
88918	0.502385
11340	0.245125
393840	0.518195
382374	0.389351
26272	0.370156
89678	0.253367
26542	0.279547
196242	0.226567
247228	0.528999
306755	0.415662
383297	0.554344
196994	0.244390
358847	0.332039
197429	0.229472
27893	0.368798

2013082904560000009	0.500537
2013082904560000009	201308290456	http://www.examiner.com/article/big-brother-15-amanda-says-she-made-it-to-sean-lowe-bachelor-finals?cid=rss	` Big Brother 15 ' Amanda says she made it to Sean Lowe ` Bachelor ' finals - National Tabloid Headlines | Examiner.com
53	0.575645
157870	0.663091
346478	0.490483
91370	0.470272
184258	0.777467
333678	0.287404
14141	0.232154
249004	0.442023
396307	0.321990
29100	0.285990
396703	0.285120
373115	0.361020
145271	0.563826
92694	0.237119
213365	0.366869
45992	0.255968
297503	0.403621
321614	0.218920
397340	0.138048
66401	0.385241
172094	0.209655
106400	0.272328
172209	0.597037
49044	0.237667
31826	0.417730
107639	0.182452
50387	0.146476
215510	0.662519
95060	0.412217
299844	0.217476
413823	0.453731
122232	0.584308
69793	0.179946
175333	0.276966
325610	0.945461
388828	0.476741
401751	0.338073
388892	0.323568
54394	0.254759
34271	0.522259
136610	0.381684
20089	0.459943
218169	0.233143
123589	0.286808
339720	0.363425
123905	0.280428
403137	0.357098
353322	0.466729
340335	0.592277
403718	0.406715
98887	0.441157
85271	0.317214
205568	0.217648
85420	0.360210
164593	0.317441
404008	0.386237
327980	0.237905
379114	0.417555
354284	0.204500
57837	0.219447
303485	0.346968
341543	0.634433
58336	0.266898
58814	0.725908
60423	0.436478
392252	0.215861
24048	0.386844
269101	0.519402
127447	0.310964
180751	0.234653
180801	0.211063
127631	1.093092
140901	0.396455
140936	0.217689
281438	0.420890
181132	0.287940
39309	0.250627
39372	0.237650
39756	0.338945
88918	0.500537
798005	0.846537
40264	0.364664
270131	0.417357
270234	0.180033
11600	0.453483
294315	0.402437
394030	0.289625
210228	0.641749
75825	0.224677
358575	0.161781
196769	0.419585
223295	0.493214
196874	0.284767
383297	0.438287
247779	0.197963
196987	0.316530
319356	0.537818
283285	0.181134
63999	0.249385
346075	0.360519

2013082815370000001	0.499742
2013082815370000001	201308281537	http://fashion.telegraph.co.uk/news-features/TMG10271015/Grillz-the-hottest-new-celebrity-trend.html	Grillz : the hottest new celebrity trend ? - Telegraph
42809	0.445974
197938	0.436108
13917	0.411191
296589	0.271231
360132	0.328078
144751	0.240609
44381	0.603179
308607	0.896367
131772	0.395343
360626	0.216301
45423	0.637854
145567	0.327104
199528	0.628742
213730	0.673447
47269	0.512415
132893	0.452462
172659	0.714567
386434	0.692485
630344	1.332989
17245	0.442172
50387	0.173470
161246	0.630918
161255	0.547826
32359	1.096129
81804	0.521325
337422	0.559012
108854	0.593113
108967	0.684608
122188	0.403834
136085	0.356960
19528	0.385185
855199	1.421137
388892	0.377455
338898	0.870423
163650	1.072363
176548	0.520036
339826	0.271147
390142	1.341320
151639	0.661395
644708	1.340174
340828	0.666490
379114	0.447675
404279	0.676699
58462	0.616712
86700	0.284978
165724	0.670246
244453	0.401139
37182	0.431674
37620	0.635346
60085	0.283855
280666	0.599285
113704	0.672574
74091	0.506418
269101	0.517809
88254	0.619468
180760	0.253215
281438	0.450846
194601	0.462351
114535	0.505580
39723	0.450838
88918	0.499742
393760	1.388550
102605	0.419817
89675	0.232312
156694	0.566059
358345	0.780860
383297	0.469054
247772	0.414246
345868	0.702544
346075	0.360473

2013082820420000008	0.497111
2013082820420000008	201308282042	http://www.syracuse.com/entertainment/index.ssf/2013/08/justin_bieber_twerk_miley_cyrus_dwts_casting.html	Justin Bieber , Miley Cyrus ` Twerk ' together ; ` DWTS ' casting rumors : PM Buzz | syracuse.com
260173	0.448583
296589	0.179390
91693	0.353668
144528	0.190462
396313	0.292051
260457	0.237757
144751	0.251370
14444	0.155372
44612	0.699437
384868	0.478395
45240	0.174079
213121	0.241791
385369	0.223772
361621	0.524932
322153	0.274344
262117	0.428682
172094	0.184872
106427	0.373337
106491	0.154451
386404	0.212747
349133	0.284339
336126	0.606050
49519	0.296193
49562	0.279966
215172	0.509014
239411	0.447832
251521	0.258741
287070	0.278882
287143	0.326179
387476	0.374269
51541	0.278552
324768	0.272467
400887	0.273013
175333	0.243447
388828	0.768918
203623	0.416374
351949	0.221901
338808	0.226537
338907	0.319700
54741	0.515873
389276	0.393643
55245	0.395955
229792	0.426161
204630	0.176862
190655	0.318916
190713	0.292108
430161	0.629175
124470	0.354085
35481	0.232291
278723	0.312710
151694	0.447246
403809	0.552854
390505	0.300740
72194	0.384844
191687	0.715327
379114	0.483510
111873	0.305195
125347	0.410624
57832	0.296818
125416	0.127310
267480	0.360302
112198	0.192571
22767	0.147787
255460	0.171957
139260	0.304871
23001	0.186373
355353	0.270729
207465	0.149611
368608	0.233576
73690	0.316651
193558	0.286563
60363	0.425477
316766	0.536883
87798	0.226707
268805	0.488793
269101	0.424465
194066	0.704567
208720	0.422147
180760	0.223326
281438	0.473401
194678	0.166444
101944	0.684718
39715	0.182270
88918	0.497111
195104	0.336387
40049	0.207502
11270	0.230199
11340	0.221514
115385	0.673719
306422	0.384171
247228	0.427914
210578	0.157085
182899	0.448629
282907	0.174312
196809	0.253429
196843	0.557154
196884	0.292141
383297	0.395569
283285	0.159005
346075	0.294065

2013082600200000004	0.492972
2013082600200000004	201308260020	http://www.theage.com.au/lifestyle/life/the-trouble-with-being-babyfaced-20130823-2sh2t.html	The trouble with being baby-faced
150507	0.316909
6596	0.179177
110565	0.825500
377918	0.449599
389604	0.354760
366066	0.287824
204630	0.225129
415446	0.337073
190583	0.302814
176713	0.451986
190684	0.271118
150858	0.294712
224147	0.411913
353325	0.304996
14141	0.247432
260318	0.231807
278571	0.636843
131283	0.323062
205569	0.221663
164519	0.548356
44929	0.168712
21822	0.276547
224949	0.682774
152099	0.287256
164930	0.503160
328247	0.295274
45992	0.246463
159271	0.291946
46174	0.259133
391218	0.248169
397340	0.140129
192487	0.496418
238113	0.227411
23001	0.147080
30525	0.308440
23176	0.469869
250463	0.278904
179335	0.355565
232319	0.560725
93807	0.293568
113026	0.360457
316349	0.716427
60071	0.811405
310635	0.289121
154177	0.176477
214973	0.281491
386829	0.659272
330227	0.295264
269101	0.511714
399250	0.487880
311139	0.282588
147472	0.304228
50387	0.168246
180760	0.201598
107845	0.269508
134358	0.447303
39060	0.302579
161455	0.328706
74861	0.229219
343744	0.172171
311819	0.807921
88918	0.492972
11237	0.322627
188316	0.180223
40392	0.358460
95913	0.455760
174571	0.292658
121813	0.372399
102455	0.248863
89302	0.401621
188644	0.287196
228277	0.447037
270454	0.274916
182218	0.304577
188897	0.238897
357905	0.191204
196242	0.223796
344971	0.622551
96868	0.308526
388672	0.291405
19444	0.306388
394580	0.238183
90259	0.742246
288771	0.349458
97222	0.445236
351999	0.286841
319311	0.272975
247779	0.230841
217699	0.477873
265453	0.293711
402186	0.263115
90577	0.362824
54749	0.297918
345590	0.232057
143168	0.567141
358847	0.292772
150422	0.372056
55481	0.670059
27857	0.217227
346075	0.354959

2013082214270000003	0.487622
2013082214270000003	201308221427	http://www.foxnews.com/entertainment/2013/08/22/tiffany-had-to-keep-my-relationship-with-jordan-knight-on-down-low/	Tiffany : I had to keep my relationship with Jordan Knight on the down low | Fox News
248401	0.420136
283789	0.493774
130720	0.227234
43446	0.294205
13917	0.299682
384205	0.449713
43693	0.326048
224323	0.609300
91693	0.325949
260269	0.318428
236797	0.296716
28849	0.897824
260457	0.309798
144751	0.176852
158581	0.321991
44394	0.217170
144838	0.203477
131677	0.244454
44746	0.316946
45056	0.334683
92694	0.349157
45992	0.275770
261349	0.497115
397340	0.153758
132575	0.539206
411296	0.651115
185937	0.323170
171857	0.318189
186004	0.286929
30525	0.329231
361803	0.439034
172094	0.241833
106427	0.447606
322546	0.324693
349060	0.365075
349144	0.955725
49305	0.227956
80754	0.422927
31724	0.455867
50126	0.212052
311139	0.287122
363287	0.288132
227485	0.486116
51541	0.469262
51710	0.317491
108673	0.243986
52350	0.423238
82755	0.855848
364796	0.332776
149665	0.615025
203623	0.474976
54390	0.206722
54394	0.285514
54794	0.412857
415024	0.275379
110333	0.356238
242171	0.496956
313645	0.155512
402725	0.598256
278128	0.584082
403718	0.412678
151566	0.415641
7679	0.882203
191555	0.377609
164593	0.291565
21822	0.298936
85750	0.368169
416839	0.575215
255082	0.562954
379544	0.578744
418110	0.296377
329780	0.325537
154177	0.161396
269101	0.506268
180683	0.542484
39386	0.329372
39507	0.525794
343744	0.221668
88918	0.487622
40049	0.225379
270026	0.543527
75206	0.699341
270112	0.504699
393744	0.628833
128585	0.297160
128605	0.447493
270454	0.246587
89675	0.181587
210578	0.191347
394412	0.606200
332170	0.291231
282807	0.490734
408827	0.561382
271197	0.403350
358531	0.502513
169235	0.523162
247779	0.193466
409205	0.222404
64164	0.337634
346075	0.351032

