20130801
150
20130801 20130809

2013080620140000008	3.493574
2013080620140000008	201308062014	http://www.examiner.com/article/miley-cyrus-reveals-name-of-upcoming-album?cid=rss	Miley Cyrus reveals name of upcoming album - National Britney Spears | Examiner.com
360132	0.445341
373300	0.485820
45992	0.595544
309551	1.638285
287143	0.956175
51541	0.691896
253131	0.600710
313645	0.338850
430161	1.558933
191765	0.522609
379114	1.012882
290794	0.623158
153368	0.706033
9384	0.379020
342390	0.611467
304620	0.871531
342698	0.564949
154177	0.324350
281438	1.240346
195271	0.807127
383297	1.048608

2013080722040000016	2.865487
2013080722040000016	201308072204	http://www.examiner.com/article/miley-cyrus-relationship-counseling-with-dad-billy-ray-cyrus?cid=rss	Miley Cyrus in relationship counseling with dad Billy Ray Cyrus - National Celebrity Headlines | Examiner.com
360132	0.343024
131612	0.203360
29100	0.374627
66401	0.520771
47716	0.513873
386404	0.485439
349060	0.526870
49519	0.855447
107351	0.219079
201406	0.374726
215532	0.709956
32858	1.171907
287764	1.028779
18577	0.443932
175415	0.434416
149424	0.534548
55164	0.483609
265928	0.553197
6744	0.758976
266620	1.368531
124470	1.024104
403809	1.593138
85612	0.615686
379114	0.950638
99277	0.635848
206183	0.427502
125416	0.175532
391218	0.346843
23001	0.225823
355241	0.348377
153340	1.401214
60210	0.297533
356124	0.376046
61090	0.802531
194066	1.288355
140936	0.376673
281438	0.957424
194923	0.337033
270234	0.246574
420017	1.419228
234624	0.421418
383297	0.747214
196966	1.113211

2013080704440000009	2.780800
2013080704440000009	201308070444	http://www.examiner.com/article/miley-cyrus-reveals-new-album-title-my-record-is-called-bangerz	Miley Cyrus reveals new album title : ` My record is called BANGERZ ' - National Celebrity Headlines | Examiner.com
130752	0.487931
13917	0.515627
260457	0.576064
360132	0.357152
184840	0.356430
45992	0.565997
132722	0.732436
348556	0.423618
107632	0.506681
50126	0.415153
287143	0.749020
4281	0.352688
174521	0.455843
253131	0.697014
313645	0.350343
430161	1.715248
230384	0.486984
327491	0.427766
191765	0.371104
379114	0.936773
99851	0.724625
23001	0.236110
153368	0.449095
9384	0.320825
342390	0.474031
24587	0.500013
281438	0.922014
40003	0.647768
270454	0.484469
26330	0.508572
383297	0.957622
64164	0.658638

2013080422120000001	2.748909
2013080422120000001	201308042212	http://www.huffingtonpost.com/2013/08/04/miley-cyrus-skimpy-outfits_n_3704526.html?utm_hp_ref=celebrity&ir=Celebrity	Miley Cyrus ' Skimpy Outfits Take Center Stage In Big Sean 's ` Fire ' Video
283789	0.550698
384014	0.445805
91693	0.402170
260457	0.279525
372762	0.418839
360132	0.332662
29025	0.422752
65430	0.908991
131677	0.259978
78446	0.226485
321326	0.544455
118569	0.470513
410948	1.322696
46069	0.684721
397731	0.329512
172094	0.405351
48684	0.441937
119994	0.397133
94528	0.201994
215183	0.319438
107639	0.202456
349571	0.422564
51541	0.328546
95692	0.734734
4830	0.235688
252299	0.321793
148612	0.253975
33379	0.615849
54102	0.622224
19654	0.306628
54390	0.246482
217740	0.206993
313645	0.208650
20354	0.354113
204630	0.216204
35080	0.678988
151694	0.454638
152067	0.675591
379114	0.903758
111873	0.273424
404633	0.375527
8334	0.262062
244153	0.322395
354921	0.435478
23001	0.195597
178984	0.343559
179121	0.705399
112976	0.470314
292143	0.491181
60442	0.240649
392252	0.262014
316727	0.633957
73866	0.263209
154177	0.177109
154308	0.456532
194194	0.420088
356726	0.419828
281438	0.922576
269664	0.193337
114535	0.329991
128126	0.874028
195104	0.377956
11271	0.182052
408368	1.036197
235377	0.252003
76431	0.405760
156954	0.820718
196769	0.823237
383297	0.938508
27893	0.265836

2013080623560000004	2.666420
2013080623560000004	201308062356	http://www.usatoday.com/story/life/music/2013/08/06/miley-cyrus-bangerz/2625773/	Miley Cyrus announces new album , ` BANGERZ '
130858	0.571797
372362	0.847970
144751	0.316688
184840	0.422631
296978	1.065694
360626	0.276744
373300	0.351664
347746	0.926635
213365	0.569277
397305	1.061626
322192	0.771919
106360	0.431670
106847	0.416142
187088	0.490453
375008	0.481763
107632	0.359342
287143	0.852540
4281	0.380703
337280	1.128954
388892	0.474911
253131	0.439869
217790	0.564642
313645	0.249731
190684	0.399250
430161	1.708267
302344	1.427807
35481	0.318517
379114	0.912470
57832	0.552447
354540	0.523047
153368	0.445781
9384	0.241911
59633	1.022220
316603	0.448475
392260	0.289052
281438	0.876975
75253	0.982910
383297	0.909068

2013080714270000003	2.656021
2013080714270000003	201308071427	http://rss.cnn.com/~r/rss/cnn_showbiz/~3/lHFjY-KjLy0/index.html	Miley Cyrus names her new album ` BANGERZ ' - CNN.com
360626	0.225307
347746	0.785512
45992	0.319786
119015	0.670264
159667	0.643270
172094	0.383084
48684	0.422415
362862	0.665838
17245	0.531357
107632	0.423627
201406	0.365318
287143	0.808031
4281	0.386200
251845	1.145267
95701	0.587075
109185	0.586407
288319	1.554945
69793	0.253315
53578	0.239196
401633	0.594304
388892	0.538840
217740	0.311299
110333	0.430017
204630	0.279377
190684	0.440610
430161	1.563877
21524	0.513756
379114	0.893780
57832	0.509509
354540	0.458132
58461	0.432898
37182	0.518523
153368	0.458466
59633	0.867525
73690	0.609614
392260	0.332132
60624	0.428040
73866	0.313485
87831	0.631276
281438	0.881121
209575	0.735711
75253	0.855771
210613	0.506838
156694	0.680521
210739	0.410773
394580	0.292125
183238	1.207994
383297	0.881205

2013080617570000004	2.438655
2013080617570000004	201308061757	http://www.nydailynews.com/entertainment/gossip/miley-cyrus-ratchet-white-girl-article-1.1418940?localLinksEnabled=false	Miley Cyrus defends her reputation : I 'm not ` just this ratchet white girl ' - NY Daily News
296589	0.368578
91693	0.441263
144528	0.293870
273013	0.504058
373115	0.464297
373326	0.425583
92694	0.391429
199556	0.296308
225426	0.734320
273836	0.580235
66911	0.247236
172094	0.260617
67399	0.527258
4281	0.354442
299844	0.253301
148612	0.312328
148891	0.302426
69793	0.296517
377099	0.332229
122960	0.319641
6499	0.656890
6596	0.250532
254236	0.721697
35481	0.241545
151461	0.270506
152067	0.452291
379114	0.754515
125416	0.148758
125465	0.395941
126104	0.471804
207206	0.613859
100460	0.492995
281438	0.842070
39372	0.324387
39970	1.241099
306005	0.664207
234863	0.277260
12066	0.341748
306612	0.628228
383297	0.724185
359263	0.388542
283789	0.635313
359399	0.280497
43446	0.332518
236797	0.388771
260457	0.387635
360132	0.264116
46174	0.344130
386069	0.344227
80499	0.374744
80818	0.251096
363043	0.445909
50381	0.277714
287143	0.523645
108673	0.291440
413880	0.709173
388828	0.662248
54797	0.744195
84104	0.734496
218169	0.211791
339826	0.330133
84967	0.913264
191765	0.298692
192506	0.359575
112369	0.400719
194194	0.500291
140901	0.518187
370378	0.225662
89675	0.206531
63999	0.241302
371843	0.587683

2013080314590000001	2.402573
2013080314590000001	201308031459	http://www.nydailynews.com/entertainment/music-arts/watch-miley-cyrus-flaunts-skimpy-outfits-big-sean-music-video-article-1.1416652?localLinksEnabled=false	Miley Cyrus flaunts skimpy outfits in Big Sean ` Fire ' music video - NY Daily News
283789	0.906561
359422	0.717823
130752	0.294991
224290	0.489266
410129	0.491355
91693	0.435726
144528	0.366239
260457	0.460645
144751	0.208284
347416	0.503603
45232	0.488973
321326	0.435321
410948	1.138019
159393	0.488067
105836	0.584435
46829	0.440908
250123	0.491169
119228	0.489887
66911	0.290072
172094	0.450979
159942	0.492164
50539	0.461662
134510	0.506287
4513	0.402849
299964	0.435170
388145	0.413966
96440	0.486121
338503	0.549037
19654	0.303981
54641	0.312020
389276	0.499255
402725	0.893550
176539	0.287222
339826	0.411196
510966	1.227339
390018	0.549140
254236	0.899944
218970	0.493116
340569	0.253682
390670	0.842003
152067	0.627629
379114	0.750216
58464	0.414391
354921	0.418394
329157	0.949960
316603	0.322147
245163	0.462550
406434	0.379922
24297	0.458202
154608	0.429625
281438	0.826179
155437	0.505420
39802	0.660045
40218	0.498539
234606	0.608320
408368	0.893841
222697	0.486832
182899	0.592408
76407	0.403008
383186	0.243343
196769	0.780684
383297	0.787118
130082	0.365454

2013080918140000006	2.376030
2013080918140000006	201308091814	http://feeds.abcnews.com/c/35229/f/654824/s/2fc569f6/sc/17/l/0Labcnews0Bgo0N0Cblogs0Centertainment0C20A130C0A80Cliam0Ehemsworth0Eand0Emiley0Ecyrus0Ehit0Efirst0Ered0Ecarpet0Etogether0Esince0E20A120C/story01.htm	Liam Hemsworth and Miley Cyrus Hit First Red Carpet Together Since 2012 - ABC News
248409	0.701597
14444	0.288180
131612	0.194235
78446	0.319001
237231	0.448044
360626	0.331992
262024	0.413853
47739	0.603340
349060	0.471721
49439	0.381349
49831	1.012557
187481	0.487553
17934	0.443151
287764	1.031182
33771	0.525815
54389	0.415456
377339	0.495736
289660	0.998649
353325	0.339757
218932	0.401883
379114	0.742047
355346	0.378327
356019	0.677387
60210	0.262634
356124	0.453122
154177	0.237596
10140	0.909571
61023	0.348977
24355	0.223177
61090	0.806070
180801	0.338933
281438	0.816992
11340	0.355046
270234	0.274500
408636	0.812514
383297	0.771498
247779	0.318791
196966	1.111862
211346	0.432893

2013080618570000008	2.152103
2013080618570000008	201308061857	http://feeds.nydailynews.com/~r/nydnrss/entertainment/~3/q-xeUYLbd9o/story01.htm	Miley Cyrus defends her reputation : I 'm not ` just this ratchet white girl ' - NY Daily News
359263	0.331742
283789	0.573649
43446	0.273692
224290	0.407798
410129	0.408525
296589	0.333735
91693	0.389299
236797	0.325446
144528	0.252698
260457	0.338343
360132	0.218534
144751	0.183965
347416	0.414265
273013	0.419147
373115	0.386372
45232	0.406877
373326	0.437153
92694	0.354643
46174	0.353893
199556	0.246950
225426	0.604035
159393	0.407488
46751	0.501026
273836	0.479768
46829	0.368431
250123	0.407388
309922	0.490335
119228	0.407974
66911	0.283718
172094	0.235348
106360	0.281860
159942	0.408866
200252	0.320041
386069	0.289155
67399	0.435213
3531	0.458371
80818	0.207479
363043	0.444809
50539	0.382315
287143	0.432512
134510	0.415596
4281	0.303447
299844	0.209729
299964	0.364595
108673	0.262898
148612	0.281882
388145	0.339345
413880	0.591498
96440	0.407646
69793	0.244440
388828	0.598232
122960	0.288832
217730	0.294864
54797	0.633323
6499	0.548317
6596	0.257490
339826	0.283531
84967	0.761275
254236	0.621359
35481	0.198939
218970	0.404505
191765	0.252022
152067	0.408613
379114	0.677979
125416	0.120590
125465	0.326610
126104	0.425759
207206	0.554635
391827	0.615868
355853	0.389769
60085	0.237715
245163	0.382755
406434	0.315367
24297	0.383215
61179	0.654535
194194	0.451882
140901	0.445040
281438	0.737062
39372	0.292692
155437	0.415173
39970	1.272681
11152	0.566049
40218	0.409809
306005	0.557130
89675	0.173383
234863	0.231801
222697	0.407517
76407	0.334002
307030	0.543836
383297	0.665851
283252	0.367287
63999	0.202406
371843	0.510867

2013080721400000008	2.146425
2013080721400000008	201308072140	http://www.courant.com/entertainment/zap-miley-cyrus-reveals-new-album-title-is-bangerz-20130807,0,6129981.story?track=rss	Miley Cyrus reveals new album title is ` BANGERZ ' - Courant.com
144528	0.344923
396307	0.492602
360132	0.369173
44394	0.282690
14444	0.281681
373115	0.553616
1443	0.314564
360626	0.260493
373300	0.390476
397305	1.071515
47576	0.583126
160163	0.808655
67399	0.567803
48626	1.200879
49513	1.040161
107632	0.362630
201406	0.406909
50387	0.210243
287143	0.748865
149613	0.820331
388892	0.466122
253131	0.489628
313645	0.273359
190684	0.402840
339826	0.478142
430161	1.609129
254236	0.846464
111175	0.375048
177729	0.943736
191765	0.418591
379114	0.632142
125465	0.420883
354540	0.527667
58876	0.480597
153368	0.507250
9384	0.268940
316603	0.348049
392260	0.372029
281438	0.757141
39723	0.512120
195451	0.213867
102992	0.298330
12250	0.403231
383297	0.661928
90467	0.330983

2013080116200000006	2.046237
2013080116200000006	201308011620	http://blog.sfgate.com/dailydish/2013/08/01/miley-cyrus-britney-spears-understands-my-fame-struggle/	Miley Cyrus : ` Britney Spears understands my fame struggle ' | Daily Dish | an SFGate.com blog
91693	0.532315
333904	0.469643
144751	0.354436
347746	0.932198
46174	0.400285
285352	1.248015
132640	0.288041
262117	0.688260
172050	1.268430
47683	0.258137
310658	0.805403
49208	0.413945
275152	0.859150
31749	0.980165
4281	0.350588
175173	0.786294
69947	0.946636
35046	0.554988
85017	0.664559
21566	0.648349
379114	0.618620
99277	0.678545
328276	0.928558
86594	0.415219
255460	0.313753
139299	0.469851
59633	0.887476
208720	0.679962
38830	0.511918
114207	0.373464
281438	0.713808
75253	0.855972
102480	0.718369
41059	0.719094
89547	0.752557
371015	0.507575
383297	0.644308
247779	0.332985
157454	1.328855
13392	0.286825

2013080719290000002	2.020850
2013080719290000002	201308071929	http://www.philly.com/r?19=961&43=168041&44=218699791&32=3796&7=195357&40=http://www.philly.com/philly/entertainment/Miley-Cyrus-reveals-album-title-will-star-in-MTV-documentary.html	Miley Cyrus reveals album title , will star in MTV documentary
184032	0.282664
236636	0.331719
91693	0.317101
144528	0.220814
144751	0.245919
44394	0.177244
170731	0.281011
184840	0.270457
78406	0.208440
272968	0.176247
158881	0.465647
360626	0.182176
45992	0.215178
199556	0.234734
397305	0.763445
309950	0.347729
397843	0.241348
262117	0.463974
106401	0.258787
172646	0.364578
48983	0.453052
49044	0.265422
187026	0.251558
298779	0.345973
107632	0.257534
50269	0.592362
50387	0.138497
287143	0.642449
251615	0.255381
413056	0.302677
17934	0.242360
4281	0.210194
4830	0.214607
108750	0.203070
148612	0.242074
388135	0.305226
5344	0.327351
69793	0.236395
69907	0.298110
277013	0.350279
53578	0.236065
401559	0.296961
228928	0.251026
149613	0.540751
388892	0.323570
55245	0.791055
313645	0.216701
190684	0.285180
339826	0.309785
430161	1.223390
254236	0.543038
366599	0.548904
290084	0.762260
124365	0.767220
390218	0.156656
35481	0.196808
151674	0.148186
151727	0.260443
85538	0.372774
111577	0.285783
354066	0.201664
191765	0.297356
379114	0.589537
290794	0.297350
125416	0.116881
354540	0.372381
8750	0.364029
86665	0.955733
391358	0.241227
23001	0.160714
58876	0.332684
86999	0.238068
153368	0.399958
207703	0.380565
73690	0.373130
316603	0.225239
329780	0.230000
392260	0.286913
329932	0.584449
368905	0.364897
342698	0.266902
369147	0.722628
154641	0.290537
208720	0.457358
281438	0.715657
269664	0.196154
89592	0.378312
168645	0.300771
26542	0.243408
41525	0.312102
408636	0.498223
156605	0.958384
358309	0.220231
383297	0.619702
247772	0.351117

2013080221570000002	1.992649
2013080221570000002	201308022157	http://www.philly.com/r?19=961&43=168041&44=218143001&32=3796&7=195357&40=http://www.philly.com/philly/entertainment/Miley-Cyrus-stars-in-Big-Seans-new-music-video.html	Miley Cyrus stars in Big Sean 's new music video
283789	0.776841
153	0.612584
384014	0.505881
91693	0.375852
333892	0.202957
131321	0.425753
260457	0.435913
260479	0.895087
144750	0.249630
144751	0.336032
44381	0.492012
44394	0.198084
373115	0.452891
45078	0.581823
1443	0.266474
45423	0.520746
132144	0.870532
397843	0.298411
159833	0.282945
172094	0.351970
250473	0.230353
322829	0.833294
172659	0.583885
187026	0.322292
201406	0.293515
287143	0.564374
251615	0.389760
413056	0.374777
215972	0.169825
51541	0.399044
299844	0.233031
108692	0.360886
69793	0.233054
277013	0.411565
228928	0.310213
203623	0.595583
149840	0.640336
217740	0.183644
389276	0.520603
164105	0.279701
390218	0.204772
35481	0.246719
21354	0.304377
340569	0.264651
164453	0.504702
99008	0.395681
340828	0.592747
354066	0.249105
379114	0.589538
125416	0.144654
354692	0.381816
86413	0.319489
354921	0.258975
255460	0.206634
139476	0.305788
37702	0.316104
193336	0.260992
37765	0.623655
232615	0.400515
73690	0.422747
245147	0.299534
342698	0.330557
392602	0.322409
381238	0.400379
281438	0.701556
114535	0.366033
195104	0.427067
141762	0.499776
393645	0.235887
168645	0.372353
41525	0.385661
420634	0.326454
358325	0.422869
196769	0.740062
383297	0.619088

2013080916170000001	1.959921
2013080916170000001	201308091617	http://www.cbsnews.com/8301-207_162-57597766/liam-hemsworth-and-miley-cyrus-step-out-at-paranoia-premiere/	Liam Hemsworth and Miley Cyrus step out at `` Paranoia '' premiere - CBS News
248409	0.616043
170025	0.513769
320180	0.548284
144136	0.336468
91693	0.343754
260306	0.416846
14444	0.171163
144838	0.293755
131612	0.120235
131677	0.289383
78446	0.200224
237231	0.370799
29436	0.364752
118399	0.253497
262024	0.341703
172094	0.224280
250463	0.271181
200751	0.584570
250888	0.430460
48880	0.378240
386441	0.277022
349060	0.292257
49039	0.424072
49211	0.879818
49439	0.330975
147206	0.357179
49831	1.017079
399190	0.339144
201406	0.286426
68170	0.476104
187481	0.347392
299360	0.239083
17934	0.437356
161431	0.483691
215972	0.159398
148052	0.708416
287764	1.049253
175415	0.303859
122960	0.257630
54389	0.342237
351949	0.259895
217740	0.185035
229307	0.543677
289407	0.403234
176505	0.275535
204630	0.246946
204729	0.800127
390301	0.335300
354066	0.181217
379114	0.629591
8321	0.314890
125416	0.172868
192260	0.250244
86563	0.394360
58461	0.261799
178744	0.419842
36863	0.519421
139478	0.425242
355346	0.281710
166331	0.191226
356019	0.591288
356124	0.298938
329824	0.356857
392252	0.223176
154177	0.152720
10140	0.606395
61090	0.811106
281438	0.665165
141097	0.306705
25230	0.328516
61878	0.401159
305867	0.194199
11340	0.216201
40507	0.289540
222269	0.435336
102484	0.403799
40918	0.300611
115346	0.796667
258320	0.335488
75825	0.214751
103236	0.487372
344932	0.360708
332170	0.277000
394580	0.181007
383297	0.622124
196966	1.079650
169322	0.553024
247837	0.330763
143161	0.799405

2013080914320000008	1.912623
2013080914320000008	201308091432	http://feeds.nydailynews.com/~r/nydnrss/entertainment/~3/LAvCvDxmomE/story01.htm	Miley Cyrus , Liam Hemsworth step out on red carpet together for first time in over a year at ` Paranoia ' premiere amid split rumors - NY Daily News
248409	0.545216
170025	0.540376
224290	0.350242
395971	0.292831
410129	0.350510
144751	0.184299
144838	0.271013
131612	0.104796
131677	0.254815
78446	0.193088
347416	0.359641
237231	0.417031
45232	0.349213
385369	0.240506
159393	0.350217
118855	0.174146
46829	0.316760
250123	0.349185
397609	0.211026
119228	0.350274
262024	0.384056
66911	0.207895
159942	0.350685
349060	0.242046
49039	0.366982
49211	0.886363
49439	0.303606
374905	0.194901
49831	0.935565
31749	0.506616
399190	0.295116
160988	0.211931
201406	0.286908
147472	0.265940
187481	0.309791
50539	0.327480
299360	0.200341
17934	0.406050
134510	0.360422
4334	0.437328
202221	0.304810
32858	0.896200
299964	0.313794
287764	0.942448
388145	0.294094
413935	0.483879
96440	0.350973
175415	0.276939
54389	0.384407
110019	0.420175
217730	0.361247
402243	0.342301
265928	0.350380
289407	0.406440
204630	0.245033
218970	0.350684
290462	0.410876
379114	0.609088
303040	0.205670
206183	0.318079
178744	0.335429
36863	0.435654
23001	0.133476
355346	0.221351
139777	0.559845
356019	0.522961
329780	0.259896
245163	0.327751
392252	0.177301
406434	0.270401
10140	0.456181
24297	0.329586
392602	0.226552
61090	0.734027
281438	0.651767
141097	0.247554
155437	0.360179
40218	0.355648
305867	0.141651
11340	0.181002
40507	0.217037
370378	0.176826
40702	0.349040
102455	0.188687
420170	0.282591
408292	0.327264
420326	0.728120
75825	0.194140
222697	0.350611
196162	0.435253
789686	0.965275
344932	0.417652
76407	0.286190
383297	0.627294
345421	0.299204
196966	0.962587
247837	0.274868
247900	0.564380
223605	0.395463
395241	0.463631

2013080913320000002	1.892542
2013080913320000002	201308091332	http://www.nydailynews.com/entertainment/gossip/miley-cyrus-liam-hemsworth-step-red-carpet-article-1.1422194	Miley Cyrus , Liam Hemsworth step out on red carpet together for the first time in over a year at ` Paranoia ' premiere - NY Daily News
248409	0.538565
170025	0.479135
157870	0.332607
224290	0.347427
395971	0.290358
410129	0.347656
91693	0.295878
144751	0.190262
144838	0.268563
78446	0.190717
347416	0.356337
237231	0.413450
45232	0.346383
385369	0.238467
159393	0.347427
118855	0.174042
297842	0.249612
46829	0.314248
250123	0.346307
397609	0.209545
238081	0.227911
119228	0.347447
262024	0.380746
66911	0.219091
159942	0.347818
349060	0.241936
49039	0.364649
49211	0.879231
49439	0.306018
374905	0.193892
49831	0.927586
31749	0.502372
363043	0.319067
399190	0.294062
160988	0.210634
201406	0.284347
147472	0.264237
187481	0.346180
50539	0.324758
299360	0.200342
17934	0.402607
134510	0.357079
4334	0.432187
202221	0.303703
32858	0.996777
299964	0.311339
287764	0.956209
388145	0.291349
413935	0.480455
96440	0.348240
175415	0.242323
54389	0.381081
217730	0.375041
217769	0.390544
402243	0.255353
265928	0.348022
289407	0.403184
218970	0.347421
290462	0.406087
379114	0.605133
206183	0.287709
125416	0.093748
354692	0.265049
23001	0.131927
355346	0.219215
232217	0.393983
391827	0.471532
139777	0.559634
356019	0.541669
329780	0.263756
245163	0.325016
392252	0.176182
406434	0.268181
10140	0.455054
24297	0.326984
61090	0.729793
281438	0.643704
155437	0.356849
11152	0.432789
40218	0.352370
305867	0.141211
11340	0.180989
370378	0.176205
40702	0.346444
420170	0.280246
408292	0.325048
420326	0.721996
222697	0.347856
196162	0.432009
344932	0.351017
76407	0.283821
196884	0.255331
383297	0.636616
345421	0.296361
196966	1.017430
247837	0.274724
247900	0.557774
223605	0.392500

2013080913020000017	1.870623
2013080913020000017	201308091302	http://www.cleveland.com/people/index.ssf/2013/08/shark_week_continues_to_draw_h.html	` Shark Week ' continues to draw huge ratings ; Lady Gaga goes au naturel ; ` Amish Mafia ' actor jailed ; more - A.M. Entertainment News Links | cleveland.com
359514	0.462366
497	0.643598
117367	0.818559
131435	0.533306
144751	0.262700
131612	0.257597
212969	0.665874
347748	0.502932
50492	0.376304
17934	0.412935
287764	0.945397
52624	0.865687
33890	0.760922
97999	0.765340
339826	0.337457
379114	0.621690
86339	0.434133
22767	0.339108
405742	0.396894
207465	0.244876
356124	0.412759
60466	0.408903
60628	0.925367
369047	0.564565
61090	0.738631
269350	0.827778
180801	0.371221
281438	0.624467
127748	1.256063
194627	0.788203
40003	0.533250
11270	0.410680
11340	0.371651
393645	0.404817
182246	0.470367
89563	0.490052
383297	0.647955
196966	1.019913
76661	0.559980
197026	0.411383
307344	0.475430
13415	0.959651

2013080218290000003	1.835193
2013080218290000003	201308021829	http://www.foxnews.com/entertainment/2013/08/02/from-miley-cyrus-to-robin-thicke-who-hottest-second-generation-superstar/	From Miley Cyrus to Robin Thicke : Who 's the hottest second-generation superstar ? | Fox News
104313	0.556663
236420	0.585602
91693	0.439056
333911	0.394226
272556	0.341617
333947	0.248690
260457	0.263027
144751	0.250203
44394	0.210271
372957	0.457474
158941	0.918263
334448	0.711880
105836	0.640305
285440	0.669617
397340	0.160220
119076	0.341013
262117	0.498477
15996	0.585835
47716	0.575840
398070	0.839140
322546	0.415683
31204	0.777991
49519	0.386656
80626	0.311510
80674	0.496366
323630	0.485156
50381	0.303695
50492	0.266186
215972	0.166702
51541	0.366406
251975	0.420974
240171	0.628006
287630	0.501361
108662	0.468657
82452	0.362612
109325	0.312737
53026	0.557584
364689	0.533906
364828	0.777680
53578	0.195032
402141	0.591221
176539	0.269382
289738	0.912789
111175	0.336353
124470	0.462194
302642	0.425661
403809	0.720889
379114	0.606157
205993	0.641147
206186	0.381984
165038	0.504570
125416	0.114072
354692	0.478459
341543	0.488035
206766	0.539691
291391	0.796431
255460	0.175580
178854	0.305734
112563	0.328939
291748	0.682927
37489	0.720672
87536	0.678286
60400	0.283201
113528	0.399248
61143	0.293675
256907	0.404812
208720	0.491682
194194	0.466360
369416	0.284359
74523	0.472312
114207	0.287511
281438	0.614518
39055	0.617133
40392	0.309177
331534	0.251752
89547	0.549446
222651	0.701754
129025	0.306822
371000	0.302978
26959	0.913467
358325	0.381179
196874	0.278860
383297	0.579413
283285	0.167640
358873	0.548642

2013080921210000004	1.816532
2013080921210000004	201308092121	http://www.latimes.com/entertainment/news/la-et-mg-miley-cyrus-liam-hemsworth-paranoia-premiere-20130809,0,561546.story?track=rss	Miley Cyrus steps out with Liam Hemsworth at ` Paranoia ' premiere - latimes.com
248409	0.571011
117235	0.399110
130854	0.231163
296589	0.203532
260306	0.398979
144528	0.222893
91873	0.519851
14444	0.203451
144838	0.223434
360326	0.447065
131677	0.255642
44929	0.134663
373115	0.361528
360626	0.167380
45240	0.204585
45415	0.305570
45486	0.243490
213146	0.400398
45992	0.202992
105889	0.629247
46515	0.594767
172094	0.209572
349060	0.339768
49439	0.306573
107485	0.342554
50126	0.298654
147472	0.291196
120711	0.544151
50387	0.136993
187481	0.278558
120809	0.230474
336806	0.524716
337410	0.535634
287764	0.774035
413823	0.352201
240730	0.296740
400887	0.315154
5344	0.313671
69724	0.488475
69793	0.201643
175415	0.324328
175558	0.304471
388828	0.600731
204666	0.230873
190655	0.300026
204729	0.765150
339826	0.249914
254236	0.548461
205363	0.242252
164593	0.268574
177792	0.341689
354066	0.138773
379114	0.570011
404279	0.391004
379162	0.502975
125416	0.139143
22782	0.387679
178744	0.370931
22887	0.386949
23001	0.171217
291693	0.540001
303963	0.174308
355346	0.209205
356019	0.547880
60411	0.304921
60442	0.169533
316718	0.514227
60619	0.374983
126916	0.735291
61023	0.199197
61090	0.540639
180745	0.428316
281438	0.623261
140996	0.609850
257528	0.687087
114535	0.286898
357168	0.443673
61878	0.383107
209463	0.366323
246421	0.639281
40507	0.278947
270234	0.166648
195531	0.233905
393744	0.673443
270454	0.239405
115346	0.761156
89547	0.505348
75825	0.221007
63033	0.327570
116023	0.291846
63311	0.552953
196874	0.273913
383297	0.571342
247779	0.223904
196966	0.661652
247837	0.384672
143161	0.764114
64037	0.247898
76998	0.311628
64164	0.326991

2013080717260000009	1.810397
2013080717260000009	201308071726	http://www.examiner.com/article/kim-kardashian-reveals-second-post-baby-video-shows-face-for-camera	Kim Kardashian reveals second post-baby video ; shows face for camera - National Celebrity Headlines | Examiner.com
144751	0.415488
172094	0.544823
148612	0.396215
69793	0.435741
401367	0.740059
351999	0.492157
204630	0.445220
72187	0.430089
379114	0.601470
127291	0.574306
281438	0.604463
40602	1.440402
383297	0.627533
307344	0.587643
77451	0.592066
43439	0.781022
360132	0.371208
44929	0.223910
45992	0.435685
15937	0.653510
47683	0.320712
16535	1.014074
110044	0.822941
339695	0.419375
56849	0.623987
23001	0.252672
269873	0.695586
88849	1.118546
394580	0.332891
196874	0.424172
247772	0.645803

2013080718260000007	1.810397
2013080718260000007	201308071826	http://www.examiner.com/article/kim-kardashian-reveals-second-post-baby-video-shows-face-for-camera?cid=rss	Kim Kardashian reveals second post-baby video ; shows face for camera - National Celebrity Headlines | Examiner.com
77451	0.592066
43439	0.781022
360132	0.371208
144751	0.415488
44929	0.223910
45992	0.435685
15937	0.653510
172094	0.544823
47683	0.320712
16535	1.014074
148612	0.396215
69793	0.435741
401367	0.740059
351999	0.492157
110044	0.822941
204630	0.445220
339695	0.419375
56849	0.623987
72187	0.430089
379114	0.601470
23001	0.252672
127291	0.574306
281438	0.604463
269873	0.695586
88849	1.118546
40602	1.440402
394580	0.332891
196874	0.424172
383297	0.627533
247772	0.645803
307344	0.587643

2013080715240000010	1.800102
2013080715240000010	201308071524	http://www.bbc.co.uk/newsbeat/23600587#sa-ns_mchannel=rss&ns_source=PublicRSS20-sa	BBC - Newsbeat - Miley Cyrus is set to knock Avicii off number one spot
130657	0.835365
91370	0.358586
359632	0.780237
130869	0.484579
144528	0.393912
131612	0.176835
158941	0.972097
45415	0.311909
132008	0.414345
373300	0.269023
411246	0.326698
398070	0.887464
172486	0.217848
386404	0.294287
49519	0.408634
263148	0.556837
50251	0.222409
50387	0.213959
287143	0.445188
299844	0.294356
202577	0.526670
264342	0.425052
69793	0.206040
175333	0.325512
277013	0.385856
414527	0.201870
389276	0.465534
339826	0.441946
289738	0.965586
254236	0.968657
390218	0.284058
390250	0.539623
266624	1.144486
124470	0.489369
35481	0.233587
21354	0.469361
403809	0.762042
340828	0.557400
379114	0.600754
36073	0.290772
111872	0.498670
111873	0.509890
206553	0.814673
379560	0.390098
112198	0.259421
8688	0.246219
22767	0.205304
139298	0.237949
153175	0.500311
255797	0.651141
59401	0.402137
207667	0.957332
207703	0.536923
60442	0.244628
73866	0.266912
208309	0.322629
194066	0.972900
140759	0.366837
281438	0.599674
141049	0.424884
141258	0.343666
141608	0.994513
40237	0.467373
305867	0.143889
344100	0.507415
393645	0.228973
195451	0.158876
270234	0.205845
89592	0.729590
371000	0.320660
26959	0.966540
383297	0.548637
196994	0.275200
13287	0.435801
346075	0.331835

2013080804590000007	1.636338
2013080804590000007	201308080459	http://www.huffingtonpost.com/2013/08/07/two-and-a-half-men-amber-tamblyn-daughter_n_3722178.html?utm_hp_ref=tv	` Two And A Half Men ' Casts Amber Tamblyn To Play Charlie 's Lesbian Daughter In Season 11
42967	0.520893
307937	0.286616
333892	0.206361
372762	0.269369
144751	0.200250
29025	0.272168
14502	0.274765
44929	0.176744
373107	0.533580
45299	0.189593
396803	1.122131
29408	0.387820
385087	0.667457
118569	0.303484
213365	0.389861
2003	0.448408
397340	0.216039
262116	0.554613
47716	0.312078
48684	0.283367
386404	0.236729
80626	0.295043
275152	0.690881
31749	0.436459
363043	0.500816
349571	0.272617
161181	1.217481
121054	0.459420
215972	0.117452
108697	0.359252
324773	0.122647
216636	0.483108
388135	0.269996
52771	0.326521
149005	0.500167
364796	0.273019
96868	0.413089
253114	0.907853
402036	0.957239
217740	0.132447
402141	0.678736
204032	0.339232
313645	0.131570
339570	0.265719
204630	0.189122
339720	0.350090
176903	0.314006
353325	0.255458
266523	0.830363
379114	0.542108
404633	0.241184
125416	0.125034
86281	0.374293
152669	0.283154
405075	0.249358
244153	0.428743
354958	0.138515
23001	0.114457
303963	0.176068
391827	0.452336
112976	0.302704
292143	0.315246
329780	0.326021
356124	0.210659
60487	0.217943
392252	0.176820
73866	0.291245
304710	0.513790
369012	0.274985
24382	1.057944
154674	0.278250
356726	0.265099
61441	0.318092
281438	0.547115
381756	0.711416
39756	0.329069
407555	0.825206
407652	1.045275
11152	0.511173
62066	0.251423
141615	0.188918
11271	0.134154
281979	0.454026
40392	0.257064
270234	0.132333
11523	0.367898
89675	0.191225
12020	0.465098
12066	0.316538
382669	0.311131
358033	0.423733
258605	0.702547
258757	0.479871
76431	0.261501
358575	0.129096
196884	0.246694
383297	0.570441
283285	0.241010
27857	0.304870
64263	0.329964

2013080617350000013	1.628264
2013080617350000013	201308061735	http://news.yahoo.com/top-10-songs-albums-itunes-store-172918537.html	The top 10 songs and albums on the iTunes Store - Yahoo ! News
320561	0.551888
144528	0.320100
65448	0.775979
173658	0.536475
202577	0.714250
324773	0.212190
175638	0.780524
351999	0.412457
176584	0.871044
353278	1.013310
254236	0.786442
379114	0.540214
231857	0.667183
152979	0.913505
37489	0.660329
207667	0.953634
330004	0.766767
180649	0.364488
281438	0.544025
40918	0.402614
383297	0.565980
42809	0.547839
130869	0.485550
260457	0.385563
131612	0.181728
185019	0.428853
334448	0.843670
14930	0.921134
213090	0.622105
285440	0.963039
47812	0.348166
106519	0.676560
81894	0.370655
188546	0.498590
413880	1.068427
364828	0.864581
19679	0.671227
54801	0.526706
190655	0.477743
339826	0.359453
390218	0.245666
390250	0.731642
367955	0.778685
60442	0.276986
61143	0.347892
114569	0.398933
62604	0.345091
89592	0.567023
222651	0.685428
116023	0.397156
116772	0.704181
346075	0.450128

2013080617350000020	1.628264
2013080617350000020	201308061735	http://sg.news.yahoo.com/top-10-songs-albums-itunes-store-172918537.html	The top 10 songs and albums on the iTunes Store - Yahoo ! News Singapore
320561	0.551888
144528	0.320100
65448	0.775979
173658	0.536475
202577	0.714250
324773	0.212190
175638	0.780524
351999	0.412457
176584	0.871044
353278	1.013310
254236	0.786442
379114	0.540214
231857	0.667183
152979	0.913505
37489	0.660329
207667	0.953634
330004	0.766767
180649	0.364488
281438	0.544025
40918	0.402614
383297	0.565980
42809	0.547839
130869	0.485550
260457	0.385563
131612	0.181728
185019	0.428853
334448	0.843670
14930	0.921134
213090	0.622105
285440	0.963039
47812	0.348166
106519	0.676560
81894	0.370655
188546	0.498590
413880	1.068427
364828	0.864581
19679	0.671227
54801	0.526706
190655	0.477743
339826	0.359453
390218	0.245666
390250	0.731642
367955	0.778685
60442	0.276986
61143	0.347892
114569	0.398933
62604	0.345091
89592	0.567023
222651	0.685428
116023	0.397156
116772	0.704181
346075	0.450128

2013080214390000007	1.625377
2013080214390000007	201308021439	http://news.yahoo.com/robin-miley-bruno-song-summer-133958973.html	Robin ! Miley ! Bruno ! Who has the song of summer ? - Yahoo ! News
42792	0.539362
157698	0.589098
77300	0.810829
77697	0.794268
130854	0.245167
130858	0.348712
320561	0.424536
333892	0.198798
144528	0.281289
260457	0.321509
410373	0.464664
44394	0.199895
296978	0.655523
78446	0.189835
158881	0.455606
45240	0.203989
334448	0.489981
213090	0.622152
213121	0.281852
285440	0.561519
47269	0.332800
106360	0.262178
93736	0.375217
262394	0.504303
386069	0.266229
322776	0.378151
48986	0.327842
251078	0.306754
187026	0.302473
120655	0.287862
120711	0.559258
363287	0.274668
323827	0.401725
173658	0.438611
187745	0.573936
4281	0.205207
51541	0.377342
337280	0.687075
337409	0.307589
413880	0.748228
364828	0.656522
175638	0.782073
351999	0.374771
217790	0.345808
54801	0.528656
84080	0.480561
123516	0.468562
301783	0.600487
176553	0.253721
190563	0.441439
190655	0.517594
339826	0.277799
302344	0.872582
353325	0.243984
254236	0.608727
35481	0.266053
278723	0.358180
21492	0.340335
111731	0.259103
379114	0.515879
152417	0.553058
57982	0.562420
36535	0.811988
8558	0.342233
178553	0.301167
367955	0.773507
231857	0.661055
355241	0.369027
303963	0.193630
37489	0.499142
316603	0.297371
60392	0.513386
180023	0.521355
330004	0.765383
61143	0.202442
127667	0.386083
281438	0.554749
181077	0.308854
195104	0.480670
62066	0.226967
305867	0.144617
222651	0.575589
196069	0.432862
247281	0.323275
358575	0.176433
196809	0.321152
383297	0.541942
197046	0.305607
409221	0.747081
157317	0.302527
42605	0.194093

2013080117390000004	1.598059
2013080117390000004	201308011739	http://blog.sfgate.com/dailydish/2013/08/01/sponsored-post-cheech-and-chong-headed-to-san-francisco/	Sponsored post : Cheech and Chong Headed to San Francisco | Daily Dish | an SFGate.com blog
396193	0.378644
360132	0.302147
44394	0.281655
117941	0.373948
105380	0.558796
347746	0.712773
285352	0.976750
46424	0.397892
15865	0.466543
47812	0.345061
262521	0.657268
49039	0.683808
49208	0.369214
275152	0.668584
412507	0.401288
215269	0.463903
50045	0.297980
80979	1.426012
107639	0.230368
201406	0.311252
311139	0.381330
287143	0.407577
299360	0.321608
18029	0.394132
202174	0.666293
4720	0.580076
228113	0.195210
96346	0.431872
69947	0.747621
217740	0.218973
301658	0.787794
20310	0.430792
339313	0.685965
243016	0.653708
314715	0.469656
404173	0.489898
379114	0.530475
328276	0.731081
72453	0.460234
86637	0.550832
58561	0.206719
58674	0.386518
139299	0.372248
59633	0.787285
153751	1.088172
154641	0.400945
281438	0.533792
88995	0.639794
75253	0.755140
195451	0.182495
41059	0.564457
26235	0.332655
246925	0.377106
103009	0.402910
371015	0.396106
358325	0.491233
383297	0.554882
143098	0.382552
332776	0.568417
63999	0.222169
157454	1.056228
13392	0.228168

2013080617250000004	1.575658
2013080617250000004	201308061725	http://www.examiner.com/article/exhibition-of-ancient-persia-at-sf-s-asian-art-museum?cid=rss	Exhibition of Ancient Persia at SF 's Asian Art Museum - San Francisco Fine Arts Museums | Examiner.com
117941	0.601422
373300	0.374485
172486	0.345333
375029	1.446706
31896	0.406976
252493	1.439013
122329	0.635278
33631	0.722898
302698	0.304491
151748	0.866099
177686	0.370884
404126	0.754812
279084	0.482232
379413	0.675292
279406	0.731689
354958	0.294125
153368	0.410601
180801	0.329203
281438	0.787829
39442	1.284343
40713	0.653419
282907	0.296863
210791	0.550111
42578	0.445333
260273	0.892769
360026	0.691700
50045	0.479514
239816	0.398163
187728	0.755815
83442	1.160808
313645	0.247379
289394	0.748574
166302	0.531018
392260	0.289419
167848	1.107327
89746	1.229384
247752	1.586422
143098	0.614902

2013080214390000005	1.561517
2013080214390000005	201308021439	http://sg.news.yahoo.com/robin-miley-bruno-song-summer-133958973.html	Robin ! Miley ! Bruno ! Who has the song of summer ? - Yahoo ! News Singapore
42792	0.588948
157698	0.645063
77300	0.884412
77697	0.870946
130854	0.268191
320561	0.458087
333892	0.217171
144528	0.302116
260457	0.315228
44394	0.216781
45240	0.220211
334448	0.539568
213090	0.676214
213121	0.303847
285440	0.617866
47269	0.362516
93736	0.409170
262394	0.553613
386069	0.286600
322776	0.412219
48986	0.358510
251078	0.337054
187026	0.329169
120711	0.608967
363287	0.296376
323827	0.433275
173658	0.478159
187745	0.629069
4281	0.222665
51541	0.409448
337409	0.336162
413880	0.815497
364828	0.717459
175638	0.849571
351999	0.405243
54801	0.559394
84080	0.527224
123516	0.504892
301783	0.642585
176553	0.277361
190563	0.475130
190655	0.562832
339826	0.298503
353325	0.265133
254236	0.653152
35481	0.246623
278723	0.394138
21492	0.373579
111731	0.284610
379114	0.485499
152417	0.606570
36535	0.884657
8558	0.374498
178553	0.331305
367955	0.814000
231857	0.695999
303963	0.213130
37489	0.545904
316603	0.325589
60392	0.564596
330004	0.832337
61143	0.222844
127667	0.416784
281438	0.538009
181077	0.339563
195104	0.517046
62066	0.206693
305867	0.157760
222651	0.628541
196069	0.475760
247281	0.347844
358575	0.192672
196809	0.352662
383297	0.509344
409221	0.811290
157317	0.330601
42605	0.211501

2013080800510000002	1.527802
2013080800510000002	201308080051	http://www.sfgate.com/art/article/The-Cyrus-Cylinder-and-Ancient-Persia-object-4715601.php	` The Cyrus Cylinder and Ancient Persia ' : object of pride - SFGate
117118	0.299516
117247	0.404075
117412	0.463314
260273	0.606818
117941	0.331266
44916	0.539218
65706	0.347039
309161	0.405300
347748	0.279096
45758	0.352394
249787	0.232325
273753	0.639246
66484	0.371943
186031	0.539709
348403	0.359034
322296	0.496423
172486	0.203287
336001	0.486516
133695	0.291063
67837	0.318333
374905	0.185059
215183	0.412437
375029	0.904833
50045	0.263718
31896	0.322636
239789	0.417917
202156	0.318713
387789	0.258661
135155	0.857367
228113	0.156021
188546	0.392758
324773	0.174105
364377	0.362937
52668	0.451357
252493	0.896441
33631	0.668002
364938	0.533195
401559	0.296825
83442	0.678152
686836	1.560283
55347	0.895209
289394	0.543522
218786	0.268436
98636	0.428554
205568	0.251783
151748	0.548725
290501	0.409774
404126	0.557908
279084	0.436113
152149	0.377332
279296	0.537460
341160	0.970004
22371	0.497725
153176	0.519873
244877	0.422262
73671	0.436923
140068	0.329613
220719	0.443116
180026	0.428616
392252	0.243565
392260	0.205788
101111	0.579213
24355	0.167857
281438	0.763901
141097	0.348353
343773	0.430979
167848	0.632163
40115	0.214273
234294	0.581385
393645	0.261833
40713	0.429522
62565	0.336679
89746	1.022079
420634	0.343807
156799	0.457447
282907	0.204231
210791	0.370189
271191	0.254890
196874	0.259374
247752	0.882990
143098	0.339215
42578	0.385605
13378	0.368280
333051	0.519055

2013080121340000002	1.524847
2013080121340000002	201308012134	http://www.miamiherald.com/2013/08/01/3536820/teen-choice-awards-to-feature.html	LOS ANGELES : Teen Choice awards to feature Cyrus , Bullock - People Wires - MiamiHerald.com
371964	0.494978
248961	0.997660
272556	0.464698
260457	0.367659
360132	0.323174
117928	0.668409
237231	0.436873
46009	0.797155
92827	0.746347
262024	0.403234
47377	0.497212
106360	0.503617
160297	1.069958
215030	0.256328
412653	0.986366
215373	1.048704
32132	1.064014
364153	0.273228
108695	0.872962
135273	1.269974
388135	0.407620
312662	0.741157
83187	0.497571
54389	0.404500
415024	0.398054
123589	0.436648
243016	0.526577
151566	0.606582
151673	0.997398
340569	0.322054
267103	0.751562
404263	0.478633
379114	0.506698
112198	0.343812
355346	0.319787
9343	0.784371
153814	0.493570
356019	0.603198
61087	0.849960
61143	0.323984
281438	0.509074
61700	0.616668
195451	0.208080
155936	0.846048
40918	0.395077
357905	0.310757
258757	0.753174
63869	0.408108

2013080614050000004	1.506995
2013080614050000004	201308061405	http://www.cleveland.com/people/index.ssf/2013/08/reports_confirm_jennifer_lopez.html	Reports confirm Jennifer Lopez ' return as an ` Idol ' judge ; Sesame Street parodies ` Sons of Anarchy ' ; more - A.M. Entertainment News Links | cleveland.com
78594	0.451349
334437	0.766416
249550	1.181812
47269	0.450453
262027	0.630912
106427	0.561870
172486	0.436321
94528	0.302581
120367	0.323628
120419	0.335618
50996	0.840097
337172	0.648024
18447	0.711220
188648	0.388313
69793	0.275227
69882	0.986203
149384	0.588780
83627	1.174741
302698	0.406142
327973	0.322657
379114	0.501035
22122	0.357359
125416	0.259086
125641	1.071865
232172	0.980569
60400	0.429603
369047	0.586267
61143	0.287977
74232	0.754061
180801	0.385727
38841	0.474226
281438	0.502980
269664	0.286547
40003	0.553863
305844	1.052088
11340	0.390583
270234	0.326270
27166	0.986019
283285	0.316628

2013080813160000013	1.495787
2013080813160000013	201308081316	http://www.philly.com/r?19=961&43=168041&44=218825701&32=3796&7=195357&40=http://www.philly.com/philly/entertainment/Beyonce-pulled-a-Miley-Cyrus-and-chopped-off-all-of-her-hair.html	Beyonc? 's new haircut is super short because , Miley Cyrus
42786	0.625458
248414	0.704678
272299	0.568543
296605	0.762635
333892	0.219267
144528	0.288184
144750	0.269506
360626	0.262978
199489	0.422757
309950	0.407090
397843	0.322799
159833	0.305825
250473	0.248725
336091	0.502077
215057	0.797183
386790	0.431146
49934	0.496091
201406	0.326163
50282	0.369124
336728	0.373992
251615	0.340929
239788	0.431208
413056	0.405487
81804	0.721103
299844	0.251836
95981	0.477543
264694	0.443023
53578	0.285982
228928	0.335527
19654	0.299915
110005	0.967641
217740	0.334893
164105	0.302193
151407	0.706224
99008	0.427458
354066	0.268977
379114	0.495962
315216	0.760188
165134	1.078162
125416	0.156501
86700	0.291014
73013	0.444116
112563	0.412477
153191	0.413286
37702	0.341473
193336	0.282042
232615	0.432564
245147	0.323465
392252	0.264420
342698	0.357639
88125	0.365607
381238	0.432488
208779	0.442771
281438	0.499912
39511	0.766172
194861	0.441591
419522	0.324293
114569	0.500471
62134	0.691946
168645	0.402550
12250	0.379575
41525	0.417125
420634	0.352722
168890	0.439265
394580	0.239429
306930	0.483262
41984	0.644876
383297	0.520564
157317	0.361391
64242	0.565259

2013080120270000007	1.484766
2013080120270000007	201308012027	http://www.utsandiego.com/news/2013/aug/01/teen-choice-awards-to-feature-cyrus-bullock/	Teen Choice awards to feature Cyrus , Bullock | UTSanDiego.com
371964	0.480648
43009	0.403681
248961	0.950337
272556	0.443505
260457	0.354756
360132	0.311159
117928	0.647719
237231	0.415903
46009	0.760051
92827	0.711383
262024	0.383767
47377	0.481506
106360	0.482416
160297	1.019516
215030	0.245451
412653	0.946939
215373	1.001922
50387	0.196442
32132	1.021024
364153	0.265509
108695	0.832598
135273	1.211651
388135	0.393095
312662	0.718698
83187	0.478589
54389	0.384863
415024	0.384757
123589	0.429619
123885	0.706561
243016	0.509299
151566	0.589748
151673	0.958419
340569	0.311110
267103	0.715698
404263	0.461326
379114	0.493123
112198	0.347917
355346	0.308740
9343	0.761126
153814	0.483716
356019	0.579902
61087	0.811757
61143	0.319557
281438	0.495821
61700	0.607478
195451	0.199094
155936	0.822757
40918	0.380195
357905	0.296686
258757	0.722425
169130	0.932022
383297	0.515005
63869	0.394964

2013080718260000017	1.444203
2013080718260000017	201308071826	http://www.huffingtonpost.com/2013/08/05/miley-cyrus-underwear-notion_n_3706686.html	Miley Cyrus Poses In Her Underwear For Notion Magazine
158022	0.157378
296589	0.188407
91693	0.229083
144528	0.203713
117863	0.314193
372762	0.209796
360132	0.323368
144751	0.124892
144838	0.131659
29025	0.211996
131677	0.149629
78406	0.282321
237231	0.296658
44929	0.117383
360626	0.130369
45240	0.138592
373300	0.142898
360918	0.309440
92694	0.215933
118569	0.238144
273398	0.293134
397731	0.160160
186013	0.170327
262024	0.273118
397981	0.456086
386069	0.161204
48684	0.220634
336270	0.434558
120367	0.114509
107639	0.111730
201406	0.311606
349571	0.212385
50387	0.093433
363382	0.417426
412993	0.253233
17934	0.206424
95343	0.408142
375879	0.230561
18447	0.257333
324773	0.159733
52771	0.256994
33771	0.318496
149424	0.322761
54110	0.376218
288771	0.202818
19654	0.171995
54389	0.273285
338808	0.152998
163082	0.326304
301231	0.406961
217730	0.245713
217740	0.103107
313645	0.103246
289407	0.261471
176505	0.175390
176539	0.182232
339570	0.335787
55883	0.367138
190806	0.355077
35046	0.237353
84967	0.499776
35481	0.183716
379114	0.478324
191822	0.177100
404424	0.251954
404633	0.189180
291029	0.396267
57837	0.151571
86195	0.221192
192260	0.178348
178553	0.198278
139298	0.176970
23001	0.100464
255623	0.298861
303963	0.184418
355346	0.166888
112976	0.237483
292143	0.245481
73690	0.225686
356124	0.235445
126802	0.175744
60442	0.104182
73866	0.131400
154177	0.114084
356726	0.207965
281438	0.482939
246067	0.513841
357050	0.149756
62066	0.117609
270131	0.295085
195525	0.182315
40918	0.317810
420170	0.192396
394580	0.138990
76431	0.203706
196874	0.187454
196884	0.209934
383297	0.487258
358826	0.248481
13392	0.115885

2013080404460000008	1.429409
2013080404460000008	201308040446	http://www.huffingtonpost.com/marshall-ganz/jim-messina-organizing-fo_b_3702196.html?utm_hp_ref=politics	Jim Messina , Organizing for Reaction | Marshall Ganz
42742	0.808911
283789	0.648849
43009	0.354255
259796	0.520219
359564	0.466430
130799	0.491310
260457	0.329461
144751	0.222223
78455	0.673914
272968	0.223707
44929	0.162913
45992	0.287297
46994	0.388522
322311	0.572760
172094	0.326943
106401	0.264970
348556	0.301618
386041	0.478977
238746	0.312322
386441	0.337537
298680	0.810437
262890	0.999017
3407	0.210142
49527	0.568555
94528	0.207423
201177	0.384305
17165	0.738872
49924	0.665087
50380	0.683818
173569	0.585030
108561	0.598645
217074	0.405782
149871	0.729259
339257	0.807630
218169	0.245445
229750	0.484986
190655	0.414350
403380	0.346959
35481	0.220008
71996	0.247639
378912	0.431776
219229	0.903161
177792	0.428719
279040	0.380994
379114	0.474089
379346	0.662983
57800	0.230774
125362	0.640897
153191	0.387889
207459	0.252392
100709	0.410282
100919	0.279811
74120	0.317135
269101	0.603135
180760	0.231805
281438	0.477660
88918	0.581395
11340	0.257453
195443	0.399327
40661	0.559385
344284	0.604746
420056	0.764968
331534	0.262893
182218	0.396969
357771	0.488730
306406	0.478093
89730	0.396294
408637	0.360467
182805	0.305656
394580	0.238242
358450	0.486382
383297	0.497177
346075	0.418876

2013080404440000002	1.380164
2013080404440000002	201308040444	http://au.news.yahoo.com/nsw/latest/a/-/article/18351391/avicii-australias-no-1-swedish-act/	Avicii Australia 's No. 1 Swedish act - Yahoo ! 7
359263	0.321681
42887	0.381704
117030	0.690713
42945	0.495433
130869	0.479058
144528	0.266873
144751	0.223385
131612	0.287125
260708	0.409706
78431	0.419966
78446	0.248264
44856	0.633404
44929	0.220789
360598	0.386197
45240	0.298730
45486	0.347102
213285	0.333520
321614	0.310762
106478	0.262276
336057	1.102572
147046	0.558793
263148	0.770570
49825	0.216610
50003	0.464161
215292	0.577719
50251	0.306638
287143	0.488718
350112	0.548633
135085	1.051956
82182	0.376004
188546	0.443795
287960	0.471229
264657	0.687727
175386	0.371990
19679	0.596283
326259	0.400866
190655	0.503185
339826	0.299663
254236	0.655709
21354	0.412943
379114	0.457842
379162	0.714228
111873	0.347258
367485	0.731935
112114	0.620938
58501	0.937983
405245	0.735295
207667	1.183652
59875	0.402984
316603	0.317490
60442	0.258940
113851	1.075880
281438	0.461161
39309	0.307225
343776	0.376707
344122	0.521013
40507	0.331105
257911	0.985810
89433	0.838255
89592	0.709524
383297	0.479867
197429	0.301615

2013080214390000003	1.374850
2013080214390000003	201308021439	http://www.utsandiego.com/news/2013/aug/02/robin-miley-bruno-who-has-the-song-of-summer/	Robin ! Miley ! Bruno ! Who has the song of summer ? | UTSanDiego.com
42792	0.426485
77300	0.964508
77697	0.637380
130858	0.318711
320561	0.465518
144528	0.196043
170592	0.398250
260457	0.380752
44746	0.249858
296978	0.599373
78446	0.173383
237231	0.250580
158881	0.605435
45240	0.224519
213090	0.623816
237594	0.553893
262024	0.230878
106360	0.239573
238951	0.273471
187026	0.367536
80523	0.206392
398890	0.669143
375008	0.270815
323821	0.520221
173658	0.415278
201883	0.642668
51541	0.428306
337280	0.627899
337409	0.250332
400280	0.837688
33069	0.441190
364402	0.641203
413880	0.540224
252530	0.495365
122466	0.428776
135733	0.390226
364828	0.519858
203203	0.727095
252802	0.598467
69996	0.612158
19436	0.640835
175638	0.784292
54108	0.387838
54389	0.231200
351999	0.268964
217730	0.287273
217790	0.316121
54801	0.569110
339275	0.715419
55412	0.520788
301783	0.465906
150581	0.276941
415451	0.380771
190655	0.550879
339826	0.219851
327003	0.614712
302344	0.797590
254236	0.482300
35481	0.226385
21354	0.234844
278723	0.289179
85538	0.308810
379114	0.401769
86103	0.872630
57923	0.830031
22451	0.727770
8499	0.287994
112198	0.220420
36535	0.966799
178553	0.243054
367955	0.734139
231857	0.626236
355241	0.458693
153077	0.286453
303963	0.156389
37489	0.395785
418083	0.694099
368608	0.328038
316603	0.282902
60392	0.414160
60442	0.238467
329932	0.484185
330004	0.767308
381419	0.642181
281438	0.486541
221896	0.315427
370026	0.689264
195104	0.386343
62066	0.232843
25959	0.612057
222459	0.699272
294454	0.333300
222651	0.455047
196180	0.611427
247228	0.600977
408636	0.677883
235377	0.228232
383297	0.421948
383495	0.942211
248071	0.724222

2013080311060000002	1.356857
2013080311060000002	201308031106	http://www.usatoday.com/story/tech/columnist/vergano/2013/08/03/human-hair-evolution-chimps/2609859/	Why are n't people more hairy ?
283879	0.322375
359578	0.535284
333526	0.228338
212170	0.336515
272556	0.266531
117783	1.112465
144751	0.165589
29100	0.262483
78446	0.186142
198967	0.369881
237231	0.262662
44929	0.159458
118855	0.212325
262024	0.241933
66911	0.221198
106533	0.625561
322546	0.371434
262394	0.428410
398604	0.714307
187026	0.250011
67807	0.292876
133720	0.793836
386745	0.724487
107639	0.213705
50282	0.258461
32041	0.579858
215636	0.346591
263478	0.576103
336783	0.645224
121465	0.304355
299844	0.190923
375965	0.320269
108692	0.284941
376198	0.299496
174682	0.601729
414187	0.395914
175558	0.254099
766464	1.031121
122960	0.247606
54389	0.242194
54390	0.207007
338939	0.501768
253570	0.252218
190154	0.928753
190196	0.825400
55612	0.219579
190386	0.330242
242508	0.372990
266136	0.347331
326889	0.349451
204784	0.296538
390046	0.389795
403498	0.302162
35394	0.416736
416095	0.328080
403776	0.760089
35633	0.483740
302698	0.166722
57382	0.303687
379114	0.449602
328319	0.513087
86366	0.861308
178553	0.328920
8688	0.209527
112563	0.586251
192800	0.390268
179091	0.355931
355343	0.315987
405709	0.556227
59266	0.335923
87246	1.132381
418315	0.640341
140068	0.457449
329776	0.270654
329822	0.541617
60624	0.297828
342871	0.472612
24731	0.606591
245875	0.307744
281438	0.453628
141018	0.244248
114434	0.332375
194861	0.327238
343994	0.488891
195271	0.362533
195451	0.157957
40758	0.788224
102561	0.352087
357905	0.185200
383297	0.472836
259118	0.590466
358847	0.288157
211346	0.240621
63999	0.208645
104021	0.441463
248093	0.317851
130219	0.248948
64220	0.205892

2013080806370000006	1.339676
2013080806370000006	201308080637	http://examiner.com/article/mcdonald-s-franchisees-furious-operation-costs-too-high	McDonald 's franchisees furious : Operation costs too high - Indianapolis News | Examiner.com
271849	0.412305
284020	0.626198
130799	0.472137
272742	0.430589
199245	0.358706
65944	0.278839
185968	0.397009
262099	0.491510
200079	0.341246
322637	0.471560
172486	0.306917
201406	0.339087
51272	0.297457
18197	0.372700
51710	0.528064
400181	0.527583
216403	0.491946
216481	0.474903
414527	0.295316
338581	0.405251
352045	0.817502
217702	0.301800
218055	0.248928
6596	0.256226
136973	0.344040
353325	0.263896
205261	0.845834
218932	0.336730
278723	0.407402
71996	0.308310
21736	0.456341
327973	0.265391
57311	0.462481
111731	0.332514
379114	0.445379
303150	0.349442
125416	0.158419
58058	0.342276
280153	0.476191
268129	0.460880
60210	0.207344
232974	0.421176
88015	0.533773
180385	0.536886
317075	0.465065
24587	0.347039
140936	0.326742
281438	0.447149
181009	0.695214
343495	0.348740
306086	0.270026
102485	0.317263
182246	0.295579
234771	1.442258
89588	0.312280
128898	0.455252
196130	0.318467
394580	0.239870
383297	0.463737
63999	0.216038

2013080906560000006	1.296452
2013080906560000006	201308090656	http://www.examiner.com/article/san-francisco-hosts-world-premiere-of-king-cyrus-symphonic-suite?cid=rss	San Francisco hosts world premiere of ` King Cyrus Symphonic Suite ' - San Francisco Performing Arts | Examiner.com
157730	0.305622
333244	0.402560
283879	0.337374
13917	0.285721
144136	0.458158
64899	0.320076
260166	0.561275
272409	0.455858
333678	0.289692
260273	0.483211
14231	0.789264
396193	0.339315
768006	1.812060
260457	0.223176
360132	0.264642
117941	0.364107
347335	0.402338
44843	0.789752
384830	0.848951
373115	0.358254
92424	0.930500
309161	0.585949
273467	0.437118
47083	0.438909
106400	0.191276
47683	0.169157
47763	0.265688
106847	0.268003
323302	0.822365
120419	0.193019
215183	0.271218
375099	0.410070
50045	0.289790
107639	0.189963
201406	0.248081
299304	0.283517
17934	0.274713
387499	0.300693
324663	0.674197
174694	0.328473
300210	0.423674
174878	0.755937
5344	0.324514
351216	0.293419
33631	0.324439
53578	0.171739
162851	0.204491
758924	1.033912
415335	0.318207
242412	0.611729
313959	0.379505
204666	0.260008
390046	0.244641
353376	0.222034
403718	0.404184
191447	0.426443
35642	0.801984
302698	0.189031
72070	0.415364
22371	0.390990
99650	0.183954
112198	0.301753
23356	0.587582
179335	0.343193
126382	0.220212
166331	0.183791
292226	0.322818
179870	0.530321
140068	0.349393
791365	0.966040
329886	0.295636
369085	0.623879
61023	0.168651
24355	0.190502
127291	0.326711
406724	0.300355
154641	0.243926
10446	0.212789
127549	0.689421
257084	0.257241
194313	0.246654
281438	0.648226
790272	1.257544
281595	0.357498
39378	0.252447
257645	0.670347
195451	0.156173
40772	0.667587
370638	0.299722
89746	0.619369
344889	0.407952
210613	0.261292
318976	0.255104
247752	0.950803
421107	0.354977
247814	0.693213
143098	0.372936
271551	0.476672
42578	0.455834
64220	0.266297

2013080417200000003	1.288774
2013080417200000003	201308041720	http://www.huffingtonpost.com/2013/08/04/britney-spears-short-shorts_n_3703816.html?utm_hp_ref=celebrity	Britney Spears Rocks Short Shorts On Outing With Boyfriend David Lucado
157698	0.517588
170124	0.482232
43446	0.237116
212323	0.311091
144528	0.195669
372762	0.335134
360132	0.267649
44394	0.157029
29025	0.338437
131584	0.461780
131612	0.127413
260716	0.395799
44922	0.375514
347746	1.033313
118535	0.536949
118569	0.378254
385369	0.244291
47269	0.279508
322546	0.314693
262586	0.352633
48684	0.283463
187026	0.206490
49825	0.149162
215292	0.345989
349571	0.338633
50251	0.174207
227057	0.396887
50481	0.425090
51310	0.384747
81708	1.278942
400141	0.645987
18447	0.292368
33069	0.371503
188611	0.536333
33466	0.700396
364765	0.575888
122466	0.361259
175415	0.218333
189305	0.519474
83010	0.258869
53840	0.386459
228901	0.457162
149606	0.351018
54108	0.326957
19654	0.446651
217740	0.164756
54641	0.351622
83627	0.484134
313645	0.166732
176505	0.286313
176635	0.564996
378011	0.474725
150781	0.409549
85358	0.342716
379114	0.427616
206183	0.276242
404633	0.301252
86195	0.353505
367758	0.404360
86594	0.224646
178741	0.581266
303680	0.742317
23001	0.137231
139478	0.372700
153175	0.325938
37186	0.290368
232172	0.403595
112976	0.377689
23535	0.586245
59633	1.101038
356044	0.286654
60363	0.434996
60442	0.150711
9912	0.300651
292751	0.750953
101150	0.442461
101305	0.393528
356726	0.335645
281438	0.430579
209161	0.379437
39427	0.357263
114736	0.454156
269997	0.590879
75253	1.049840
115126	0.694677
195525	0.237397
40918	0.242033
11756	0.283913
26364	0.498408
182317	0.611016
129099	1.263126
76431	0.325000
196769	0.342869
196843	0.578239
383297	0.447899
345550	0.589820
283578	0.596939
409451	0.527381
395280	0.335112

2013080600480000009	1.279332
2013080600480000009	201308060048	http://feeds.abcnews.com/c/35229/f/654824/s/2f990805/sc/14/l/0Labcnews0Bgo0N0Cblogs0Centertainment0C20A130C0A80Cfeed0Efrenzy0Erobin0Emacklemore0Emiley0Ewho0Ehas0Ethe0Esong0Eof0Ethe0Esummer0C/story01.htm	Feed Frenzy : Robin , Macklemore , Miley -- Who Has the Song of the Summer ? - ABC News
157698	0.607518
77300	0.880717
283789	0.503592
359393	0.520977
77697	0.627489
144528	0.316637
396211	0.495994
360052	0.624781
396307	0.377220
260457	0.341333
44394	0.170729
158881	0.547263
45240	0.286200
334448	0.733603
78689	0.397280
45415	0.278483
213090	0.589289
285440	0.840712
66531	0.326385
172094	0.252580
106478	0.232253
106521	0.370963
67144	0.628024
386441	0.283198
49039	0.451788
187026	0.344639
120655	0.238293
50282	0.312488
173658	0.497558
239788	0.347081
51001	0.401902
51541	0.418113
337409	0.270042
95740	0.259930
312073	0.256945
108745	0.399689
413880	0.810030
188897	0.247534
351216	0.331479
69793	0.205406
364828	0.686683
325667	0.626664
175638	0.740745
54749	0.371458
218055	0.203776
123516	0.541899
190655	0.459287
339826	0.391300
340217	0.239814
353325	0.218085
254236	0.778392
21354	0.244272
278723	0.447562
151694	0.390025
403826	0.716971
379114	0.402469
328212	0.482334
112198	0.231132
36535	0.882123
178553	0.312072
379738	0.269545
58561	0.177781
126104	0.391449
207206	0.505896
179112	0.347475
153368	0.267204
37489	0.522190
9384	0.190616
153814	0.311605
316603	0.340443
60392	0.493311
60400	0.263339
330004	0.724972
61143	0.303098
281438	0.438431
39357	0.284150
39427	0.326711
269832	0.301226
39715	0.288454
270086	0.708837
40918	0.302405
331600	0.274427
222651	0.602384
306755	0.433468
182899	0.489375
156789	0.625886
235377	0.234432
307030	0.522592
383297	0.422865
42214	0.697710
42645	0.713869

2013080616360000001	1.263356
2013080616360000001	201308061636	http://www.baltimoresun.com/entertainment/bthesite/bs-b-0807-like-dislike-20130806,0,7302059.story?track=rss	Like/Dislike with John DeCampos of Bit Gen Gamer Fest - baltimoresun.com
359393	0.450590
333244	0.406861
346419	0.584586
320137	0.249821
224480	1.013490
333892	0.222379
144528	0.242242
396193	0.276647
260457	0.386774
360132	0.208664
334280	0.568341
1349	0.598035
308780	0.191057
78689	0.438476
45349	0.275744
213121	0.291664
397340	0.159212
397360	0.491235
361296	0.585580
397489	0.687521
46829	0.332535
361705	0.506822
172094	0.376775
335385	0.454626
80523	0.223806
49563	0.418889
107351	0.146474
386790	0.379837
215183	0.315966
107639	0.170437
323763	0.473650
299360	0.262823
4193	0.491279
51419	0.360933
337207	0.504212
400178	0.196028
95803	0.307743
108854	0.478889
217101	0.283241
401367	0.382825
338581	0.323952
338677	0.711885
109894	0.417977
97496	0.506720
218169	0.214718
6596	0.207984
176505	0.280200
176539	0.271817
339695	0.255504
190655	0.396665
635623	1.036351
339826	0.250409
352970	0.462452
84892	0.540951
353376	0.239495
302482	0.476711
205371	0.320193
403718	0.422060
403954	0.476597
56978	0.463382
72156	0.673779
191761	0.435392
404263	0.370725
379114	0.418916
206243	0.405088
8377	0.866230
354692	0.314641
72816	0.237432
231760	0.285540
166473	1.530700
392075	0.748664
207922	0.627043
87798	0.253981
221055	0.221548
24355	0.153245
24761	0.342552
281438	0.422220
39060	0.259939
39690	0.362210
88798	0.590481
40003	0.406693
40038	0.292269
11271	0.176705
393645	0.197065
40713	0.285844
270393	0.452998
270439	0.337533
182218	0.309557
306406	0.370794
128987	0.328717
12166	0.239338
258572	0.478658
282724	0.196165
156789	0.398777
420801	0.549533
383297	0.439628
63707	0.620818
345600	0.512525
63999	0.186260
130219	0.236774

2013080718200000023	1.231721
2013080718200000023	201308071820	http://www.huffingtonpost.com/2013/08/07/young-celebrity-marriages_n_3720239.html?utm_hp_ref=celebrity	Young Celebrity Marriages , Some Last And Some Do n't
320073	0.399031
409997	0.670710
372762	0.308917
360132	0.352498
144751	0.261505
29025	0.311999
373061	0.623229
360626	0.162315
360636	0.434418
29408	0.433188
65788	0.242396
45418	0.299683
347746	0.501832
118569	0.349044
45999	0.364077
361611	0.790490
47377	0.421526
47973	0.298035
48684	0.325347
80523	0.243753
80606	0.570444
80624	0.479620
49672	0.525119
349571	0.312254
299115	0.894027
147472	0.418754
187407	0.864945
412765	0.460768
187481	0.260148
50492	0.183180
375467	0.661922
287635	0.349889
4720	0.567868
252157	0.255587
287764	0.498553
216493	0.276853
109091	0.257324
202859	0.629671
148993	0.439759
175415	0.219170
96868	0.576968
53757	0.542047
136246	0.347947
388943	0.451124
217740	0.189591
54643	0.274287
313645	0.153153
313783	0.503088
352692	0.515732
204673	0.680087
389764	0.665603
151566	0.276171
85358	0.307797
254787	0.330970
290707	0.720130
379114	0.408123
22122	0.164742
367484	0.575623
404633	0.277852
178233	0.804756
112121	0.388557
138868	0.562453
379738	0.239640
58461	0.325952
178741	0.601369
178796	0.474504
139263	0.386645
23001	0.128919
139379	0.401119
112709	0.236744
405792	0.483548
112976	0.348437
292143	0.361826
256284	0.558507
329780	0.204541
60487	0.243775
180026	0.418008
73866	0.193773
24359	0.506218
61090	0.387681
356726	0.308341
343261	0.492485
180831	0.505768
281438	0.411799
155217	0.883070
343746	0.359269
40392	0.339218
128773	0.744679
41158	0.321724
234863	0.206825
12250	0.295906
26986	0.896332
394580	0.162665
76431	0.299647
383297	0.429258
383298	0.473485
345421	0.258619
196966	0.540449
394999	0.299116
197519	0.554800

2013080705000000015	1.230647
2013080705000000015	201308070500	http://www.detroitnews.com/article/20130807/ENT09/308070026/-1/rss12	Grapevine : Usher 's son nearly drowns in pool incident | The Detroit News
42700	0.300922
497	0.617065
260110	0.407032
144528	0.194997
320624	0.297949
396313	0.317200
144750	0.218127
14444	0.156410
14502	0.325449
260643	0.438598
360307	0.591233
184840	0.206135
360626	0.188204
373300	0.211252
335007	0.318304
93165	0.631523
66911	0.253104
106491	0.131610
250888	0.527642
49044	0.260761
49305	0.205832
173241	0.531611
49982	0.445010
68170	0.657447
17419	0.197007
50492	0.287585
251521	0.232060
50601	0.448776
107853	0.341818
287143	0.504802
187695	0.312030
161431	0.480971
215972	0.179533
174412	0.648265
300010	0.329174
18577	0.226600
216488	0.212639
174728	0.513610
122188	0.375154
376913	0.385248
53771	0.355898
253131	0.313794
189637	0.618255
402186	0.349518
217790	0.526726
54918	0.266149
20058	0.475548
150581	0.319741
229713	0.310756
190684	0.240783
190723	0.268348
339826	0.218662
204784	0.339173
430161	0.940292
390029	0.386306
254236	0.479765
218932	0.230504
151461	0.216924
177387	0.376479
21354	0.224777
85223	0.283462
327894	0.655336
379114	0.333220
125416	0.163986
354540	0.314334
86413	0.370597
22767	0.225628
139476	0.248546
355343	0.273445
405653	0.542413
9384	0.142468
292321	0.408215
60100	0.382284
60210	0.165012
60363	0.648644
60423	0.469830
392260	0.172522
60628	0.862480
392602	0.251517
74306	0.264438
281438	0.448714
181132	0.357047
194627	0.602845
61700	0.356337
40003	0.289718
344122	0.257404
270234	0.164256
40702	0.250820
40918	0.317681
370580	0.300378
270691	0.439746
12107	0.578820
102992	0.203679
41471	0.408949
394580	0.168596
383297	0.350168
358847	0.329853
64037	0.216234
223735	0.515789
42600	0.755654

2013080900160000009	1.225379
2013080900160000009	201308090016	http://www.huffingtonpost.com/2013/08/08/victoria-beckham-smile-twitter_n_3728157.html?utm_hp_ref=celebrity	Victoria Beckham Smiles Wide On Twitter , Seems To Be Enjoying This New Expression
43439	0.294381
117381	0.591590
43539	0.492097
28510	0.291159
384313	0.514772
333892	0.176193
372762	0.347634
360132	0.315501
29025	0.351003
249253	0.744939
78446	0.183723
132042	0.546326
15052	0.498301
92694	0.215027
118569	0.391774
145567	0.264618
225409	0.555686
285613	0.560944
261828	0.659478
348285	1.085751
47269	0.291729
93477	0.422154
285952	0.578313
238560	0.530689
93976	0.877301
48684	0.366412
187026	0.277142
201406	0.223768
349571	0.351091
227057	0.411537
81263	0.524516
50895	0.273279
81604	0.540526
51508	0.437468
148047	0.586317
108697	0.211624
109139	0.460275
19015	1.087097
83010	0.269913
377025	0.493986
338503	0.332492
136145	0.292631
253131	0.373876
110044	0.376350
54509	0.848823
217740	0.261482
190120	0.333782
313645	0.173941
71132	0.487280
191281	0.711846
151407	0.516341
205520	0.517321
164439	0.484123
205568	0.201898
56849	0.381491
379114	0.406530
152099	0.249245
315216	0.555345
595737	0.945557
404633	0.312231
165462	0.750818
86695	0.421107
86700	0.234668
255460	0.164375
23001	0.145395
58899	0.521923
112976	0.391323
268344	0.426893
292143	0.407400
37694	0.572292
153971	0.678868
73866	0.218240
356390	0.309428
245451	0.619322
113704	0.518340
74091	0.347938
269101	0.479656
343028	0.491116
194061	0.556040
24587	0.293210
208736	0.656549
356726	0.350110
317369	0.205712
343261	0.399478
245939	0.836954
281438	0.409424
88918	0.462352
62134	0.506308
305867	0.164169
382374	0.385456
182390	0.446153
26550	0.559387
222813	0.193949
344932	0.328183
382974	0.583753
76431	0.337011
196874	0.303251
383297	0.425976
395280	0.220986
346075	0.333099

2013080417110000004	1.203594
2013080417110000004	201308041711	http://www.huffingtonpost.com/2013/08/04/behati-prinsloo_n_3704102.html?utm_hp_ref=celebrity&ir=Celebrity	Behati Prinsloo , Victoria 's Secret Angel , Does n't Believe In Bras
307799	0.536713
333526	0.261101
198239	0.788066
372762	0.339561
360132	0.270580
29025	0.342932
131677	0.278448
78446	0.296968
249315	0.400630
44929	0.124962
360626	0.228075
45421	0.643818
373338	0.549115
118569	0.381797
1845	0.327159
410995	0.603509
45992	0.220394
262024	0.297786
172094	0.208702
411997	0.354574
398375	0.298728
48684	0.357686
119994	0.270808
412536	0.434840
349571	0.343180
227057	0.423073
173472	0.507418
251521	0.238361
107845	0.287101
4163	0.410109
18197	0.207901
400262	0.419097
400299	1.462080
4830	0.225544
276425	0.770131
148612	0.253189
400887	0.254111
33379	0.568795
148891	0.259642
135682	0.646228
69724	0.394293
175333	0.245907
53578	0.167221
277199	0.328898
83608	1.432751
217740	0.167339
313645	0.166760
326889	0.316623
123995	0.691733
340217	0.323715
302649	0.415285
404016	0.549177
379114	0.398942
303150	0.414252
404633	0.303998
404699	0.365580
219710	0.662777
379697	0.459698
391246	0.574946
192699	1.541833
23001	0.232282
303963	0.168430
37186	0.331820
280153	0.336560
380287	0.518176
112976	0.381179
292143	0.397755
207993	0.469489
126802	0.255794
73866	0.213024
154608	0.368468
208736	0.563416
356726	0.335713
281438	0.402326
181086	0.386862
39162	0.570548
39802	0.747319
11291	0.556864
181827	0.347783
270234	0.161636
246837	0.950748
89820	0.243917
382669	0.314899
358033	0.299959
358325	0.391965
235377	0.235590
76431	0.329340
383297	0.419163
383298	0.518799
90467	0.221514
76661	0.267119
358847	0.540193
345895	0.860751
295853	0.836724
27893	0.210617

2013080716530000001	1.180842
2013080716530000001	201308071653	http://www.denverpost.com/breakingnews/ci_23812862/denver-12th-most-expensive-u-s-city-have?source=rss	Denver 12th-most expensive U.S. city to have a baby - The Denver Post
372092	1.361420
236590	0.747187
65706	0.477867
199209	0.499964
297503	0.579864
397340	0.252735
106400	0.255035
322637	0.406878
188316	0.307439
216481	0.693821
324773	0.304224
288170	0.706761
414527	0.248005
338559	0.268147
338808	0.573522
217740	0.256665
54809	0.643711
339695	0.427402
190684	0.438416
98294	0.374488
111364	0.871993
85420	0.518652
327977	1.267821
206150	0.423754
404699	0.624590
125416	0.175646
86413	0.374110
72845	1.110630
192658	0.693322
355241	0.358944
166087	0.728974
166263	0.419520
166331	0.283216
329776	0.340599
193693	0.398994
113643	0.323865
257084	0.425713
180751	0.338612
281438	0.590421
128506	0.874353
306086	0.346316
182124	0.430540
270454	0.402932
168472	0.534419
247687	0.648867

2013080723020000001	1.180307
2013080723020000001	201308072302	http://blogs.denverpost.com/eletters/2013/08/07/more-history-in-riverside-cemetery/24486/	More history in Riverside Cemetery
14141	0.379573
14431	0.499875
78446	0.261856
396873	0.610611
45734	0.610903
237947	0.406485
309808	1.236647
285732	0.398992
200252	0.455780
201406	0.394664
31896	0.390803
4281	0.317167
387758	0.980809
364377	0.534895
288170	0.758601
241109	0.494721
96779	0.762326
136418	0.513611
377339	0.416469
217740	0.322145
70669	0.314676
218211	0.480346
366403	0.445525
340348	0.828031
138014	0.469354
231170	0.631900
328662	1.023008
72845	1.110414
8688	0.371674
192658	0.814263
207211	0.488013
220322	0.528231
268372	0.693431
100858	0.645097
38059	0.605392
342858	0.604783
281438	0.590153
330753	0.471474
39660	0.635276
194923	0.352929
370378	0.297010
210738	0.566433
63386	1.278476
371470	0.516602
90571	1.074542
271551	0.425763
319474	0.606654

