20130501
17
20130624 20130702

2013062411470000005	1.377001
2013062411470000005	201306241147	http://uk.news.yahoo.com/uk-closed-ufo-desk-50yrs-no-potential-threat-010751824.html	UK shut down UFO desk after finding no threat : files - Yahoo ! News UK
170198	0.965949
212170	0.581201
321043	0.688324
334525	0.414092
132640	0.277612
397732	0.396492
47516	0.447381
386068	0.850568
107276	0.431212
323601	1.160055
299165	0.785499
239809	0.505863
228113	0.244432
69793	0.312300
109797	0.729181
122960	0.374292
6099	0.573808
217730	0.472691
136543	0.527876
55156	1.088907
218055	0.345026
339685	0.576170
164105	0.366642
21736	0.482166
191765	0.325073
328212	0.682753
36073	0.375222
279296	0.509702
303150	0.407078
125416	0.229074
22767	0.246649
341841	0.983228
355241	0.411677
244533	0.594300
166331	0.291865
59826	1.377001
342680	0.852894
24272	0.783828
281047	0.668109
74341	0.857265
10446	0.321094
39161	0.491910
381885	0.663704
40115	0.286612
195443	0.540352
156948	0.638030

2013062417470000006	1.322799
2013062417470000006	201306241747	http://www.examiner.com/article/great-britain-releases-last-of-ufo-files-u-s-continues-policy-of-secrecy?cid=rss	Great Britain releases last of UFO files , U.S. continues policy of secrecy - National Space news | Examiner.com
42887	0.306914
346240	0.310976
117263	0.206986
13784	0.537990
170198	0.712340
1016	0.294675
14444	0.164671
131612	0.133183
184840	0.212798
347748	0.262339
45791	0.394618
46424	0.320716
132640	0.236356
106128	0.240364
47683	0.189502
411802	0.402348
386022	0.308254
160226	0.551553
323171	0.407776
107276	0.402652
3550	0.369348
323601	0.655122
50112	0.658146
363287	0.292769
187556	0.247371
68577	0.596125
51710	0.316943
174438	0.411489
174521	0.326637
228113	0.160261
350716	0.454576
96029	0.373966
5221	0.316745
351011	0.621383
276690	0.332245
300532	0.313350
69793	0.277099
162688	0.259971
53717	0.431480
162851	0.221522
6099	0.323460
136543	0.299800
278036	0.626033
266136	0.262081
339685	0.423986
266284	0.512475
218786	0.271600
390218	0.162620
302896	0.571107
354071	0.532878
191765	0.215646
328212	0.459765
36073	0.266480
303150	0.305385
125416	0.179880
99851	0.465860
58464	0.356407
36941	0.702057
355241	0.300243
87071	0.669504
179220	0.417951
342107	0.282724
220383	0.438075
166331	0.232905
59826	1.322799
73671	0.333041
392260	0.226227
24272	0.606886
342943	0.527553
74120	0.268806
281047	0.416936
24587	0.327425
74341	0.730939
245875	0.285293
305426	0.368490
194923	0.266607
40049	0.312171
370204	0.340252
195451	0.128143
270234	0.160778
370378	0.208798
102485	0.201565
258015	0.440742
234710	0.355631
26330	0.301715
370820	0.347664
210739	0.317368
156948	0.350896
383196	0.351959
116475	0.268781
359149	0.341424
346013	0.285237
236046	0.424710

2013062704300000007	1.082889
2013062704300000007	201306270430	http://www.huffingtonpost.com/alejandro-rojas/special-effects-legend-ha_b_3506759.html	Alejandro Rojas : Special Effects Legend Doug Trumbull Has Passion For UFO Hunting ( VIDEO )
346240	0.301825
359404	0.487263
43446	0.306808
360285	0.466542
184840	0.232425
44929	0.176840
260893	0.536598
385081	0.760868
105880	0.762112
297660	0.357677
132640	0.215301
46876	0.515488
238081	0.304365
238293	0.493567
47413	1.011504
214135	0.718134
160136	0.527679
262394	0.532061
172486	0.218002
274669	0.601020
412354	0.507601
201087	0.355935
187249	0.368918
201406	0.257719
50387	0.155411
134389	0.506526
51710	0.369578
4513	0.429631
252299	0.323143
324839	0.729698
69793	0.260591
203253	0.392063
53578	0.194874
265051	0.277837
136415	0.741163
326206	0.506760
242171	0.604829
218296	0.853486
339513	0.644914
176547	0.570648
402893	0.673802
415793	0.286487
340217	0.262189
177183	0.419630
254256	0.711538
327491	0.390607
151623	0.424680
57069	0.794601
191765	0.249860
404263	0.416071
57440	0.468902
36073	0.282815
255139	0.467165
178484	0.454742
354692	0.341571
354730	0.314472
152669	0.348369
354921	0.252327
192635	1.255775
267820	0.365352
126104	0.424330
126106	0.442765
139468	0.418791
139476	0.283386
355346	0.417023
368382	1.090909
126382	0.294089
59826	1.082889
392252	0.223149
392260	0.217758
342770	0.435549
74120	0.249820
532914	1.423490
11270	0.501415
370204	0.386382
331534	0.319623
370590	0.450926
41234	0.286923
89675	0.203758
383186	0.230137
116475	0.245393
116814	0.370367
90927	0.343319

2013062702300000007	1.066094
2013062702300000007	201306270230	http://www.huffingtonpost.com/alejandro-rojas/special-effects-legend-ha_b_3506759.html	Alejandro Rojas : Special Effects Legend Doug Trumbull Has Passion For UFO Hunting ( VIDEO )
346240	0.296988
359404	0.477254
43446	0.304648
360285	0.459028
184840	0.229980
44929	0.174640
260893	0.525586
385081	0.748594
105880	0.753908
297660	0.351930
132640	0.211821
46876	0.510013
238081	0.301070
171902	0.330572
238293	0.485644
47413	0.995213
214135	0.710634
172486	0.216577
412354	0.504259
187249	0.366471
336407	0.340222
201406	0.253588
50387	0.152918
51710	0.365644
4513	0.425121
216403	0.425597
252299	0.317953
324839	0.721776
69793	0.256389
203253	0.385756
53578	0.191744
265051	0.273380
136387	0.580096
136415	0.733220
326206	0.501455
242171	0.592395
218296	0.847629
339513	0.631691
176547	0.566784
402893	0.669271
266136	0.281444
190713	0.259969
415793	0.281893
390046	0.275158
340217	0.257969
254256	0.703862
327491	0.384434
151623	0.417814
57069	0.789184
191765	0.247153
404263	0.409348
57440	0.465663
36073	0.279833
178484	0.451560
354692	0.336090
354730	0.311072
152669	0.342772
354921	0.249617
192635	1.236110
267820	0.363036
126104	0.421380
126106	0.439808
139468	0.414364
139476	0.278835
355346	0.410601
126382	0.290951
59826	1.066094
342390	0.299127
392252	0.219560
392260	0.216355
342770	0.428533
532914	1.400576
11270	0.493713
370204	0.484315
331534	0.258484
370590	0.443669
41234	0.283883
182743	0.363649
76199	0.790228
383186	0.226433
116475	0.241457
116814	0.364407
90927	0.337795
42605	0.209077
130261	0.408918

2013070215480000016	0.981059
2013070215480000016	201307021548	http://de.reuters.com/article/companiesNews/idDEBEE96103V20130702	Gewerkschaft droht Germanwings ab Montag mit Streik | Unternehmen | Reuters
184004	1.075041
659930	1.305667
320398	0.967088
185012	1.140602
1490	0.868978
651221	1.331929
46505	0.754002
46672	0.815300
285562	0.896806
93596	0.819855
577676	1.177337
106588	1.199995
2977	1.228255
48804	1.122936
49165	1.096148
49166	0.521746
336086	0.729644
49197	0.856817
49198	0.609150
49305	0.381903
535400	1.280855
251521	0.289605
428898	1.377162
727746	1.172167
32408	1.033437
4559	0.857408
715859	1.120430
515253	1.488116
388071	1.514842
312406	1.143656
276714	1.318053
351506	1.119864
429717	1.220144
149753	1.172055
19903	0.820942
55467	0.842703
733032	1.379345
56357	0.916289
85078	0.910819
36135	0.728113
532287	1.503444
58534	1.131754
477544	1.323270
59030	0.716112
59122	0.662716
59579	1.028179
9424	0.569142
59720	0.851899
232496	1.093292
59826	0.981059
60014	1.599375
729765	1.343530
721636	1.217938
512298	1.260130
39058	0.817717
194598	1.042019
39492	0.969139
543750	1.166954
40916	0.946261
115838	1.196248
90047	0.966250
345068	1.049088
358309	0.262584
196568	1.145856
196661	1.135796
210843	0.965545
210844	1.112418
210846	0.916383
129667	0.990249
76817	1.500867
730769	1.359438

2013062908100000003	0.866726
2013062908100000003	201306290810	http://www.huffingtonpost.com/2013/06/28/kent-senters-terminal-cancer-ufo-conference_n_3511010.html	Kent Senter , Fighting Terminal Cancer , Hosts UFO Conference
42700	0.239080
84246	0.492185
183906	0.351618
43194	0.257370
117263	0.239624
339826	0.187766
43550	0.167549
260155	0.159291
230291	0.289756
390218	0.165477
1016	0.127725
71996	0.135585
284732	0.207047
230805	0.178263
416562	0.485846
152099	0.193773
22042	0.546282
347748	0.207144
279296	0.319726
125416	0.089246
112121	0.291822
192292	0.216174
267547	0.257020
86415	0.466847
397340	0.109554
297842	0.218077
46829	0.276848
86695	0.306177
255460	0.113341
139263	0.290299
238186	0.362726
23001	0.132345
159853	0.421053
47516	0.275932
66911	0.176071
172094	0.156243
106360	0.211256
16145	0.479845
292143	0.258649
59826	0.866726
59884	0.785247
48684	0.232487
140068	0.193741
392252	0.155811
126884	0.275664
73866	0.138459
226625	0.437136
154177	0.124701
154184	0.384388
215030	0.110721
374905	0.159244
49617	0.218233
187249	0.253948
80915	0.239807
50251	0.149623
349628	0.193169
140759	0.221755
127505	0.152352
194457	0.547750
134405	0.274558
51272	0.149436
39365	0.448858
10811	0.558914
194882	0.207739
357192	0.376507
114569	0.218126
18197	0.167596
381885	0.390976
227899	1.112661
305867	0.125237
108561	0.347129
300040	0.343660
195451	0.106189
40671	0.510200
413757	0.367246
128670	0.409235
382539	0.269668
41318	0.440832
420490	0.151066
294747	0.332435
210578	0.129261
53578	0.122743
175475	0.446166
162688	0.137368
282907	0.141082
54117	0.314963
136333	0.160854
196874	0.159949
217740	0.138814
90576	0.361215
377480	0.619465
116475	0.164563
289126	0.405976
104018	0.341081
235856	0.546635
64037	0.211167
130122	0.224223
346013	0.210401
13378	0.232032

2013062706370000001	0.797795
2013062706370000001	201306270637	http://www.examiner.com/article/how-synchronicity-led-to-aliens-the-backyard?cid=rss	How synchronicity led to Aliens in the Backyard . - Chicago Paranormal | Examiner.com
55612	0.297544
42920	0.257679
42944	0.512379
278036	0.826533
339771	0.255767
339826	0.276336
224196	0.742568
333947	0.503280
410270	0.906753
372957	0.437887
404008	0.383321
191640	0.777083
327973	0.259115
385131	0.579231
341139	1.112710
57800	0.208603
45999	0.459182
46009	0.498042
125416	0.125858
379560	0.537846
118855	0.238939
297660	0.315626
397340	0.184832
335000	0.572396
58336	0.247649
285626	0.577900
405418	0.499599
165807	0.244532
385771	0.356972
355346	0.236301
291775	0.572120
250412	0.533160
368273	0.239508
374176	0.398763
220383	0.558704
418110	0.376149
106847	0.495694
59826	0.797795
368608	0.275861
480860	1.395050
80626	0.326141
49619	0.599229
208379	0.913131
392496	0.320569
336407	0.326479
38473	0.289558
61140	0.233022
50112	0.935113
24587	0.333989
61328	0.929839
399366	0.779522
227147	0.396153
180760	0.273280
299360	0.259495
209200	0.724420
357050	0.263849
194783	0.284551
51558	0.685579
400178	0.206687
400224	0.316289
216312	0.390391
195451	0.143767
270234	0.192375
370590	0.457815
89584	0.430029
370820	0.381547
235025	0.415514
282680	0.638238
175415	0.356488
210578	0.235540
258665	1.215906
53578	0.252373
282791	0.398040
96868	0.343885
504702	1.132709
283252	0.341155
63999	0.216744
116683	0.329589
197429	0.255186

2013062715240000012	0.784792
2013062715240000012	201306271524	http://www.guardian.co.uk/travel/2013/jun/27/road-trips-texas-new-mexico-day-four	Twitter road trips USA : Texas to New Mexico day four -- live | Travel | guardian . co. uk
319867	0.533420
91370	0.265297
130752	0.293090
43446	0.266648
333892	0.201397
144528	0.217078
334098	0.385721
14444	0.177869
29100	0.274306
198882	0.467145
44929	0.142722
396703	0.399420
45415	0.281602
396873	0.532770
65903	0.349934
213362	0.402637
261457	0.546770
145764	0.700119
397340	0.196914
46964	0.266082
47516	0.313185
200252	0.292009
226161	0.264351
322751	0.588603
200750	0.411939
48853	0.617316
362486	0.287376
251008	0.303996
215030	0.153513
107351	0.178068
107485	0.353515
349628	0.278425
363273	0.533701
387325	0.405511
376135	0.544571
33069	0.339313
324773	0.160695
202634	0.319358
122466	0.330138
33631	0.321447
338307	0.244225
136085	0.282129
54108	0.298953
288771	0.350205
253131	0.330472
326207	0.409523
265547	0.876312
217896	0.434790
568566	1.062588
55472	0.337069
123589	0.269080
176553	0.267702
278036	0.465017
205261	0.419834
124470	0.413306
35600	0.404017
327939	0.455179
354182	0.633764
152146	0.368629
279296	0.357322
219920	0.280648
152747	0.410570
58537	0.295587
329005	0.548045
112709	0.295300
355346	0.204480
37182	0.504597
153369	0.274162
126315	0.743104
59401	0.381851
418110	0.323532
59826	0.784792
59929	0.216554
368786	0.355620
60499	0.416775
208309	0.305333
113580	0.357426
356592	0.538526
154674	0.381482
194084	0.641249
269832	0.300432
381885	0.463966
167904	0.300455
11340	0.247097
102388	0.689377
393645	0.210693
102461	0.341658
195525	0.267678
357905	0.198734
128932	1.446790
394238	0.216226
196082	0.878824
294939	0.980482
394580	0.172425
501854	1.058195
183298	0.385906
197026	0.313069
157317	0.319157
63999	0.187473
42605	0.173571

2013062923050000017	0.771667
2013062923050000017	201306292305	http://www.guardian.co.uk/technology/2013/jun/30/xcom-enemy-unknown-app-review	Apps round-up : XCOM : Enemy Unknown ; Avengers Alliance -- review | Technology | The Observer
359421	0.557340
130855	0.315516
131048	0.821425
260716	0.574829
1589	0.628236
373306	0.491526
171271	0.510648
132197	0.430526
186042	0.307519
251008	0.399786
3407	0.257133
49305	0.324361
94528	0.227486
215211	0.286295
275734	0.519788
4281	0.232455
215972	0.191696
400181	0.372434
95803	0.298661
82040	0.400649
216312	0.293475
228113	0.188447
252374	0.584834
264622	0.756204
265051	0.333598
217382	0.337834
338559	0.284342
19737	0.591121
54390	0.260879
351999	0.369450
149907	0.500704
217723	0.476626
150373	0.528642
289341	0.561960
278036	0.610905
190678	0.391079
242788	0.799263
110981	0.378437
353328	0.438930
340468	0.412308
367112	1.040817
279040	0.345716
152099	0.371579
354284	0.264330
23001	0.166038
315996	0.436230
87185	0.589411
59826	0.771667
342521	0.468632
60442	0.189747
317075	0.328905
305080	0.732355
369600	0.372667
269664	0.223293
62066	0.206738
25790	0.423928
40773	0.488023
408171	0.570336
168437	0.531872
62765	0.851585
234888	0.597267
103009	0.348960
420943	0.486248
197026	0.363406
247946	0.696769
319544	1.381087
359149	0.435628

2013062407490000001	0.753586
2013062407490000001	201306240749	http://www.huffingtonpost.com/robert-siciliano/6-tips-for-apartment-secu_b_3472153.html	Robert Siciliano : 6 Tips for Apartment Security
91583	0.520537
248848	0.318056
260273	0.518953
284349	0.329198
117728	0.335319
260493	0.387726
105087	0.692339
198747	0.461354
334345	0.327838
360598	0.482930
14838	0.585767
185486	0.552639
46174	0.322501
397438	0.566500
106491	0.190050
160053	0.440810
226130	0.671632
160651	0.496566
120655	0.266563
349628	0.339746
375242	0.455857
299444	0.567833
51541	0.378977
134703	0.673140
400172	0.322106
188316	0.399048
216288	0.430309
228113	0.172631
241047	0.646830
241131	0.509013
53578	0.263648
204630	0.242620
314376	0.252484
151151	0.832328
314571	0.916823
21354	0.288801
71996	0.213191
416870	0.442398
58322	0.557781
279904	1.034443
23001	0.179045
178998	0.497092
207151	0.221622
9384	0.205152
59826	0.753586
193345	0.712559
59929	0.256945
329776	0.283642
392406	0.427021
24272	0.468867
221055	0.351548
304897	0.323424
74242	0.340025
208713	0.547168
221317	0.319865
330676	0.337242
38975	0.779322
39372	0.371867
419514	0.363052
141333	0.343565
11271	0.213546
270234	0.197835
331534	0.300317
89678	0.288282
12066	0.339534
12093	0.799432
408450	0.641836
332146	0.958542
247545	0.587402
358575	0.190167
76501	0.394685
247772	0.444228
247779	0.303040
197036	0.336801
76870	0.432330

2013070219430000006	0.728799
2013070219430000006	201307021943	http://www.huffingtonpost.com/2013/07/02/russell-crowe-ufos-believes-in-aliens_n_3535584.html?utm_hp_ref=celebrity	Russell Crowe & UFOs ? The Actor Tweets About Aliens
333892	0.148603
144528	0.180043
272556	0.202179
396203	0.292053
198520	0.561601
65165	0.371375
384531	0.427249
372762	0.206644
360132	0.318445
184731	0.313862
29025	0.208813
131612	0.085976
78406	0.225648
78446	0.297276
237231	0.269451
44929	0.092300
321322	0.621716
185294	0.294642
347746	0.323670
145567	0.175768
309356	0.443718
45992	0.150026
79309	0.216522
297842	0.183407
238081	0.165446
30328	0.224361
262024	0.248070
47514	0.245898
67034	0.291804
93736	0.253614
48684	0.217313
120367	0.137116
375008	0.208954
107639	0.110468
349571	0.209201
263306	0.261090
50387	0.098653
187481	0.259599
50492	0.147295
412877	0.558248
17934	0.211569
324773	0.157147
108938	0.413675
96186	0.182480
109091	0.183492
175558	0.173558
54110	0.317152
388892	0.234338
19654	0.150677
253131	0.218043
54389	0.248222
217740	0.101553
415024	0.199287
313645	0.100914
402738	0.451972
176505	0.241868
176539	0.210598
278036	0.466557
339570	0.330045
55883	0.360859
302105	0.562296
151694	0.292105
191822	0.173501
206019	0.145361
206022	0.273533
404424	0.222506
391019	0.832782
315398	0.338974
178553	0.191822
405075	0.214775
112369	0.491875
58876	0.233534
153077	0.198491
303963	0.179673
355346	0.180726
23223	0.836887
37186	0.216004
292143	0.241788
59633	0.358682
59826	0.728799
356124	0.237129
73866	0.129422
166981	0.305067
24272	0.280154
24355	0.125093
180702	0.604418
180751	0.187267
61441	0.164357
330753	0.207766
39913	0.157414
62066	0.125016
75253	0.341798
155834	0.308900
195525	0.165915
115961	0.454036
358309	0.168234
76407	0.228100
76431	0.200650
63999	0.123112
27857	0.138652

2013062703100000003	0.664945
2013062703100000003	201306270310	http://news.yahoo.com/chinese-astronauts-beam-1st-science-lesson-space-video-161037524.html	Chinese Astronauts Beam 1st Science Lesson from Space ( Video ) - Yahoo ! News
346240	0.618308
372135	0.423084
320073	0.506578
13917	0.319385
131207	0.849382
117728	0.294616
410287	0.435472
144751	0.221030
550284	0.783974
373335	0.734545
118855	0.250963
411246	0.438570
47269	0.363572
47516	0.323021
540112	0.783479
172094	0.244646
146508	0.792856
412354	0.746324
133743	0.528578
447409	0.790329
458661	0.795058
49825	0.213460
336407	0.327589
275340	0.418988
337224	0.395736
121418	0.565302
299844	0.241340
337422	0.529981
387875	0.614622
228113	0.178677
388135	0.306487
5221	0.346470
53195	0.919471
325380	0.538513
19401	0.364089
33890	0.347506
54088	0.503511
203648	0.483218
289247	0.419112
339461	0.617408
204666	0.299016
218413	0.434893
191017	0.590577
110981	0.328818
7251	0.353330
177308	0.492136
205538	0.880687
230883	1.170252
57382	0.342868
22122	0.209221
86379	0.488173
279591	0.604885
379738	0.304453
86700	0.239700
443778	0.789423
267820	0.343091
23001	0.193297
192926	0.422740
232145	0.647570
9384	0.176899
59826	0.664945
87648	0.997544
61023	0.209647
127505	0.247038
419316	0.910985
209372	0.242665
141436	0.362518
370204	0.543722
270234	0.184307
331534	0.239846
331600	0.304995
26667	0.438924
271191	0.232528
143066	0.725946
259192	0.533518
90712	0.919028
63999	0.261628
307392	0.414026
197387	0.443556
130219	0.291617
27857	0.238376
13392	0.215897

2013062903300000003	0.642869
2013062903300000003	201306290330	http://www.star-telegram.com/2013/06/28/4971216/piece-of-north-texas-aviation.html	Were those wings rolling down Loop 820 ? | Business | Dallas Business , Texas Business , Fo ...
34	0.588694
409604	0.835263
359404	0.461316
260026	0.593256
346662	0.376791
395951	0.344177
144528	0.215338
144751	0.190512
92057	0.872226
14600	0.308714
284732	0.243188
272968	0.165322
44920	0.468944
185019	0.300384
360626	0.178387
29376	0.315911
373244	0.278034
249792	0.403966
93196	0.718714
322412	0.471545
200252	0.314828
322546	0.344629
48356	0.300854
398375	0.525548
80373	0.347232
67807	0.339587
349510	0.500397
160988	0.260395
323688	0.640140
17534	0.546640
134361	0.348427
147740	0.366267
413012	0.728527
4281	0.212689
4439	0.413456
108523	0.372153
216488	0.183736
96113	0.612542
135455	0.689603
364793	0.860773
33631	0.558107
252965	0.717544
149424	0.333330
265286	0.398189
54390	0.281108
55436	0.470723
6545	0.292541
123905	0.266989
390486	0.253066
403947	0.537150
378912	0.380873
164838	0.309895
290794	0.271751
138501	0.753678
206019	0.257264
152146	0.297593
404424	0.315613
8194	0.597058
8334	0.253732
22767	0.174961
354978	0.905960
86999	0.281564
59826	0.642869
356029	0.372568
60085	0.214340
60499	0.318970
342747	0.329788
330079	0.603685
24272	0.367756
167001	0.275822
24675	0.473977
39161	0.353668
257376	0.516046
39498	0.352268
61791	0.519105
114569	0.332913
40049	0.330284
62066	0.167515
11271	0.192093
102461	0.557902
102485	0.208011
102500	0.360429
128585	0.332204
102561	0.377127
182184	0.877508
75825	0.253512
370820	0.359401
383196	0.486858
90467	0.258834
116358	1.199352
130082	0.340091
236046	0.437900

2013062604200000001	0.631458
2013062604200000001	201306260420	http://www.miamiherald.com/2013/06/25/3470572/masterson-implodes-in-seventh.html	BALTIMORE : Masterson implodes in seventh as Indians fall to Orioles - Baseball Wires - MiamiHerald.com
183993	0.455982
236340	0.528717
320137	0.273690
130854	0.267044
170492	0.581958
44295	0.743686
44394	0.206729
198663	0.363551
14444	0.222329
260708	0.308531
260727	0.401890
45191	0.402564
273179	0.336575
65944	0.181950
309252	0.308951
29608	0.697847
397101	0.461172
46424	0.342236
397340	0.139168
238081	0.220289
309804	0.628195
93383	0.720161
226002	0.318897
93679	0.325344
106491	0.166784
322637	0.239066
398375	0.330467
310643	0.491919
49535	0.386307
94528	0.178274
80626	0.375700
49825	0.203385
201451	0.485551
50251	0.204140
349628	0.290210
173525	0.380505
50587	0.343323
239918	1.169068
68556	0.346004
215972	0.144387
81894	0.416703
95803	0.233568
108673	0.251475
188574	0.548161
338559	0.192959
163025	0.727843
217702	0.256340
338932	0.342050
54645	0.243395
83786	0.518558
313645	0.169832
150581	0.348633
278036	0.479914
229859	0.584605
314194	0.398989
353095	0.270301
151461	0.258270
243127	0.528947
21354	0.357182
164444	0.658351
164703	0.345550
328157	0.472907
367331	0.326020
404394	0.341759
57800	0.180175
99650	0.185805
8499	0.290176
8558	0.453544
379738	0.258176
125788	0.679586
219935	0.313691
58561	0.195877
178984	0.377786
59826	0.631458
329751	0.463335
392252	0.208180
101017	0.723123
356334	0.582092
24355	0.154775
392790	0.798485
180655	0.233706
180801	0.238875
195271	0.408303
40622	0.297178
102485	0.203361
75825	0.199328
222813	0.256281
129273	0.456231
408636	0.493439
116023	0.312336
420889	0.334535
235644	0.393217
283285	0.200004
346075	0.338959

2013062710090000002	0.626736
2013062710090000002	201306271009	http://www.huffingtonpost.com/2013/05/03/citizen-hearing-on-disclo_3_n_3208536.html#41_anonymous-witness-gives-electrifying-testimony-about-area-51-aliens-and-eisenhower	Citizen Hearing On Disclosure : Pilots Testify To UFO Encounters ( Live Updates Day 5 )
169789	0.419514
43194	0.153748
143807	0.492625
383986	0.326493
224196	0.296016
333708	0.194638
1016	0.096187
131612	0.067305
249258	0.251957
44929	0.097303
65944	0.116101
132640	0.114182
93525	0.171737
47516	0.185421
172094	0.125339
47683	0.106680
322575	0.416537
186470	0.230448
48409	0.558663
48437	0.250285
262628	0.375773
215030	0.119644
120367	0.113223
187249	0.185710
107632	0.224152
227147	0.197352
251521	0.141595
147620	0.349043
336728	0.197280
147740	0.176884
18029	0.180550
227763	0.215573
400224	0.200460
364153	0.140395
228113	0.110589
376450	0.191592
188897	0.169676
276690	0.239591
338307	0.131670
162688	0.123418
217382	0.146756
338559	0.121220
402186	0.178431
313645	0.097648
278036	0.370203
204630	0.115428
415793	0.183501
390218	0.097308
327491	0.144078
366768	0.183789
85179	0.278569
315106	0.220218
279296	0.250558
231253	0.187355
125416	0.065577
112198	0.120142
86379	0.148348
303485	0.157124
86700	0.131622
255460	0.133018
58537	0.221183
23001	0.094271
37348	0.276430
166331	0.124924
59826	0.626736
140068	0.161296
60210	0.107594
73866	0.121742
154177	0.102955
356382	0.198505
61023	0.101590
24355	0.095230
369416	0.156640
180751	0.145694
180801	0.127080
269664	0.102718
269832	0.162401
269873	0.238606
62044	0.584967
40049	0.175574
62066	0.102260
195451	0.081030
393697	0.316412
102485	0.136852
234666	0.158371
75825	0.122462
420490	0.122317
26667	0.184676
196125	0.342925
282795	0.136870
294939	0.448620
307157	0.239626
197036	0.148907
116475	0.167214
409205	0.138491
63999	0.111242
42578	0.182498
64220	0.147460
236046	0.272337
13392	0.156058

2013070106120000004	0.626420
2013070106120000004	201307010612	http://www.examiner.com/article/celebrate-everyday-july-national-anti-boredom-month-has-fun-for-everyday	Celebrate everyday in July : National Anti-Boredom month has fun for everyday - St. Louis Parenting Teens | Examiner.com
333892	0.219518
260457	0.305205
360132	0.395215
144750	0.246791
78406	0.492109
65611	0.351500
45056	0.649195
45285	0.485419
45415	0.487538
65944	0.211287
145567	0.292115
249787	0.230583
66225	0.570049
46611	0.658313
145939	0.866335
47269	0.525075
47318	0.581506
106401	0.229546
374145	0.882078
146438	0.335926
79942	0.725034
322577	0.607713
172474	0.442333
48986	0.511455
187026	0.385926
80499	0.598790
31724	0.884026
147472	0.370248
50387	0.171207
299304	0.335326
50895	0.304718
187805	0.249087
215979	0.194257
18226	0.454947
228113	0.354704
202634	0.306068
265051	0.306182
277232	0.640723
34135	0.494983
277433	0.310653
326455	0.440246
84737	0.314762
403380	0.353088
151461	0.284721
151566	0.516909
404135	0.458514
254897	0.563547
367438	0.433465
152669	0.278273
23176	0.564682
73500	0.321310
59826	0.626420
59838	0.648384
24355	0.212664
392757	0.564625
194313	0.267273
114454	0.509062
39893	0.595643
293730	0.773240
305867	0.301503
293905	0.568106
370638	0.280370
129025	0.287709
420490	0.277196
408630	0.406670
358280	0.338222
271197	0.782289
210970	0.476141
371865	0.765002

2013062815400000022	0.557908
2013062815400000022	201306281540	http://www.denverpost.com/technology/ci_23560281/game-review-game-amp-wario-mini-games-are?source=rss	Game review : ` Game & Wario ' mini-games are hit and miss - The Denver Post
372209	0.659319
396137	0.390798
198663	0.312536
321136	0.896856
119076	0.322162
348914	0.447156
274971	0.360379
399072	0.253170
120809	0.293180
120949	0.495163
32620	0.549843
324381	0.670058
95803	0.322876
175415	0.240393
149836	0.435446
204032	0.324775
7251	0.315307
124785	0.638857
403954	0.527217
230882	0.579616
354281	0.399320
354540	0.468592
153212	0.468723
37311	0.518806
180006	0.446162
180655	0.210637
180751	0.212249
155350	0.282725
40942	0.888909
182124	0.265176
357905	0.187704
12068	0.515959
234888	0.432485
41984	0.505841
332549	0.359897
235644	0.360908
13378	0.318432
359514	0.331759
260155	0.224875
260306	0.365488
360026	0.379967
260457	0.237580
308780	0.303731
334345	0.270173
360626	0.155703
45349	0.247275
213121	0.277796
237947	0.248330
132640	0.174071
46862	0.424659
385654	0.362166
186042	0.276319
47269	0.414517
309950	0.304863
47585	0.286009
310480	0.461733
215211	0.228466
412830	0.209931
50601	0.429098
287070	0.305187
50949	0.390261
51001	0.409840
215972	0.227728
51541	0.302419
161666	0.567606
337409	0.259234
108673	0.263448
414187	0.342601
19632	0.231945
54390	0.206000
289126	0.416556
55176	0.653239
84469	0.416515
190713	0.224152
191264	0.766040
21354	0.248729
390486	0.302363
290501	0.394591
57837	0.208030
138923	0.215118
22767	0.200046
58545	0.551940
59826	0.557908
316603	0.242626
60210	0.204062
60400	0.258041
369201	0.580931
392602	0.256792
61143	0.188707
24675	0.293806
317426	0.470946
114535	0.281713
270131	0.367925
168318	1.166319
115199	0.289732
89583	0.415590
420425	0.485006
420640	0.675232
116023	0.436327
271191	0.241743

