20130501
20
20130519 20130527

2013052522350000006	1.959274
2013052522350000006	201305252235	http://examiner.com/article/ufo-over-historic-barn-california-photographed-by-ellen-henry?cid=Editorial-NearYou-HP-RecentArticles	UFO over historic barn in California photographed by Ellen Henry - National Strange News | Examiner.com
117728	0.631918
385369	0.679605
200745	1.440148
187556	0.488994
18197	0.475088
338493	1.646941
326040	1.138988
289126	0.915779
218211	0.961887
278036	0.915111
327895	1.946279
279084	0.658182
57440	0.922141
191822	0.630453
125416	0.242135
23001	0.365502
59507	1.359628
59826	1.959274
270234	0.359200
169473	1.414802

2013052120210000006	1.703182
2013052120210000006	201305212021	http://www.examiner.com/article/ufo-nukes-expert-explains-non-attendance-at-ufo-disclosure-hearing?cid=rss	UFO-Nukes expert explains non-attendance at Disclosure Hearing - National ufo | Examiner.com
183984	0.534311
184032	0.420135
383986	0.867991
411997	0.397995
16692	1.482993
173043	0.888847
107632	0.525791
216288	0.485033
364153	0.315859
228113	0.222294
108892	1.387697
276690	0.669321
351949	0.394362
70512	0.640951
20128	0.468227
55612	0.439389
230291	0.384192
353376	0.336839
177579	1.263468
230805	0.490973
125416	0.171091
23001	0.245822
37571	0.617367
207684	1.025842
59826	1.703182
392252	0.306795
126884	0.629011
38473	0.329327
74242	0.601807
195451	0.282634
393697	0.572411
420287	0.933119
408630	0.534615
394580	0.323147
235377	0.370022
394999	0.461245
63869	0.487978
64037	0.469282
346013	0.395328

2013052118540000009	1.334147
2013052118540000009	201305211854	http://www.examiner.com/article/pennsylvania-witnesses-say-diamond-shaped-ufo-visible-for-an-hour?cid=rss	Pennsylvania witnesses : Diamond-shaped UFO visible for an hour - National ufo | Examiner.com
130720	0.264633
130854	0.255668
14049	0.583423
296589	0.212313
44929	0.147551
321497	0.497493
46412	0.634620
132640	0.229382
238186	0.865665
309950	0.350635
47516	0.449008
66911	0.239807
172094	0.254922
106401	0.276440
374176	0.383940
172733	0.374665
250931	0.557872
48986	0.341917
251008	0.402606
16907	0.497566
49439	0.250963
386675	0.633968
107639	0.191238
349628	0.528925
50587	0.522613
363550	0.594629
363635	0.719325
134800	0.452156
227763	0.366390
148773	0.597452
69907	0.306836
338347	0.709694
162688	0.247785
53849	0.570083
136085	0.290026
136333	0.247976
54394	0.332769
289126	0.501091
70669	0.306228
204630	0.215108
21125	0.679081
205371	0.335532
177686	0.270043
177792	0.374000
404279	0.768798
206183	0.331249
279296	0.697099
125416	0.246234
267547	0.362411
354756	0.387391
58537	0.681498
23001	0.203209
355241	0.244237
37461	0.812148
193326	0.310932
59826	1.334147
268560	1.345017
329824	0.373121
24272	0.408863
154674	0.366493
11271	0.292396
195451	0.169697
270234	0.192439
393697	0.423022
331534	0.291900
408262	0.456786
370759	0.552570
12022	0.264509
89873	0.569175
196874	0.307254
63869	0.324607
13207	0.972141
13378	0.561666

2013052300450000012	1.300612
2013052300450000012	201305230045	http://www.examiner.com/article/bright-white-object-overtakes-military-jets-over-pennsylvania-skies	Bright white object ` overtakes ' military jets over Pennsylvania skies - National ufo | Examiner.com
42700	0.556133
359357	0.739087
533	0.340680
130869	0.448448
284233	0.793924
296589	0.216886
260306	0.423625
236844	0.506759
65643	0.540245
284921	0.484364
261064	0.250837
321497	0.486505
46412	0.618623
132640	0.198569
238186	0.711737
47516	0.454370
172094	0.242822
374176	0.384343
172733	0.365220
250956	0.370344
251008	0.292988
16907	0.486547
49439	0.247351
215292	0.383423
349628	0.497807
134361	0.371469
134495	0.398214
227763	0.357154
148773	0.582391
241131	0.319838
69907	0.300047
401463	0.334035
53849	0.555712
136085	0.328933
54394	0.280690
351999	0.389711
70669	0.292371
403228	0.706916
21125	0.661963
366907	0.259373
85306	0.305359
138199	0.283679
177792	0.348431
72274	0.477814
164856	0.349467
404279	0.491521
279296	0.654649
125416	0.222344
58537	0.640077
23001	0.160284
37461	0.784888
59826	1.300612
268560	1.101612
245163	0.474096
232787	0.309590
232974	0.282583
292734	0.427936
24272	0.398556
154674	0.317786
24587	0.315301
381885	0.536188
62066	0.221293
344020	0.504386
11271	0.237788
195451	0.162805
270234	0.188173
40702	0.273719
393697	0.413650
331534	0.284186
420170	0.253741
182246	0.245787
89675	0.182914
371015	0.382407
235377	0.271218
116475	0.319517
63869	0.317441
13378	0.397427

2013052316520000020	1.238868
2013052316520000020	201305231652	http://www.examiner.com/article/alabama-witness-describes-silent-object-shining-light-beam-to-ground	Alabama witness describes silent object shining light beam to ground - National ufo | Examiner.com
170077	0.651990
130720	0.295874
296589	0.382449
144528	0.379217
236844	0.661162
144838	0.264909
261064	0.316461
321497	0.559879
297660	0.291362
238186	0.785150
106491	0.228080
16907	0.562369
49439	0.333289
349628	0.598442
412830	0.292819
161255	0.495102
337422	0.723460
364357	0.445034
69907	0.346311
203414	0.500005
265051	0.373743
289126	0.562620
176263	0.627198
204630	0.226626
353329	0.352419
205569	0.325418
416369	1.624038
177686	0.305845
164856	0.469473
279296	0.756862
354351	0.772835
125416	0.224288
22767	0.198477
58537	0.605304
178744	0.415952
139274	0.388819
23001	0.228283
244453	0.618554
112707	0.291769
193326	0.450663
59826	1.238868
268560	1.212393
73703	0.837603
9822	0.568955
24272	0.448491
25220	0.520668
11271	0.320728
195451	0.165154
270234	0.217803
393697	0.478449
344305	0.409932
26039	0.619553
331534	0.332761
370759	0.496472
196874	0.280734
157101	0.492452
63869	0.365044
345851	0.634683

2013052300180000005	1.210628
2013052300180000005	201305230018	http://www.examiner.com/article/brothers-report-multiple-triangle-ufos-moving-over-fort-worth	Brothers report multiple triangle UFOs moving over Fort Worth - National ufo | Examiner.com
91370	0.240653
130720	0.196847
158022	0.262284
272342	0.292233
296589	0.167510
260306	0.334310
260342	0.204933
236844	0.333208
260493	0.288091
284732	0.254091
65643	0.439422
284921	0.266387
261064	0.234185
309252	0.243469
321497	0.367962
385369	0.217267
397609	0.196107
238186	0.712180
132912	0.398728
47516	0.284296
172094	0.211344
16907	0.366734
49439	0.184790
362862	0.556259
215292	0.390516
120655	0.200072
349628	0.422144
50492	0.208545
50587	0.458049
413012	0.521212
399608	0.570204
134434	0.285327
363635	0.535493
227763	0.300137
202275	0.449350
312066	0.251412
108673	0.206406
108981	0.270656
5344	0.305119
175386	0.299746
175415	0.236609
69907	0.226416
136085	0.180222
149642	0.365342
54394	0.298465
351970	0.173989
289126	0.372048
55164	0.249133
204630	0.173302
415689	0.510184
21125	0.957528
353329	0.337873
205490	1.067362
151805	0.685958
138378	0.688422
279084	0.277198
152146	0.521719
279296	0.564554
125416	0.188302
267547	0.384386
303485	0.410753
354756	0.295816
8664	0.283943
22767	0.168276
58537	0.566461
354958	0.146179
22851	0.281561
23001	0.150650
244453	0.367655
112707	0.255832
153369	0.221538
280252	0.317638
59826	1.210628
59875	0.241423
59929	0.192618
355984	0.441057
268560	0.913955
406217	0.368466
329824	0.345328
9952	0.421895
154184	0.336077
154674	0.346767
24675	0.338792
194242	0.450865
140936	0.196801
39052	0.604940
155253	0.414995
11271	0.259735
195451	0.144462
270234	0.141676
102461	0.398377
393697	0.311613
195488	0.387939
331534	0.184036
294747	0.290968
394580	0.172852
358483	0.275932
63869	0.240232
345851	0.541385
13378	0.445455

2013052420070000005	1.077917
2013052420070000005	201305242007	http://www.examiner.com/article/ufo-over-historic-barn-site-of-multiple-ghost-sightings?cid=rss	UFO over historic barn : Site of ` multiple ghost sightings ' - San Francisco News | Examiner.com
333159	0.430202
184032	0.355190
14141	0.308263
117728	0.366163
144528	0.274140
44129	0.552375
272968	0.210614
1443	0.237043
199245	0.242845
171417	0.721693
249792	0.363944
385369	0.361221
397609	0.271738
106491	0.185605
200745	1.314763
133695	0.392081
50045	0.395892
50112	1.150202
187556	0.335327
173716	0.455935
400178	0.211065
312066	0.364035
228113	0.166149
287982	0.964513
400824	0.823097
33631	0.448963
338493	1.059464
189616	0.590825
326040	0.629773
217803	0.355994
289126	0.601778
218211	0.644987
254079	0.424505
85223	0.275235
278941	0.586474
327895	1.672937
57440	0.525558
279296	0.476819
267547	0.424491
22767	0.236079
58561	0.204782
23001	0.215713
153064	0.371338
166331	0.252868
59826	1.077917
368608	0.314676
392217	0.522160
60400	0.322388
392260	0.249408
24272	0.475814
281143	0.476276
180801	0.288445
141436	0.505011
62066	0.201787
331210	0.799058
11237	0.356617
75203	0.577964
270234	0.283154
168645	0.326530
420490	0.269522
358494	0.585780
247772	0.407805
169473	0.679039

2013052716500000004	1.061583
2013052716500000004	201305271650	http://in.news.yahoo.com/sachin-pilgaonkars-movie-virtual-premiere-075000317.html	Sachin Pilgaonkar 's movie to have virtual premiere - Yahoo ! News India
197938	0.679939
130788	1.123184
131435	0.769351
44848	0.631212
185749	1.538214
225754	0.965256
160163	0.792110
17016	0.432249
31671	1.561294
187481	0.603901
187638	1.542575
17934	0.640491
324773	0.237722
69793	0.299060
83010	0.472055
53697	0.580877
109894	0.758010
326427	2.051336
353376	0.359690
327946	0.426476
279538	0.944055
86413	0.358319
72816	0.332119
8688	0.350303
112342	0.779649
354958	0.378992
355346	0.469274
59826	1.061583
304985	1.738471
74306	0.449313
61441	0.372431
357050	0.352659
39427	0.462692
40280	0.757553
11270	0.523834
89083	0.595507
156409	0.727279
358826	0.684675
371674	0.671560
197279	0.806676
130219	0.383924

2013051908540000002	1.061583
2013051908540000002	201305190854	http://en-maktoob.news.yahoo.com/sachin-pilgaonkars-movie-virtual-premiere-075405916.html	Sachin Pilgaonkar 's movie to have virtual premiere - Yahoo ! News Maktoob
197938	0.679939
130788	1.123184
353376	0.359690
131435	0.769351
44848	0.631212
327946	0.426476
279538	0.944055
86413	0.358319
72816	0.332119
185749	1.538214
8688	0.350303
112342	0.779649
354958	0.378992
225754	0.965256
355346	0.469274
160163	0.792110
59826	1.061583
17016	0.432249
31671	1.561294
304985	1.738471
74306	0.449313
187481	0.603901
61441	0.372431
187638	1.542575
17934	0.640491
357050	0.352659
39427	0.462692
40280	0.757553
11270	0.523834
89083	0.595507
324773	0.237722
156409	0.727279
69793	0.299060
83010	0.472055
53697	0.580877
109894	0.758010
358826	0.684675
371674	0.671560
197279	0.806676
326427	2.051336
130219	0.383924

2013052505010000011	0.929848
2013052505010000011	201305250501	http://www.sfgate.com/horoscopes/renstrom/article/HOROSCOPE-for-Saturday-5-25-13-by-Christopher-4511607.php	HOROSCOPE for Saturday , 5/25/13 by Christopher Renstrom - SFGate
42792	0.600420
130543	0.633920
130752	0.371648
28799	0.431669
198684	0.488318
78406	0.342497
78446	0.351063
45240	0.367542
78916	0.860110
250585	1.011735
172486	0.298852
31432	0.508416
49825	0.237614
94877	0.926805
349628	0.404738
17593	1.002459
50895	0.472241
161455	0.498500
161521	0.642389
18197	0.324335
174521	0.376365
300040	0.474735
108745	0.516174
350716	0.629143
96186	0.400006
350906	0.856062
53052	0.552436
53356	0.464953
110065	0.585923
54628	0.687647
289016	0.391477
339695	0.343143
278723	0.514395
403834	0.814917
244269	0.952447
329021	0.477760
405906	0.827171
59826	0.929848
355991	0.480708
140936	0.327912
62066	0.253550
40706	0.866310
40918	0.458222
234710	0.500418
89675	0.258708
102992	0.301109
235377	0.465358
197081	0.481151

2013051921370000002	0.912467
2013051921370000002	201305192137	http://www.usatoday.com/story/news/nation/2013/05/19/mcminnville-oregon-ufo-festival/2324689/	The day the Earth stood soaked at Oregon UFO Festival
236064	0.383585
157684	0.321032
43009	0.351848
346440	0.505480
307854	0.678171
104526	0.694464
260342	0.217595
333892	0.181398
333947	0.223106
158510	0.667209
360123	0.397454
360132	0.215946
170731	0.296187
14444	0.181175
198967	0.353599
79054	0.485728
46174	0.233581
397802	0.299995
47516	0.297407
47585	0.259638
262393	0.458497
262628	0.660372
31610	0.382105
50587	0.400642
32327	0.465180
239987	0.378928
18029	0.336489
400225	0.440752
375965	0.292022
413608	0.437852
376198	0.329885
148612	0.224746
337880	0.699807
351048	0.433607
162324	0.244160
264568	0.388094
53578	0.178313
175530	1.003993
53808	0.582675
338932	0.282891
289126	0.442838
190386	0.315757
278036	0.739574
204630	0.233419
190903	0.572205
205568	0.177278
35669	0.410374
21736	0.267395
57174	0.341144
177792	0.297558
57417	0.397872
125416	0.109406
341403	0.505981
192416	0.337100
192490	0.333589
86605	0.255424
22767	0.149831
22772	0.286317
207151	0.236351
179091	0.341994
355353	0.267010
368273	0.218684
355499	0.353475
179335	0.379234
220383	0.528159
59826	0.912467
140068	0.247767
329751	0.316504
113616	0.441444
61023	0.163106
24355	0.150802
61140	0.223849
317330	0.262591
392853	0.585888
140936	0.189668
221522	0.362150
141018	0.235215
181086	0.297720
305426	0.346789
269664	0.174790
357168	0.413365
343994	0.352207
141615	0.220545
419747	0.480475
370204	0.454514
11340	0.198174
344122	0.240257
382374	0.350234
393920	0.675677
115542	0.431477
382747	0.561148
258698	0.454407
408675	0.663261
394580	0.158338
358575	0.147021
76501	0.320622
197036	0.257435
211346	0.231454
116794	0.688364
13378	0.349687

2013051921430000006	0.770061
2013051921430000006	201305192143	http://www.examiner.com/article/explosion-on-the-moon-a-great-way-to-get-kids-interested-science?cid=rss	Explosion on the moon a great way to get kids interested in science - San Francisco Fiction ' | Examiner.com
409567	0.649954
346240	0.362274
184032	0.328563
43446	0.498471
333947	0.463002
236844	0.504679
144751	0.328413
29075	0.425981
46240	0.565143
145822	0.460073
373735	0.623920
335459	0.308884
322548	0.450421
298316	0.266023
412354	0.639416
120367	0.227818
107632	0.352995
4312	0.850630
148097	0.685733
264111	1.344612
96186	0.346199
82452	0.442719
188823	0.359699
5221	0.395347
136107	0.384785
19632	0.312064
314167	1.003393
390046	0.389424
205258	0.699399
57382	0.448645
279296	0.435406
125416	0.160504
267466	1.026638
86413	0.314096
8558	0.410740
22767	0.225209
178984	0.651534
178998	0.532406
244453	0.478224
59826	0.770061
60400	0.393053
114207	0.348326
305426	0.650900
209372	0.301539
141436	0.503993
40061	0.401780
75193	0.504514
370204	0.526069
40392	0.305916
11369	1.092646
102485	0.269361
282218	0.685418
331534	0.285851
26330	0.457259
210578	0.228225
196874	0.380385
90467	0.314359

2013052419380000007	0.745098
2013052419380000007	201305241938	http://www.latimes.com/business/technology/la-fi-tn-amazon-wild-headquarters-architecture-seattle-20130524,0,4608531.story?track=rss	Amazon enters tech 's architecture wars with ` plant-rich ' building - latimes.com
283835	0.761650
283928	0.408765
384014	0.570330
224147	0.502250
28510	0.402482
144483	0.428057
320625	0.386209
44929	0.166587
360700	0.676478
45514	0.742865
249787	0.425960
106400	0.237725
214824	0.465277
274971	0.510218
67979	0.801710
323521	0.551705
227028	0.593756
120809	0.389987
239816	0.331663
215979	0.320042
288217	0.680335
338315	0.882047
97222	0.605105
20310	0.467747
229750	0.499192
366066	0.392739
301860	0.797425
55883	0.376752
151623	0.577229
354066	0.269599
191765	0.301214
404537	0.411429
125416	0.154659
72816	0.295299
219920	0.369755
73500	0.347485
59826	0.745098
100709	0.405275
316603	0.397559
60400	0.329235
60442	0.218951
140574	0.598175
114207	0.322050
419514	0.399502
167933	0.495610
270234	0.229323
40702	0.332450
40773	0.483124
357771	0.581861
282445	0.792468
222970	0.557813
182902	0.327681
332549	0.478487
394835	0.665614
157101	0.476296
248093	0.386281
283524	0.480448
283612	0.472109

2013052020000000033	0.742288
2013052020000000033	201305202000	http://www.miamiherald.com/2013/04/13/3338722/a-reboot-for-the-national-geographic.html	A reboot for the National Geographic Channel - TV & Radio - MiamiHerald.com
409702	0.687057
320137	0.252596
64855	0.772792
396145	0.296284
236797	0.357905
333947	0.250537
131435	0.398439
158581	0.384441
29436	0.390972
1730	0.576564
249787	0.231665
132459	0.656760
46424	0.345669
185927	0.270579
361803	0.460506
335459	0.228408
298316	0.245976
172451	0.571196
48356	0.361259
160280	0.538836
67807	0.326201
399145	0.276980
50121	0.921014
17438	0.588816
187519	0.487878
400225	0.383995
228113	0.245271
188546	0.398098
414187	0.390994
376806	0.383466
69907	0.450735
33771	0.483424
33890	0.552966
136154	0.539893
54390	0.210717
414771	0.683739
217854	0.403448
278036	0.493341
415400	0.962473
402944	0.816107
403327	0.499565
191125	0.663558
151674	0.199634
366892	0.428443
72187	0.259968
404339	0.443402
206150	0.315634
206224	0.468191
57803	0.536462
8558	0.396952
22603	0.352232
8664	0.317095
391363	0.499702
72968	0.603966
207211	0.336055
355353	0.336389
126382	0.261865
166263	0.265979
329426	0.521698
59826	0.742288
342395	0.368567
368786	0.346956
392496	0.348300
369147	0.515196
24355	0.159066
194293	0.243958
114207	0.246655
39294	0.617405
141436	0.359738
40003	0.385224
11270	0.265987
305867	0.142748
209865	0.576541
246833	0.523918
41234	0.255642
89734	0.388454
222839	0.680790
282724	0.210479
394412	0.638092
156779	0.588460
63446	0.706482
169235	0.549709
196874	0.258394
247779	0.224922
345590	0.268629
197429	0.254185
183744	0.706408
395280	0.262540
130219	0.261344
42605	0.184418

2013052020550000019	0.709490
2013052020550000019	201305202055	http://www.guardian.co.uk/artanddesign/2013/may/20/haroon-mirza-lisson-gallery-review	Haroon Mirza : vinyl , UFOs and the patter of tiny feet | Art and design | guardian . co. uk
248401	0.334747
346240	0.242261
130855	0.302421
13917	0.268864
43841	0.377431
296589	0.166469
248961	0.503853
272556	0.241100
14285	0.460357
410373	0.477550
78321	0.847652
44929	0.148362
360626	0.150419
213131	0.553082
171298	0.507188
46307	0.378018
322323	0.459447
106724	0.252862
262521	0.452113
398375	0.282302
67399	0.284286
31217	0.529095
107082	0.220697
251008	0.236970
251078	0.232533
201087	0.276642
49982	0.336821
107632	0.246259
50282	0.269191
349628	0.418947
215972	0.146820
18181	0.371295
121519	0.399899
337409	0.298201
400362	0.355657
108673	0.188593
108745	0.287189
108750	0.163988
188823	0.229355
175092	0.528247
19444	0.260388
34135	0.349465
351999	0.448468
54645	0.188675
289016	0.225448
189877	0.453808
326466	0.317914
313645	0.135243
339445	0.307057
365974	0.388198
204575	0.208338
339695	0.205255
190765	0.686461
390018	0.302071
353325	0.255800
415958	0.315530
56477	0.489679
124610	0.369899
151748	0.304308
177718	0.573338
72187	0.219632
328016	0.439351
279293	0.964044
152299	0.178174
303514	0.568456
165548	0.335991
379942	0.634431
178851	0.220632
391527	0.881514
37348	0.264730
380381	0.620439
153554	0.532412
37702	0.240521
59826	0.709490
356029	0.323659
60210	0.146419
193558	0.312034
329824	0.346241
329886	0.350647
9828	0.436252
392260	0.220171
126884	0.481618
356315	0.522332
220919	0.489107
221055	0.180685
381547	0.950621
101885	0.440666
194882	0.262616
221824	0.321536
40146	0.570293
344305	0.304152
26039	0.447754
26057	0.452038
331600	0.254714
75825	0.181279
318639	0.581786
358309	0.201266
332564	0.533764
409149	0.286222
63964	0.851271

