20130501
32
20130528 20130605

2013060521040000011	1.435687
2013060521040000011	201306052104	http://www.examiner.com/article/video-maine-witnesses-describe-low-flying-bright-light?cid=rss	Video : Maine witnesses describe low flying bright light - National ufo | Examiner.com
130720	0.302587
272342	0.449171
296589	0.333153
236844	0.678311
144751	0.275165
144838	0.270923
78446	0.250202
321009	0.357567
44929	0.206327
65643	0.603867
321497	0.574740
199816	0.727133
172094	0.289583
251008	0.456379
16907	0.577275
49562	0.394559
311139	0.351166
120655	0.255701
349628	0.463231
50587	0.624025
239848	0.738917
18577	0.308405
216493	0.377063
376775	0.403170
69907	0.355495
265051	0.334812
33933	0.682649
54394	0.331163
351999	0.351470
70669	0.299747
55612	0.273666
204630	0.245222
176907	0.724809
289939	0.970483
353329	0.512408
21354	0.304175
125214	0.538706
279296	0.644843
8334	0.531983
125416	0.235207
178452	0.466298
58537	0.722916
23001	0.189072
36956	0.568901
59826	1.435687
59929	0.249671
268560	1.108319
232974	0.338416
24272	0.470946
155350	0.331827
11271	0.249020
270234	0.223573
393697	0.491127
331534	0.371621
370759	0.549217
196874	0.286534
157101	0.559801
409149	0.311153
63869	0.374736

2013053021180000008	1.333203
2013053021180000008	201305302118	http://www.examiner.com/article/missouri-witness-says-same-ufo-appears-often-eastern-sky?cid=rss	Missouri witness says same UFO appears often in eastern sky - National ufo | Examiner.com
130720	0.259000
272342	0.479516
296589	0.291239
260306	0.442572
236844	0.603425
14444	0.260725
44929	0.216452
334467	0.391289
321497	0.526400
46384	0.605776
238186	0.703316
374176	0.387866
374538	0.746468
16620	0.327060
362486	0.345416
16907	0.527233
107391	0.259144
80818	0.242413
349628	0.496884
50587	0.450120
275612	0.511109
134434	0.356684
4281	0.218137
202156	0.344720
312066	0.363851
108697	0.246955
324773	0.175903
202634	0.526442
69907	0.324978
338932	0.283754
339186	0.417072
204630	0.274057
390044	0.899302
21125	0.705732
353376	0.325937
205568	0.238811
340739	0.431917
22024	0.472432
279296	0.728664
315308	0.420722
125416	0.256574
255275	0.425998
303485	0.407608
58537	0.669687
22851	0.368694
231760	0.407877
23001	0.173338
192800	0.415712
355241	0.272001
153369	0.306863
112909	0.316116
59826	1.333203
268560	1.333974
166612	0.381358
233041	0.733154
381698	0.964661
114533	0.369955
305867	0.165813
195451	0.168271
270234	0.204007
40702	0.286088
393697	0.448350
420488	0.619286
394580	0.196942
196874	0.321085
76661	0.323682
63869	0.343384
13378	0.388854

2013060523480000011	1.280812
2013060523480000011	201306052348	http://www.examiner.com/article/pennsylvania-father-son-have-sighting-after-facebook-ufo-tip	Pennsylvania father-son have sighting after Facebook UFO tip - National ufo | Examiner.com
28510	0.403970
296589	0.249073
260342	0.235407
333892	0.247414
320606	0.392308
78446	0.203362
284921	0.322157
46412	0.589462
66531	0.293329
238186	0.676387
47516	0.307966
172094	0.232747
16620	0.374074
172733	0.346199
386404	0.329970
49439	0.244081
49825	0.166722
107632	0.260559
173400	0.599440
349628	0.346799
50587	0.520691
227763	0.339673
400178	0.201468
400225	0.376701
174438	0.436589
174521	0.273204
312066	0.260170
388135	0.297445
148773	0.553872
414095	0.471628
53849	0.900282
54394	0.266917
289126	0.478279
70669	0.242030
110333	0.408599
110629	0.584058
204630	0.198653
190684	0.347944
390046	0.256412
266456	0.465324
21125	0.630281
177792	0.565437
164856	0.402197
404279	0.468623
279167	0.451792
206150	0.378663
279296	0.628176
315308	0.380990
125416	0.226512
192292	0.313913
267547	0.525538
8558	0.311363
303485	0.285169
58537	0.612165
23001	0.193893
153369	0.273431
280252	0.391765
37461	0.764320
59826	1.280812
406217	0.578172
60085	0.227005
60499	0.348121
113616	0.422395
232974	0.335853
233041	0.596984
24272	0.378012
154674	0.302700
317369	0.226795
180760	0.325469
38841	0.255701
407078	0.408153
39427	0.305150
11271	0.180072
195451	0.157021
40829	0.552157
331534	0.316074
89675	0.193405
12022	0.266577
306516	0.585298
270886	0.436654
196874	0.225450
63869	0.309679
13378	0.515201

2013060307160000006	1.078890
2013060307160000006	201306030716	http://www.huffingtonpost.com/2013/06/02/ufo-enters-mexico-volcano_n_3373898.html	http://www.huffingtonpost.com/2013/06/02/ufo-enters-mexico-volcano_n_3373898.html
42791	0.358728
223912	0.301803
197702	0.223753
296626	0.510402
236844	0.415507
410287	0.284307
320668	0.253795
372762	0.309516
14444	0.156272
29025	0.312620
396873	0.520973
385081	0.966579
1845	0.265556
273477	0.844469
297660	0.257423
46964	0.213335
397732	0.204898
47516	0.316121
66911	0.239056
172066	0.381655
172094	0.381984
48684	0.325934
250931	0.334989
16907	0.480201
147206	0.278802
107639	0.163541
50126	0.241919
349571	0.312911
349628	0.332906
187556	0.270535
413040	0.956810
215972	0.143668
4439	0.316031
174437	0.255009
121754	0.332116
481472	0.909194
324773	0.145337
148773	0.490771
400887	0.232644
264718	0.372119
288403	0.560707
69907	0.296236
414527	0.145420
351970	0.183602
217740	0.152455
54713	0.452240
289126	0.573845
313645	0.153327
55612	0.196580
204630	0.291889
266136	0.224053
176907	0.487302
7289	0.452487
366727	0.396714
366768	0.231936
416378	0.525918
354071	0.471101
279084	0.424424
279296	0.563184
86546	0.225417
8679	0.449321
152669	0.208103
86695	0.481556
22767	0.148514
23001	0.187155
193192	0.490686
292143	0.362487
193326	0.266624
59826	1.078890
59950	0.553191
60085	0.194213
60442	0.138427
280740	0.290387
392260	0.192863
73866	0.194117
24355	0.122437
194068	0.815585
194293	0.192431
381595	0.469142
194678	0.175473
141258	0.307324
381885	0.403348
344020	0.337759
11271	0.213741
195531	0.227550
331534	0.192032
182246	0.213781
41158	0.320691
12022	0.219515
282795	0.205181
271191	0.236277
358483	0.282462
358497	0.555168
76431	0.300260
383196	0.430061
247772	0.352271
197319	0.900836
130158	0.403120
197429	0.198533
13378	0.358038

2013060102540000005	1.061583
2013060102540000005	201306010254	http://en-maktoob.news.yahoo.com/sachin-pilgaonkars-movie-virtual-premiere-075405916.html	Sachin Pilgaonkar 's movie to have virtual premiere - Yahoo ! News Maktoob
197938	0.679939
130788	1.123184
131435	0.769351
44848	0.631212
185749	1.538214
225754	0.965256
160163	0.792110
17016	0.432249
31671	1.561294
187481	0.603901
187638	1.542575
17934	0.640491
324773	0.237722
69793	0.299060
83010	0.472055
53697	0.580877
109894	0.758010
326427	2.051336
353376	0.359690
327946	0.426476
279538	0.944055
86413	0.358319
72816	0.332119
8688	0.350303
112342	0.779649
354958	0.378992
355346	0.469274
59826	1.061583
304985	1.738471
74306	0.449313
61441	0.372431
357050	0.352659
39427	0.462692
40280	0.757553
11270	0.523834
89083	0.595507
156409	0.727279
358826	0.684675
371674	0.671560
197279	0.806676
130219	0.383924

2013053105540000005	0.928720
2013053105540000005	201305310554	http://au.news.yahoo.com/a/-/business/17409605/did-nasa-find-a-rat-on-mars/	Did NASA find a rat on Mars ? - Yahoo ! 7
295914	0.416371
346240	0.472139
131195	1.015544
44683	0.813505
411034	0.994844
118855	0.361379
335000	0.518746
361551	0.744867
93578	0.878208
310383	1.105698
67729	0.719976
49532	0.960214
107853	0.444954
4312	0.899390
228277	0.515874
96186	0.394265
188897	0.402635
400887	0.411821
53361	0.589623
217740	0.256640
54801	1.046759
176505	0.474632
403498	0.562580
390326	1.405492
85271	0.610883
404008	0.535916
57440	0.691212
86700	0.389170
153175	0.489706
59826	0.928720
418366	0.510874
24272	0.576565
61023	0.259709
61143	0.311096
180673	0.480770
209184	1.106292
141436	0.696018
270234	0.278819
357905	0.324775
247779	0.323752
157317	0.479244
63999	0.249971

2013060115240000003	0.925401
2013060115240000003	201306011524	http://www.examiner.com/article/mars-rat-earth-like-creature-explained-snapped-photo	Mars rat : Earth-like creature explained in snapped photo ? - National Top News | Examiner.com
116960	0.647086
158581	0.515892
44683	0.690541
78446	0.253840
360626	0.227451
309234	1.280132
199476	0.435963
46174	0.376631
118855	0.301044
309950	0.441475
48264	0.752174
94331	0.451278
49439	0.284358
49532	1.181050
49825	0.206846
227147	0.448319
120809	0.388713
32041	0.652438
107853	0.433089
4312	0.598043
18197	0.341895
400645	0.993008
54394	0.297784
54801	0.963643
176505	0.527781
266136	0.333870
204666	0.288287
366179	0.453469
366782	0.519172
404008	0.502582
21736	0.428306
177792	0.449895
85866	0.693954
279296	0.449668
8667	0.875019
86700	0.322752
231760	0.420814
23001	0.248736
178983	0.474565
193078	0.486593
59826	0.925401
60442	0.221880
180683	0.651767
305426	0.633618
419545	0.886462
456179	1.556208
270131	0.516734
344136	0.303807
270234	0.267836
258216	0.433146
258519	0.571376
358319	0.498796
420943	0.583862
247772	0.465152
63707	0.630606
13378	0.541926

2013060123140000004	0.906297
2013060123140000004	201306012314	http://ca.news.yahoo.com/mars-rat-taking-internet-storm-232339941.html	` Mars Rat ' Taking Internet by Storm - Yahoo ! News Canada
346240	0.288314
260155	0.231395
131195	0.763429
44683	0.641483
78431	0.286236
44929	0.137323
321088	0.527073
273179	0.324959
118399	0.257207
45992	0.242212
2332	0.445870
397701	0.306936
66911	0.275176
172094	0.207566
238444	0.561010
160066	0.423047
411997	0.311633
48567	0.448172
67729	0.408765
49305	0.211829
49439	0.312769
49532	0.845674
374905	0.198569
399320	0.335402
50387	0.162717
107853	0.355673
147832	0.760097
4281	0.217150
187917	0.673633
4312	0.579902
68961	0.397725
337405	0.378697
400262	0.359532
216312	0.244668
174521	0.327174
188478	0.662812
216488	0.170466
400887	0.352892
364563	0.302735
175334	0.180207
265051	0.281265
377090	0.344986
54109	0.195673
109872	0.932729
253131	0.383210
217740	0.165885
54641	0.303817
326162	0.525267
54801	0.767240
313645	0.172388
289384	0.531607
229654	0.624070
176505	0.386489
176595	0.421955
204630	0.209920
84702	0.536735
340182	0.689029
403498	0.375471
151461	0.235581
205569	0.254010
177792	0.442170
191765	0.227018
191822	0.290092
85866	0.858622
152186	0.239523
206150	0.264832
303150	0.263087
267497	0.744589
99858	0.505733
231760	0.299080
193078	0.373082
220504	0.743845
59826	0.906297
355984	0.435544
208158	0.581046
73866	0.211882
232974	0.285631
24272	0.493128
61023	0.196908
180673	0.316309
101799	1.036527
305426	0.534153
114569	0.293807
343825	0.590213
61980	0.595659
26235	0.263810
26258	0.564372
196069	0.406800
332037	0.504046
371070	0.512251
182805	0.230624
142832	0.834646
63869	0.319315

2013060111230000002	0.906297
2013060111230000002	201306011123	http://news.yahoo.com/mars-rat-taking-internet-storm-232339941.html	` Mars Rat ' Taking Internet by Storm - Yahoo ! News
346240	0.288314
260155	0.231395
131195	0.763429
44683	0.641483
78431	0.286236
44929	0.137323
321088	0.527073
273179	0.324959
118399	0.257207
45992	0.242212
2332	0.445870
397701	0.306936
66911	0.275176
172094	0.207566
238444	0.561010
160066	0.423047
411997	0.311633
48567	0.448172
67729	0.408765
49305	0.211829
49439	0.312769
49532	0.845674
374905	0.198569
399320	0.335402
50387	0.162717
107853	0.355673
147832	0.760097
4281	0.217150
187917	0.673633
4312	0.579902
68961	0.397725
337405	0.378697
400262	0.359532
216312	0.244668
174521	0.327174
188478	0.662812
216488	0.170466
400887	0.352892
364563	0.302735
175334	0.180207
265051	0.281265
377090	0.344986
54109	0.195673
109872	0.932729
253131	0.383210
217740	0.165885
54641	0.303817
326162	0.525267
54801	0.767240
313645	0.172388
289384	0.531607
229654	0.624070
176505	0.386489
176595	0.421955
204630	0.209920
84702	0.536735
340182	0.689029
403498	0.375471
151461	0.235581
205569	0.254010
177792	0.442170
191765	0.227018
191822	0.290092
85866	0.858622
152186	0.239523
206150	0.264832
303150	0.263087
267497	0.744589
99858	0.505733
231760	0.299080
193078	0.373082
220504	0.743845
59826	0.906297
355984	0.435544
208158	0.581046
73866	0.211882
232974	0.285631
24272	0.493128
61023	0.196908
180673	0.316309
101799	1.036527
305426	0.534153
114569	0.293807
343825	0.590213
61980	0.595659
26235	0.263810
26258	0.564372
196069	0.406800
332037	0.504046
371070	0.512251
182805	0.230624
142832	0.834646
63869	0.319315

2013060122150000006	0.906297
2013060122150000006	201306012215	http://ca.news.yahoo.com/mars-rat-taking-internet-storm-232339941.html?vp=1	` Mars Rat ' Taking Internet by Storm - Yahoo ! News Canada
346240	0.288314
260155	0.231395
131195	0.763429
44683	0.641483
78431	0.286236
44929	0.137323
321088	0.527073
273179	0.324959
118399	0.257207
45992	0.242212
2332	0.445870
397701	0.306936
66911	0.275176
172094	0.207566
238444	0.561010
160066	0.423047
411997	0.311633
48567	0.448172
67729	0.408765
49305	0.211829
49439	0.312769
49532	0.845674
374905	0.198569
399320	0.335402
50387	0.162717
107853	0.355673
147832	0.760097
4281	0.217150
187917	0.673633
4312	0.579902
68961	0.397725
337405	0.378697
400262	0.359532
216312	0.244668
174521	0.327174
188478	0.662812
216488	0.170466
400887	0.352892
364563	0.302735
175334	0.180207
265051	0.281265
377090	0.344986
54109	0.195673
109872	0.932729
253131	0.383210
217740	0.165885
54641	0.303817
326162	0.525267
54801	0.767240
313645	0.172388
289384	0.531607
229654	0.624070
176505	0.386489
176595	0.421955
204630	0.209920
84702	0.536735
340182	0.689029
403498	0.375471
151461	0.235581
205569	0.254010
177792	0.442170
191765	0.227018
191822	0.290092
85866	0.858622
152186	0.239523
206150	0.264832
303150	0.263087
267497	0.744589
99858	0.505733
231760	0.299080
193078	0.373082
220504	0.743845
59826	0.906297
355984	0.435544
208158	0.581046
73866	0.211882
232974	0.285631
24272	0.493128
61023	0.196908
180673	0.316309
101799	1.036527
305426	0.534153
114569	0.293807
343825	0.590213
61980	0.595659
26235	0.263810
26258	0.564372
196069	0.406800
332037	0.504046
371070	0.512251
182805	0.230624
142832	0.834646
63869	0.319315

2013060113330000004	0.890101
2013060113330000004	201306011333	http://www.cleveland.com/movies/index.ssf/2013/06/escape_from_planet_earth_stars.html	` Escape From Planet Earth ' stars voices of Rob Corddry , Brendan Fraser , new on DVD and Blu-ray | cleveland.com
224196	0.588671
104617	0.563915
320230	0.566638
144751	0.271085
334467	0.401249
78891	0.656883
46174	0.393313
132640	0.272398
213752	0.871473
250331	0.499929
186582	0.744557
362494	0.570694
323223	0.629304
94404	0.859698
49619	0.726522
120655	0.345947
3962	0.921364
287718	1.140085
135296	1.633503
5221	0.420811
135928	1.170025
388886	0.807547
190120	0.489101
98023	0.469809
278036	0.660137
403498	0.451275
243016	0.523547
124610	0.547973
72187	0.367790
206186	0.457027
152417	0.685422
192490	0.558840
267820	0.436610
231885	0.903082
193336	0.369349
59826	0.890101
60420	0.840595
101321	0.636360
305207	0.803756
305426	0.740221
25156	0.399466
39378	0.427464
40003	0.434994
370204	0.719800
370580	0.406629
370590	0.592303
62670	0.923333
26542	0.346696
129025	0.352752
196874	0.333089
77094	0.852230

2013060115000000003	0.875521
2013060115000000003	201306011500	http://www.csmonitor.com/Science/2013/0601/Mars-rat-Another-case-of-Red-Planet-pareidolia-video	Mars rat ? Another case of Red Planet pareidolia ( + video ) - CSMonitor.com
104370	0.410445
346240	0.264485
117367	0.360914
260155	0.227598
131195	0.651246
320668	0.305683
117916	0.327607
131612	0.125695
44683	0.498497
78431	0.282216
44929	0.138078
321088	0.501663
273179	0.319110
118399	0.245085
2332	0.424983
397701	0.300586
66911	0.267340
172094	0.216640
106360	0.241981
238444	0.571869
47683	0.159157
160066	0.401967
411997	0.301609
48567	0.426989
67729	0.401665
49305	0.207950
49439	0.339681
49532	0.795594
374905	0.198107
215211	0.222585
399320	0.320035
107853	0.343685
147832	0.721868
187917	0.639374
4312	0.488106
161597	0.415801
134849	0.388524
68961	0.378656
400262	0.343336
216312	0.239330
216488	0.167292
5221	0.309137
400887	0.344978
364563	0.297573
175333	0.239406
175334	0.177310
364887	0.548309
53578	0.166668
265051	0.267524
54109	0.192591
109872	1.152403
253131	0.266665
54641	0.289542
326162	0.498382
54801	0.715661
289384	0.505055
229654	0.593350
176505	0.288544
366066	0.332461
176595	0.415882
204630	0.199535
84702	0.511292
366403	0.324199
340182	0.656178
403498	0.375447
151461	0.230912
177792	0.421604
191765	0.215759
191822	0.275213
85866	0.775919
152186	0.234364
206150	0.261205
303150	0.257275
267497	0.597469
231760	0.285468
23001	0.134235
23174	0.410781
193078	0.354150
59826	0.875521
140068	0.247351
208158	0.570770
232974	0.271974
24272	0.481890
61023	0.196621
74306	0.312166
180673	0.301537
101799	0.933729
305426	0.580893
114569	0.289477
343825	0.559878
61980	0.568733
195451	0.122749
357582	0.411496
26235	0.265021
26258	0.537098
102992	0.221551
196069	0.388540
332037	0.479485
371070	0.513878
142832	0.656621

2013052815000000010	0.790104
2013052815000000010	201305281500	http://www.chron.com/news/houston-texas/houston/article/Blogger-claims-creature-with-tail-seen-in-NASA-4553390.php	Blogger claims creature with tail seen in NASA photo from Mars - Houston Chronicle
131195	0.680522
373244	0.341854
309268	0.617149
145567	0.281697
237947	0.332091
361482	0.365056
397731	0.318503
186099	0.896729
93578	0.817035
106443	0.253499
187026	0.282593
49532	0.529254
120419	0.269297
275207	0.644619
120655	0.257875
50523	0.790150
120809	0.305079
147740	0.358735
173786	0.689948
4312	0.753400
174431	0.484925
148404	0.819559
18741	0.814268
400887	0.351174
53578	0.216808
149538	0.713826
54411	0.689044
351999	0.332312
136438	0.819009
217740	0.208369
54801	0.716294
176308	0.866490
150446	0.634476
403029	1.342878
163862	0.537325
352970	0.589260
56159	0.714277
289882	0.816058
243016	0.457964
151424	0.542848
340488	0.554597
151674	0.188952
340569	0.266340
85545	0.603644
35929	0.422235
279040	0.356361
111730	0.408094
57837	0.256100
72816	0.276963
8750	0.501814
86931	0.497813
153077	0.336993
303963	0.218197
139537	0.814724
73284	0.379733
59826	0.790104
60425	0.562433
392252	0.253354
418646	0.868711
24272	0.491078
74091	0.469318
304897	0.301277
317380	0.774431
317471	0.447989
140936	0.337273
39230	0.517506
369869	0.516589
40448	0.328868
75608	0.499303
11794	0.588963
394030	0.296364
294454	0.383906
318720	0.843079
63522	0.294832
196874	0.361572
104132	0.728398

2013060119210000002	0.775363
2013060119210000002	201306011921	http://feeds.nbcnews.com/c/35002/f/653377/s/2cb63fd1/l/0Lscience0Bnbcnews0N0C0Inews0C20A130C0A60C0A10C186827690Emars0Erat0Etaking0Einternet0Eby0Estorm0Dlite/story01.htm	` Mars rat ' taking Internet by storm - Science
131195	0.732923
44683	0.499317
321088	0.499271
396703	0.467612
273179	0.313781
118399	0.243055
45992	0.231374
297660	0.283060
132532	0.680149
2332	0.421073
106088	0.615197
397701	0.297001
66911	0.270822
398073	0.526026
160066	0.402169
411997	0.296381
48567	0.423644
49305	0.204592
49439	0.287343
49532	0.825017
374905	0.187921
50387	0.155401
50423	0.351467
107853	0.267481
324105	0.671258
147832	0.723327
4281	0.207245
187917	0.641841
4312	0.553735
121417	0.375799
68961	0.376525
337405	0.362380
216312	0.236955
174521	0.312318
188478	0.633711
216488	0.164681
400887	0.274629
265051	0.266808
217382	0.288232
377090	0.329622
109872	0.880959
253131	0.354943
54593	0.438856
217740	0.160954
54633	0.514642
54641	0.287011
217760	0.533097
326162	0.500838
54801	0.728321
289384	0.505503
229654	0.592481
176505	0.368737
204630	0.199401
84702	0.507516
389877	0.438959
340182	0.651913
403498	0.355115
7444	0.250508
151461	0.227800
205569	0.243014
177792	0.341958
191765	0.215700
279084	0.346583
191822	0.276666
85866	0.749696
152186	0.231923
303150	0.254848
267497	0.708508
391218	0.270274
99858	0.500445
329154	0.706885
153369	0.300535
193078	0.355388
220504	0.710875
59826	0.775363
355984	0.422256
9638	0.486013
140068	0.315195
73866	0.205624
232974	0.270326
24272	0.384182
61023	0.186193
180673	0.298623
101799	0.991658
305426	0.490581
343825	0.563029
102693	0.438649
26235	0.249966
26258	0.534692
89675	0.197213
332037	0.478004
371070	0.482197
182805	0.223679
142832	0.657453
394783	1.114712
196874	0.244712
394835	0.536674
63869	0.305229

2013053019280000001	0.742979
2013053019280000001	201305301928	http://www.huffingtonpost.com/2013/05/29/mars-rat-nasa-curiosity-photo_n_3354155.html	Mars Rat ? Blogger Spots ` Creature ' In NASA Curiosity Rover Image ( PHOTO )
197583	0.489763
346240	0.269060
197933	0.305686
117367	0.399956
260273	0.352719
260342	0.264066
372762	0.323244
29025	0.326470
184840	0.175107
44683	0.796210
385157	0.267618
335000	0.303226
132640	0.164350
171857	0.264457
397731	0.231387
66911	0.298676
172066	0.399371
93578	0.670072
172094	0.197338
361878	0.407412
238444	0.532440
374176	0.399242
146438	0.267190
411997	0.225296
48684	0.340457
250931	0.352140
80523	0.200715
94464	0.383965
49519	0.310203
49532	0.812269
362802	0.333868
374905	0.176663
187249	0.349660
349571	0.326740
399320	0.293897
147832	0.740867
4312	0.720624
216312	0.218407
350603	0.379654
324768	0.273699
5221	0.380289
122129	0.467026
400887	0.331381
217074	0.364464
149538	0.408344
217740	0.194048
54641	0.267371
54801	0.841038
313645	0.157820
229705	0.357655
176505	0.469784
204630	0.180160
190667	0.391925
190826	0.383972
124135	0.197487
84947	0.434316
302382	0.777073
403498	0.289175
124704	0.229869
21736	0.268193
57162	0.358668
191765	0.191057
57382	0.330783
191822	0.257728
85866	0.493558
152186	0.213058
267497	0.870169
99858	0.510785
231760	0.263394
23001	0.136870
165807	0.197167
178983	0.316751
292143	0.378603
59826	0.742979
418366	0.299673
280740	0.299116
73866	0.202757
24272	0.541023
61023	0.283105
381174	0.803125
127505	0.255603
180683	0.497136
293247	0.546402
101799	0.907679
305426	0.354273
194678	0.218261
194923	0.221816
62066	0.186765
270234	0.158448
26235	0.279646
382669	0.267846
282795	0.209749
223034	0.425671
394580	0.209214
116023	0.269167
142832	0.953260
76431	0.313546
63999	0.174718
104132	0.438454
13416	0.375980

2013060119560000006	0.742979
2013060119560000006	201306011956	http://www.huffingtonpost.com/2013/05/29/mars-rat-nasa-curiosity-photo_n_3354155.html?utm_hp_ref=tw	http://www.huffingtonpost.com/2013/05/29/mars-rat-nasa-curiosity-photo_n_3354155.html?utm_hp_ref=tw
197583	0.489763
346240	0.269060
197933	0.305686
117367	0.399956
260273	0.352719
260342	0.264066
372762	0.323244
29025	0.326470
184840	0.175107
44683	0.796210
385157	0.267618
335000	0.303226
132640	0.164350
171857	0.264457
397731	0.231387
66911	0.298676
172066	0.399371
93578	0.670072
172094	0.197338
361878	0.407412
238444	0.532440
374176	0.399242
146438	0.267190
411997	0.225296
48684	0.340457
250931	0.352140
80523	0.200715
94464	0.383965
49519	0.310203
49532	0.812269
362802	0.333868
374905	0.176663
187249	0.349660
349571	0.326740
399320	0.293897
147832	0.740867
4312	0.720624
216312	0.218407
350603	0.379654
324768	0.273699
5221	0.380289
122129	0.467026
400887	0.331381
217074	0.364464
149538	0.408344
217740	0.194048
54641	0.267371
54801	0.841038
313645	0.157820
229705	0.357655
176505	0.469784
204630	0.180160
190667	0.391925
190826	0.383972
124135	0.197487
84947	0.434316
302382	0.777073
403498	0.289175
124704	0.229869
21736	0.268193
57162	0.358668
191765	0.191057
57382	0.330783
191822	0.257728
85866	0.493558
152186	0.213058
267497	0.870169
99858	0.510785
231760	0.263394
23001	0.136870
165807	0.197167
178983	0.316751
292143	0.378603
59826	0.742979
418366	0.299673
280740	0.299116
73866	0.202757
24272	0.541023
61023	0.283105
381174	0.803125
127505	0.255603
180683	0.497136
293247	0.546402
101799	0.907679
305426	0.354273
194678	0.218261
194923	0.221816
62066	0.186765
270234	0.158448
26235	0.279646
382669	0.267846
282795	0.209749
223034	0.425671
394580	0.209214
116023	0.269167
142832	0.953260
76431	0.313546
63999	0.174718
104132	0.438454
13416	0.375980

2013053000410000005	0.710795
2013053000410000005	201305300041	http://www.foxnews.com/science/2013/05/29/mars-rat-spied-by-nasa-curiosity-rover/	` Mars rat ' spied by NASA 's Curiosity rover | Fox News
346240	0.382094
42985	1.022713
197933	0.282545
91405	0.324037
359770	0.590115
198685	0.379179
44683	0.608924
321088	0.576565
118399	0.279700
46174	0.366259
297618	0.591045
118855	0.228621
335000	0.352040
2332	0.484101
361551	0.495599
213985	0.439633
93578	0.419383
160106	0.432325
398237	1.025286
2996	1.317470
48567	0.487741
226308	0.746355
49439	0.228901
94464	0.483034
187088	0.268392
49532	0.652784
215211	0.239837
187249	0.319763
120655	0.293635
147832	0.721875
4312	0.612478
18197	0.223549
68961	0.434452
240250	0.468628
400262	0.408558
69216	0.493640
400887	0.308398
109206	0.381862
241171	0.678691
149794	0.439328
54641	0.330129
163167	1.383009
54801	0.509559
83855	0.615496
289384	0.657708
176505	0.444691
84702	0.584569
340182	0.751557
390210	0.605976
366782	0.403961
111271	0.426524
177792	0.470594
191765	0.216346
191822	0.351901
36073	0.253934
85866	0.587537
86115	0.413006
267497	0.533743
8667	0.630840
22851	0.404601
231760	0.309190
139476	0.249215
59826	0.710795
329824	0.373524
60442	0.170333
60493	0.571939
9952	0.554594
232974	0.374839
166950	1.260244
24272	0.430977
381174	1.166309
127505	0.220385
180756	0.474133
140936	0.210234
221522	0.294102
101799	0.902506
305426	0.391453
10812	0.423523
194923	0.321988
141436	0.412570
62066	0.230952
62565	0.293932
26235	0.288783
26258	0.490162
41080	0.603202
394030	0.250470
196069	0.559556
371070	0.488103
142832	0.656204
295182	0.827570
196874	0.306556
247772	0.335558
197081	0.292543
247904	0.682101
283612	0.334711

2013060515060000001	0.706344
2013060515060000001	201306051506	http://www.guardian.co.uk/artanddesign/2013/may/20/haroon-mirza-lisson-gallery-review	Haroon Mirza : vinyl , UFOs and the patter of tiny feet | Art and design | guardian . co. uk
248401	0.325309
346240	0.235485
296589	0.162229
248961	0.490518
272556	0.234583
171298	0.492860
322323	0.447777
398375	0.273770
67399	0.294712
31217	0.515298
251008	0.230713
251078	0.226320
201087	0.278153
349628	0.409053
95255	0.592947
121519	0.388199
400362	0.345248
175092	0.552722
34135	0.338951
351999	0.439617
204575	0.202384
353325	0.250807
353329	0.250263
124610	0.366344
151748	0.295499
177718	0.558238
72187	0.213629
72212	0.409898
328016	0.427953
279293	0.935617
152299	0.173336
379942	0.617560
178851	0.214200
37348	0.258118
380381	0.614977
153554	0.517111
37702	0.234140
356029	0.313998
329824	0.337016
329886	0.342603
9828	0.425111
126884	0.468503
356315	0.509248
381547	0.963816
101885	0.428415
40146	0.558365
331600	0.250514
75825	0.175984
358309	0.195368
332564	0.518626
409149	0.281482
130855	0.295232
13917	0.260787
43841	0.370941
14285	0.452496
410373	0.473306
78321	0.853594
44929	0.144867
360626	0.145944
213131	0.537384
46307	0.366610
106724	0.245775
262521	0.471753
107082	0.215154
49982	0.326784
107632	0.243504
50282	0.267272
215972	0.146542
18181	0.370479
337409	0.292141
108673	0.183842
108750	0.159834
188823	0.222914
19444	0.252743
289016	0.219675
189877	0.440888
313645	0.131638
339445	0.298815
365974	0.382657
339695	0.199159
190765	0.678560
390018	0.308917
415958	0.306887
56477	0.482524
165548	0.326370
391527	0.856134
59826	0.706344
60210	0.144566
193558	0.304327
392260	0.220129
220919	0.476516
221055	0.176010
194882	0.255182
221824	0.315033
344305	0.299484
26039	0.440490
26057	0.439524
370662	0.403973
318639	0.566205
63964	0.850594

2013060523070000005	0.700550
2013060523070000005	201306052307	http://news.yahoo.com/curiosity-rover-leaving-mars-rat-behind-230721368.html	Curiosity Rover Leaving ` Mars Rat ' Behind - Yahoo ! News
42700	0.335477
42944	0.460115
42945	0.442272
77489	0.329844
117263	0.245281
346697	0.620072
248959	0.621209
272556	0.325943
131612	0.120775
44683	0.868095
78446	0.194069
261064	0.269684
335007	0.410076
172094	0.224148
93606	0.664151
160066	0.435475
411997	0.277294
49439	0.349688
49532	0.859619
187249	0.520178
50387	0.146887
68443	0.658550
134360	0.344556
134434	0.329842
4312	0.586913
95356	0.708350
174084	0.673058
240238	0.955260
299859	0.347813
216312	0.277023
148612	0.254872
188686	0.817921
288001	0.681260
400796	0.464224
109325	0.321603
364887	0.698955
338559	0.177265
54390	0.332156
54801	0.797053
352188	0.507117
289126	0.478901
313645	0.210382
352484	0.528752
97875	0.376328
289384	0.547416
176505	0.462784
55883	0.317240
190713	0.236717
390046	0.295750
327491	0.256820
7748	0.575617
177686	0.281795
327973	0.242498
191822	0.320038
303150	0.297854
125416	0.118552
57915	0.440271
267497	1.024334
112198	0.253931
99858	0.531901
267820	0.400820
220091	0.679048
165807	0.269309
87062	1.124733
37311	0.436065
59826	0.700550
60085	0.253874
60432	0.407856
154177	0.157459
154210	0.331514
140936	0.260894
221522	0.322512
101799	0.967142
305426	0.597960
234012	0.562162
343825	0.616151
370204	0.394861
234624	0.367411
12022	0.297527
408780	0.622686
63445	0.270142
142832	0.834934
307044	0.363748
63869	0.331132
13378	0.413697

2013052918560000011	0.672222
2013052918560000011	201305291856	http://www.guardian.co.uk/commentisfree/2013/may/29/guardian-comments-inspire-performance-art-blogologues	Comments as performance art : actors bring Guardian comments to life | Comment is free | guardian . co. uk
295914	0.284921
320040	0.712401
422	0.322322
372394	0.224974
396193	0.290121
198684	0.194376
198685	0.266859
198882	0.276955
396703	0.259543
65903	0.531978
171271	0.337639
119015	0.349458
273864	0.461053
397732	0.290199
227091	0.462978
120772	0.535869
251615	0.320357
201873	0.648985
4720	0.354169
174437	0.207579
4830	0.168230
324773	0.145707
377090	0.348031
377099	0.248209
122957	0.401758
377961	0.409990
7444	0.202139
151674	0.123143
205568	0.206475
354066	0.245899
354958	0.167361
303963	0.167813
9384	0.139189
37702	0.257704
355972	0.243066
74306	0.225687
180801	0.206316
39913	0.186112
40713	0.322285
357905	0.167238
12065	0.256836
103009	0.229194
42694	0.337771
77560	0.779381
13917	0.228759
14141	0.203240
308420	0.447096
44394	0.136392
44512	0.192726
260650	0.364796
78446	0.174280
44929	0.118413
360626	0.147236
131905	0.256456
132893	0.318157
132912	0.327909
386031	0.396634
386441	0.216646
215211	0.185786
50251	0.178967
187481	0.290228
17631	0.345631
239816	0.182365
51541	0.239028
413670	0.468393
52771	0.303374
264751	0.325218
53455	0.428062
162688	0.153013
338559	0.170074
388892	0.227665
217896	0.476368
313630	0.530976
313645	0.125540
339570	0.315634
190567	0.376624
190583	0.251600
243016	0.357300
85271	0.228437
191447	0.360475
290635	0.284192
57837	0.175292
112198	0.286712
192478	0.643380
58464	0.337552
59826	0.672222
140068	0.211967
61023	0.140067
114535	0.225989
195451	0.105446
115088	1.197601
115199	0.272570
294315	0.281458
394580	0.140738
271191	0.209667
345590	0.229047
63869	0.262176
63999	0.191718
248103	0.318463
27893	0.181622

2013052918000000004	0.672006
2013052918000000004	201305291800	http://www.guardian.co.uk/commentisfree/2013/may/29/guardian-comments-inspire-performance-art-blogologues	Theatre troupe brings Guardian comments to life | Comment is free | guardian . co. uk
295914	0.284733
320040	0.711316
422	0.322382
372394	0.226240
396193	0.289897
198684	0.194068
198685	0.267919
198882	0.276436
396703	0.259546
65903	0.518362
171271	0.336862
119015	0.349005
273864	0.465740
397732	0.290877
227091	0.461952
120772	0.534968
251615	0.321119
201873	0.647978
4720	0.353412
174437	0.207297
4830	0.167896
324773	0.145348
377090	0.347388
377099	0.248932
122957	0.400945
377961	0.409097
7444	0.202013
151674	0.123626
205568	0.206857
354066	0.237937
354958	0.168064
303963	0.167397
9384	0.139170
37702	0.257552
355972	0.244110
74306	0.225198
180801	0.205912
39913	0.186843
40713	0.293732
357905	0.168053
12065	0.256476
103009	0.228661
42694	0.337092
77560	0.777825
13917	0.230104
14141	0.203503
308420	0.446429
44394	0.136959
44512	0.192383
260650	0.364246
78446	0.173958
44929	0.118312
360626	0.148054
131905	0.256028
132893	0.320069
132912	0.328080
106400	0.127564
386031	0.395826
386441	0.216233
80523	0.155183
215211	0.185356
50251	0.179412
187481	0.232465
17631	0.346469
51541	0.238493
413670	0.467892
52771	0.302838
264751	0.324742
53455	0.430716
162688	0.153649
338559	0.169713
388892	0.227315
217896	0.477440
313630	0.530191
313645	0.125241
339570	0.314860
190567	0.375795
190583	0.251034
243016	0.357348
85271	0.228110
191447	0.359764
290635	0.283734
57837	0.176436
112198	0.273504
192478	0.641989
58464	0.337019
59826	0.672006
140068	0.212332
114535	0.225669
195451	0.105763
115088	1.196252
115199	0.272798
294315	0.282407
394580	0.140408
271191	0.209372
345590	0.230637
63869	0.261779
63999	0.191555
248103	0.318046
27893	0.181991

2013060121060000006	0.671274
2013060121060000006	201306012106	http://science.nbcnews.com/_news/2013/06/01/18682769-mars-rat-taking-internet-by-storm	` Mars rat ' taking Internet by storm - Science
346240	0.265206
236636	0.319425
131195	0.616871
29100	0.236141
44683	0.465424
321088	0.413854
396703	0.371591
118399	0.202789
45992	0.187396
297660	0.222445
2332	0.351911
106088	0.493299
66911	0.229600
238444	0.525524
160066	0.330116
411997	0.252456
48567	0.353165
49439	0.264471
49532	0.761490
374905	0.173074
50387	0.125942
147832	0.592057
4281	0.168278
187917	0.523562
4312	0.474076
121417	0.264964
68961	0.312605
337405	0.292079
216312	0.215202
174521	0.263075
188478	0.511998
376196	0.357544
400887	0.253179
109325	0.247798
364887	0.514044
265051	0.244189
217382	0.226195
377090	0.266804
401738	0.321037
109872	0.817031
253131	0.298692
54593	0.351126
54633	0.413837
54641	0.239665
326162	0.407728
54801	0.649250
289384	0.414640
229654	0.488113
176505	0.300180
204630	0.164033
339826	0.223121
84702	0.422733
389877	0.351400
340182	0.542118
403498	0.333691
205569	0.195986
327980	0.209163
177792	0.283680
191765	0.177311
279084	0.278378
85800	0.473908
191822	0.225083
85866	0.663447
57848	0.386933
267497	0.596321
99858	0.398308
153369	0.235959
193078	0.290093
391798	0.438640
220504	0.575043
59826	0.671274
9638	0.382117
140068	0.215416
73866	0.172295
232974	0.224615
24272	0.353487
61023	0.171989
180673	0.249787
194440	0.287795
101799	0.836128
305426	0.467615
343825	0.457758
209561	0.574482
306086	0.187950
102693	0.351344
26235	0.207038
26258	0.443057
332037	0.394993
103182	0.478938
371070	0.474198
358171	0.392975
142832	0.538895
394783	0.896887
196874	0.196115
394835	0.421553
197026	0.255509
63869	0.246755
116683	0.280386
13378	0.285168
13415	0.367422

2013060317480000016	0.632128
2013060317480000016	201306031748	http://www.huffingtonpost.com/blake-kernen/reasons-for-community-service_b_3378464.html	Blake Kernen : The Case for Community Service
43194	0.322316
333526	0.242840
236636	0.365121
284349	0.291074
333892	0.188938
1016	0.163304
260493	0.343874
131612	0.130653
44613	0.383577
78594	0.261892
360626	0.278488
45415	0.310020
65828	0.395276
334525	0.292011
45955	0.381178
273477	0.558695
171587	0.443227
297660	0.275750
186013	0.274163
47269	0.404864
106443	0.217514
348556	0.356501
146438	0.289571
322548	0.380108
238746	0.270298
107351	0.248562
50387	0.159042
299360	0.264555
187805	0.231844
51272	0.239658
148121	0.659347
312073	0.243328
96043	0.290493
82452	0.315018
325148	0.416511
338307	0.288617
33713	0.427488
54109	0.222385
54390	0.238277
351999	0.316203
97504	0.654580
6534	0.335187
136973	0.253760
415446	0.328877
378023	0.441973
204645	0.311299
190567	0.567939
190583	0.336487
339826	0.293950
110981	0.373498
403498	0.398396
151461	0.260826
416191	0.417726
230805	0.327769
72187	0.282949
354099	0.423441
191822	0.280510
354191	0.295503
22122	0.250782
85938	0.412049
99735	0.416424
354958	0.176551
405325	0.297189
73284	0.311044
207465	0.178733
9384	0.203770
59826	0.632128
292374	0.773639
60210	0.177584
329776	0.252416
154177	0.162489
369012	0.305051
317092	0.342733
180751	0.237529
369600	0.325248
74861	0.269063
25220	0.345991
344136	0.265403
393645	0.197314
331534	0.233156
115282	0.369694
75825	0.216788
142285	0.386304
102992	0.240057
282724	0.313858
182899	0.524681
182900	0.470464
538896	1.004600
358575	0.180939
247779	0.247061
63869	0.346502
197387	0.340725
27893	0.245035

2013060317480000017	0.601383
2013060317480000017	201306031748	http://www.huffingtonpost.com/margaret-mclean/bulger-victims-wife-this-_b_3378565.html	Margaret McLean : Bulger Victim 's Wife : `` This Is Why I Stay and Fight ''
183928	0.419092
42967	0.386308
130886	0.451972
260155	0.228826
410066	0.926780
131211	0.339999
284349	0.269009
333947	0.240328
1016	0.150964
260493	0.317797
144750	0.226640
131612	0.122218
44613	0.360153
78375	0.299121
78594	0.242025
360626	0.189908
45415	0.294821
65828	0.369161
45955	0.455083
45984	0.437669
273477	0.531162
46307	0.403728
171587	0.414005
297660	0.254871
186013	0.253480
106491	0.150984
238746	0.252612
49305	0.222842
50387	0.147004
50492	0.202212
187805	0.214303
4281	0.182992
51272	0.225136
275922	0.547260
148121	0.619134
400153	0.634834
252157	0.320608
95803	0.159114
240515	0.588248
109617	0.656855
338307	0.233757
162688	0.266558
136145	0.262200
54109	0.259721
288771	0.324708
163070	0.446446
313458	0.558691
229355	0.705306
20354	0.324494
84473	0.739968
34941	0.627720
71289	0.540141
35358	0.703336
416191	0.397088
354099	0.391430
191822	0.266794
354191	0.273220
85938	0.384998
341195	0.325754
58058	0.254105
99735	0.389146
86594	0.338175
405325	0.277574
139476	0.250369
405588	0.386641
179112	0.325581
368273	0.234341
316198	0.764575
207465	0.196476
9384	0.159102
37702	0.273326
59826	0.601383
73690	0.338396
60210	0.164182
329776	0.233289
221055	0.223610
317092	0.320160
74320	0.703497
180751	0.225854
369600	0.303850
39372	0.268200
74861	0.255941
40115	0.169478
88995	0.412458
141615	0.379517
344136	0.245356
75343	0.647150
155839	0.306606
393645	0.184418
331534	0.243806
115282	0.347263
182130	0.261263
246925	0.319632
142285	0.361084
332170	0.255091
182899	0.490199
538896	0.943407
247779	0.191264
63869	0.286388
27893	0.230129

2013060314070000021	0.601080
2013060314070000021	201306031407	http://www.forbes.com/sites/davidhochman/2013/05/27/strangest-tourist-attraction-in-southern-california/	Strangest Tourist Attraction In Southern California - Forbes
409671	1.652305
383970	0.642685
283928	0.286201
77701	0.271893
296589	0.243758
333777	0.412847
333892	0.203423
28799	0.281075
14285	0.355915
260457	0.272146
237231	0.269889
118311	0.373137
360700	0.672304
15108	0.276494
249792	0.348594
385369	0.336275
385402	0.413264
397340	0.151772
361482	0.318187
262024	0.248989
309950	0.346877
250331	0.339851
106360	0.298097
106401	0.185246
106949	0.509891
362486	0.288087
226625	0.651663
80968	0.321577
107632	0.243970
107639	0.172742
50116	0.501350
50387	0.154765
412830	0.221433
120962	0.444036
147740	0.308852
215972	0.156923
216285	0.867223
299964	0.359702
300010	0.397021
108943	0.404633
96186	0.248796
5221	0.323803
241470	0.488535
338538	0.489091
313135	0.609059
19654	0.222697
203648	0.482603
97213	0.390408
54389	0.249654
351999	0.426776
217740	0.172495
54814	0.525301
265589	0.497142
326455	0.360932
218148	0.645565
230131	0.667598
403380	0.289073
302333	0.448927
85179	0.372191
205568	0.196779
138199	0.275109
327898	0.346491
57162	0.331037
206081	0.408872
152186	0.248836
178329	0.591462
354730	0.275126
244153	0.330210
8852	0.797829
139274	0.308838
126106	0.414137
355343	0.320072
59208	0.505347
59826	0.601080
140068	0.278679
392260	0.211577
220827	0.625640
154177	0.152171
380950	0.759484
140759	0.243018
140936	0.209722
269664	0.174121
369915	0.405925
167991	0.628435
270131	0.385496
40448	0.293669
102500	0.300152
115177	0.502405
76001	1.031888
196136	0.556383
420625	0.363370
371113	0.463117
116023	0.286066
103688	1.081651
157101	0.335986
157116	0.436332
76666	0.423452
409205	0.231980
157317	0.275088
346013	0.311828

2013052802070000005	0.597218
2013052802070000005	201305280207	http://www.forbes.com/sites/davidhochman/2013/05/27/strangest-tourist-attraction-in-southern-california/	Strangest Tourist Attraction In Southern California - Forbes
409671	1.642167
383970	0.638579
283928	0.284363
77701	0.270157
296589	0.242194
333777	0.410202
333892	0.202114
28799	0.279268
260457	0.270394
237231	0.268155
118311	0.370749
360700	0.668053
15108	0.274721
249792	0.346354
385369	0.334134
385402	0.410613
397340	0.150795
361482	0.316141
262024	0.247389
309950	0.344645
250331	0.337671
106360	0.296180
106949	0.506614
362486	0.286243
226625	0.647478
80968	0.319517
107632	0.242406
107639	0.171635
50387	0.153769
412830	0.220013
120962	0.441190
147740	0.306866
215972	0.155913
216285	0.861658
299964	0.357388
300010	0.394471
108943	0.402047
96186	0.247198
5221	0.321719
241470	0.485390
338538	0.485961
313135	0.605140
19654	0.221267
203648	0.479506
97213	0.387898
54389	0.248049
351999	0.424096
217740	0.171385
54814	0.521920
265589	0.493966
326455	0.358613
218148	0.641413
230131	0.663303
403380	0.287215
302333	0.446054
85179	0.369798
205568	0.195521
138199	0.273339
177686	0.248567
327898	0.344261
57162	0.328910
206081	0.406253
152186	0.247235
178329	0.587656
354730	0.273356
303485	0.283588
244153	0.328085
8852	0.792702
139274	0.306866
126106	0.411472
355343	0.318012
59208	0.502171
59826	0.597218
140068	0.276885
392260	0.210215
220827	0.621613
154177	0.151194
380950	0.754601
140759	0.241464
140936	0.208375
269664	0.173008
369915	0.403313
167991	0.624401
270131	0.383026
40448	0.291783
102500	0.298221
115177	0.499198
76001	1.025400
196136	0.552821
420625	0.361034
371113	0.460153
116023	0.284240
103688	1.074689
157101	0.333835
157116	0.433543
76666	0.420730
409205	0.230489
157317	0.273326
346013	0.309839

2013052823180000007	0.541725
2013052823180000007	201305282318	http://www.huffingtonpost.com/emma-tattenbaumfine/the-night-ellen-came-out-_b_3332620.html?utm_hp_ref=celebrity&ir=Celebrity	Emma Tattenbaum-Fine : The Night Ellen Came Out on TV
104382	0.485427
77667	0.523454
320180	0.510453
43693	0.277223
717	0.321072
333892	0.217119
44129	0.397437
334098	0.309446
14444	0.267508
14502	0.479132
360598	0.282604
45240	0.174081
45299	0.219056
334467	0.239045
249621	0.483587
132640	0.176234
46994	0.511449
186004	0.298146
47269	0.341051
361705	0.456630
15996	0.489219
106400	0.166577
106491	0.144717
285952	0.540256
48161	0.357033
322792	0.492116
94019	0.421142
310722	0.325556
412507	0.336293
49982	0.343382
80925	0.576767
50049	0.329332
17419	0.199502
120711	0.474490
275470	0.939022
336728	0.283450
311351	0.519328
363497	0.376271
108056	0.458689
161597	0.396213
400225	0.347337
216493	0.301361
400645	0.592760
388120	0.395687
148957	0.349557
53026	0.435518
149005	0.492172
300533	0.523928
136085	0.194425
149642	0.389516
217740	0.148098
189807	1.047427
54713	0.434236
289016	0.248490
70555	0.344275
55164	0.288494
229713	0.277988
176553	0.220097
278036	0.409839
190553	0.314202
218786	0.247890
243016	0.350338
327579	0.532457
164453	0.469755
21492	0.325044
390479	0.477963
354066	0.139053
191765	0.203985
404263	0.298343
57440	0.375714
191822	0.258623
85828	0.409781
178828	0.663881
112709	0.251440
405658	0.486538
329231	0.482155
59826	0.541725
316522	0.601584
38059	0.366811
304620	0.387154
330082	0.412463
317369	0.271335
127588	0.469263
257277	0.269691
39060	0.261983
40049	0.268058
102388	0.646859
115068	0.571159
234466	0.646619
331534	0.280732
102641	0.420499
11800	0.665720
75825	0.289698
12166	0.202261
129025	0.288195
247387	0.667759
358575	0.192735
169473	0.869216
63999	0.225789
197387	0.234076

