20130501
32
20130721 20130729

2013072316090000015	1.137539
2013072316090000015	201307231609	http://www.huffingtonpost.com/2013/07/20/physicist-eric-davis-mufon-symposium_n_3620126.html	Eric Davis , Physicist , Explains Why Scientists Wo n't Discuss Their UFO Interests
346240	0.330171
372394	0.255025
346732	0.468611
372762	0.295403
198684	0.265022
29025	0.298384
249258	0.366786
249365	0.381084
118569	0.328760
273682	0.342829
93525	0.313062
172094	0.260678
3550	0.335810
349571	0.298697
349628	0.389718
227147	0.397903
324100	0.403902
375943	0.498735
33069	0.290430
96113	0.525306
228277	0.322704
5221	0.319509
148810	0.262459
325148	0.195163
122466	0.282460
69907	0.230063
377480	0.604318
326207	0.314767
278036	0.388605
229877	0.389405
353280	0.331096
205362	0.434633
279296	0.403151
404633	0.261619
329751	0.513902
73866	0.185233
356726	0.290522
180751	0.185403
407031	0.329186
381885	0.378274
12066	0.288352
408780	0.706922
358497	0.529980
76431	0.286604
104018	0.486925
409567	0.440130
42791	0.334838
260269	0.261990
131287	0.408516
158581	0.273432
261663	0.432846
309950	0.271315
47516	0.288095
47683	0.181670
106443	0.165938
48684	0.311013
16907	0.372867
80551	0.190583
386675	0.494889
187249	0.516995
215946	0.670113
18189	0.344496
498342	0.775452
188255	0.427162
337483	0.345620
82498	0.793812
288403	0.535300
54108	0.255674
217740	0.145461
289126	0.480607
190010	0.259153
313645	0.144393
415793	0.224436
390046	0.368505
218932	0.269133
390486	0.191532
138199	0.300476
416562	0.663507
139299	0.280871
23001	0.191379
291775	0.442078
112976	0.328134
292143	0.345918
59826	1.137539
268560	0.829928
140068	0.259320
167001	0.185515
221055	0.237973
61023	0.155676
24587	0.339978
114434	0.327608
141258	0.237584
269873	0.372139
344020	0.313277
168437	0.359184
89675	0.167056
318976	0.283432
90576	0.408749
63932	0.283102
346013	0.271068

2013072917040000020	0.923269
2013072917040000020	201307291704	http://www.chron.com/news/houston-texas/houston/article/NASA-photo-may-show-face-of-half-human-half-4693526.php	NASA photo may show face of half human , half ... use your imagination - Houston Chronicle
42813	0.580880
260269	0.343603
131195	0.642304
78406	0.241939
44929	0.214771
14731	0.770640
46174	0.329245
93525	0.494636
66911	0.254013
93578	0.506531
238444	0.649581
335408	0.514913
348556	0.294747
411877	0.631709
172955	0.862819
49532	0.549107
323527	0.662608
50587	0.461613
4312	0.701826
68961	0.470788
400178	0.260904
400285	0.635955
174431	0.584189
108697	0.463990
188546	0.531010
96186	0.287356
400887	0.410583
188961	0.606157
69793	0.221758
217740	0.192875
54718	0.563183
54801	0.705984
150507	0.416504
278036	0.579812
339695	0.298703
163862	0.648066
84702	0.631161
218786	0.330410
85271	0.352625
164856	0.428559
57440	0.468454
191822	0.337696
8558	0.422380
8750	0.539816
231760	0.344556
112563	0.383943
153474	0.347474
59826	0.923269
609875	1.404521
418366	0.366465
140068	0.484216
232974	0.337763
24272	0.574000
154482	0.394638
101154	0.445984
61023	0.237103
180673	0.365031
369869	0.598085
269873	0.514762
11155	0.807605
343994	0.521819
393645	0.277616
270234	0.266876
102561	0.458332
26258	0.525388
394030	0.330056
210578	0.215777
104132	0.542221

2013072204180000002	0.879210
2013072204180000002	201307220418	http://www.lasvegassun.com/news/2013/jul/21/ufo-symposium-participants-urge-open-mindedness/	At UFO symposium , participants urge open-mindedness - Las Vegas Sun News
283741	0.397198
223896	0.308814
224196	0.432129
13917	0.355210
28799	0.238887
44176	0.338492
1016	0.137418
158581	0.270906
170731	0.294961
29100	0.239002
131677	0.205668
78431	0.273614
249500	1.160979
261064	0.243457
132640	0.162973
186042	0.206785
47516	0.306893
146438	0.253777
250585	0.563422
411877	0.443868
48953	0.368494
16907	0.501564
80523	0.291225
201087	0.321789
215183	0.281225
49833	0.992113
50282	0.283956
349628	0.305512
161712	0.340805
375943	0.349679
108673	0.223968
33069	0.453350
108750	0.176465
350716	0.348899
188546	0.326531
122466	0.440534
69907	0.309397
96856	0.353531
162688	0.175460
377090	0.282780
162854	0.445508
54108	0.398420
122960	0.216877
54390	0.192123
136466	0.572882
54645	0.215527
377480	0.749510
313645	0.153018
218169	0.189956
686949	0.962256
278036	0.722899
190583	0.354543
390046	0.277058
230291	0.357152
390153	0.670953
366905	0.282740
138199	0.343333
21736	0.271154
57064	0.640567
164703	0.334469
111577	0.225068
367331	0.290853
191971	0.375058
279296	0.293835
379402	0.282542
99650	0.167194
303398	0.450358
152669	0.221706
244269	0.529290
153369	0.251661
59826	0.879210
59875	0.281520
380598	0.617984
316603	0.223790
245147	0.275117
356124	0.318078
232787	0.255629
221113	0.679514
88125	0.343983
208687	0.554696
140759	0.229030
392853	0.636822
39060	0.236218
419522	0.225301
381885	0.381101
141615	0.218230
305867	0.126094
11340	0.236546
115038	0.533688
102453	0.439455
40713	0.322282
270385	0.419935
12066	0.272767
282795	0.202380
12641	0.644449
271191	0.265220
247779	0.180716
116475	0.197625
104018	0.379328
64220	0.191038

2013072623010000023	0.874132
2013072623010000023	201307262301	http://www.guardian.co.uk/travel/2013/jul/27/forestry-commission-ufo-trail-suffolk	England 's forests : following the UFO trail in Suffolk | Travel | The Guardian
211883	0.554973
346440	0.384559
130854	0.243034
320496	0.471027
347065	0.309732
1016	0.174611
117941	0.297349
677194	0.838445
44929	0.146373
360601	0.477466
237430	0.361334
385157	0.319531
611771	0.817979
145822	0.342836
348403	0.284428
362027	0.669279
226161	0.329648
362149	0.314710
49208	0.268307
3408	0.559205
49305	0.223148
187026	0.228986
107276	0.327745
49569	0.658792
336259	0.495052
50045	0.237009
399320	0.389686
349628	0.318435
311590	1.049395
350316	0.350012
300010	0.404722
148442	0.397672
18679	0.596216
364377	0.405409
276972	0.685881
377090	0.379452
277433	0.256377
217740	0.179551
402186	0.348784
402243	0.304612
84127	0.432025
176539	0.326614
278036	0.689356
176903	0.251210
460307	0.755064
415945	0.477757
390218	0.184653
366905	0.345977
404008	0.426114
111730	0.372658
57440	0.459150
191822	0.288054
57811	0.453638
125416	0.135468
379556	0.436183
86658	0.600191
125934	0.622622
73145	0.421848
113039	1.029531
59826	0.874132
342395	0.351829
73671	0.279773
87607	0.367491
60400	0.318412
280740	0.364704
356223	0.321299
208200	0.506250
193780	0.694610
208309	0.339362
127025	0.462790
24272	0.615671
233475	0.793541
140936	0.242329
407154	0.618444
209372	0.232089
381885	0.485222
40049	0.290630
40392	0.234025
659070	0.841879
195451	0.147796
102485	0.233099
89333	0.396321
258320	0.561397
294939	0.787244
271191	0.257215
210953	0.664014
196874	0.261486
319311	0.339970
143098	0.304103
332776	0.520651
236046	0.491017

2013072301560000008	0.872719
2013072301560000008	201307230156	http://www.huffingtonpost.com/bill-moyers/watch-what-makes-florida_b_3636678.html?utm_hp_ref=crime&ir=Crime	WATCH : What Makes Florida the ` Gunshine ' State | Bill Moyers
364	0.796742
158162	0.756430
64907	0.473060
43838	0.635250
333889	0.406400
144751	0.268895
105068	0.338641
44755	0.558899
308780	0.286103
65681	0.506970
347748	0.372404
92694	0.326838
225206	0.553540
397513	0.714694
238087	0.698160
397701	0.462740
225770	0.859319
48986	0.438153
80551	0.304466
187249	0.485449
363043	0.603900
50472	0.481461
363442	0.855307
363497	0.601743
4513	0.502767
69116	0.387435
69793	0.272701
338498	0.745298
54109	0.380804
20354	0.597162
6741	0.652322
35144	0.654148
302698	0.241845
303150	0.356236
86546	0.293461
255460	0.230196
112707	0.368167
207465	0.244555
391827	0.892081
59826	0.872719
73671	0.336915
208062	0.873895
60429	0.409694
127132	0.681007
369147	0.562489
304897	0.388244
343261	0.641907
233705	0.709274
167588	0.758940
39372	0.343196
11152	0.818966
210578	0.255518
90577	0.573071

2013072205180000007	0.869931
2013072205180000007	201307220518	http://www.lasvegassun.com/news/2013/jul/21/ufo-symposium-participants-urge-open-mindedness/	At UFO symposium , participants urge open-mindedness - Las Vegas Sun News
283741	0.390418
223896	0.304129
224196	0.425710
13917	0.349272
28799	0.235320
44176	0.333612
1016	0.136704
158581	0.266977
170731	0.289994
29100	0.238157
131677	0.202712
78431	0.272137
249500	1.152704
261064	0.240185
132640	0.160443
186042	0.203323
47516	0.303242
146438	0.249858
250585	0.555428
411877	0.436649
48953	0.362888
16907	0.493133
80523	0.288163
201087	0.317817
215183	0.276508
49833	0.994912
50282	0.280645
349628	0.300624
161712	0.334939
375943	0.344305
108673	0.221988
33069	0.445934
108750	0.173860
350716	0.343916
188546	0.321074
122466	0.433314
69907	0.304215
96856	0.349946
162688	0.172805
377090	0.278172
162854	0.437878
54108	0.391877
122960	0.213667
54390	0.190990
136466	0.564499
54645	0.211952
377480	0.737862
313645	0.151929
218169	0.186719
686949	0.945914
278036	0.714203
190583	0.349493
390046	0.274366
230291	0.353070
390153	0.661251
366905	0.278151
138199	0.338578
21736	0.270361
57064	0.629762
164703	0.328911
111577	0.221884
367331	0.287572
191971	0.368921
279296	0.289761
379402	0.277602
99650	0.166981
303398	0.443064
152669	0.218208
244269	0.521755
153369	0.247344
59826	0.869931
59875	0.279018
380598	0.607694
316603	0.220100
245147	0.272429
356124	0.313560
232787	0.254333
221113	0.669779
88125	0.339244
208687	0.545211
140759	0.225408
392853	0.631580
39060	0.232702
419522	0.221509
381885	0.375782
141615	0.214537
305867	0.123968
370204	0.292878
11340	0.233275
115038	0.524443
102453	0.432618
40713	0.316795
270385	0.414477
12066	0.273874
282795	0.199326
12641	0.642366
271191	0.260747
247779	0.177871
104018	0.377138
64220	0.190681

2013072700200000004	0.840779
2013072700200000004	201307270020	http://www.sfgate.com/news/article/99-year-old-woman-from-Iran-becomes-US-citizen-4689905.php	99-year-old woman from Iran becomes US citizen - SFGate
64899	0.626050
272556	0.374275
237231	0.442650
360626	0.222405
105472	0.397859
2267	0.580918
262024	0.408901
94396	0.980488
80551	0.383612
215030	0.231087
107351	0.188282
80968	0.424611
216312	0.359043
108750	0.241148
188817	0.849542
276690	0.593656
203213	0.349801
19294	0.636191
54389	0.410511
54390	0.298925
339826	0.332031
205568	0.268721
354055	0.722815
328659	0.972520
86413	0.409349
8688	0.296354
22767	0.200011
58674	0.328155
179152	0.615807
166331	0.257409
59826	0.840779
126802	0.455619
126933	0.496149
406578	0.534340
24355	0.206251
127505	0.294582
317369	0.294915
61441	0.276023
730066	1.293215
330753	0.460784
730088	1.233994
610281	1.179197
357338	0.675268
40115	0.246304
11271	0.275020
40392	0.293427
40448	0.407560
195451	0.189564
331534	0.261836
182218	0.422207
26330	0.414630
371000	0.331060
168810	0.516446
420627	0.412197
196874	0.321720
143026	0.424189
247779	0.268531
169398	0.450710
63999	0.209731
668371	2.159522
27857	0.286796

2013072600460000001	0.822661
2013072600460000001	201307260046	http://www.twincities.com/localnews/ci_23733180/minnesota-squad-car-from-1979-warren-ufo-encounter?source=rss	Minnesota : Squad car from 1979 ` Warren UFO Encounter ' is still a talker - TwinCities.com
223970	0.594376
372135	0.456650
224196	0.427619
144528	0.268885
44512	0.255586
131612	0.156634
14502	0.350830
284732	0.220235
272968	0.204772
1443	0.215470
360626	0.242836
65706	0.349965
273106	0.480202
297837	0.360125
250331	0.359605
238413	1.266577
47683	0.185966
348556	0.260907
106491	0.160585
172486	0.232505
48582	0.616669
16620	0.318057
412507	0.327512
94664	0.542915
50112	0.617469
50121	0.596198
349628	0.277807
120726	0.332417
215514	0.483809
323841	0.458233
187556	0.250168
50895	0.321849
18197	0.328510
400000	0.630110
400178	0.203863
252157	0.267038
312066	0.261934
300057	0.528353
400611	0.764241
364377	0.369321
82452	0.348646
149065	0.555439
376763	0.500674
33631	0.600513
402186	0.379851
70669	0.331322
218211	0.346172
415446	0.353696
415449	0.909793
190713	0.242977
176903	0.267077
254079	0.360408
390018	0.385637
151461	0.242893
21354	0.261444
314715	0.514906
72193	0.491705
416562	0.670461
36579	0.327296
291300	0.346889
244153	0.338634
86999	0.231510
59203	0.651720
139694	0.279640
59826	0.822661
60442	0.175465
24272	0.391372
61140	0.232359
245875	0.317872
141018	0.278161
39060	0.307584
10764	0.355140
281595	0.396659
39365	0.468523
39715	0.345806
62351	0.424766
102485	0.194589
40918	0.285344
26248	0.402212
142058	0.444372
370638	0.274188
75825	0.209542
12022	0.282998
247015	0.501737
12061	0.544101
62856	0.687975
102992	0.206322
12250	0.292734
358280	0.324551
282861	0.509301
383186	0.216290
346013	0.244919

2013072905460000005	0.792216
2013072905460000005	201307290546	http://www.twincities.com/localnews/ci_23733180/minnesota-squad-car-from-1979-warren-ufo-encounter?source=rss	Minnesota : Squad car from 1979 ` Warren UFO Encounter ' is still a talker - TwinCities.com
296080	0.433634
223970	0.603064
372135	0.404734
224196	0.378380
144528	0.242443
236844	0.435414
131612	0.110815
14502	0.329390
29075	0.315950
272968	0.180172
1443	0.189748
360626	0.219168
65706	0.308131
273106	0.425790
273179	0.340327
118399	0.254183
171334	0.473643
397609	0.244601
225839	0.405567
250331	0.316587
238413	1.449483
106424	0.427498
348556	0.229730
106491	0.142298
274464	0.619481
172486	0.210203
48582	0.550921
16620	0.296865
187026	0.213460
412507	0.295256
94664	0.497304
50121	0.528600
349628	0.335984
120726	0.292744
50895	0.285404
18197	0.294303
400000	0.556971
337207	0.580831
400178	0.179434
252157	0.236751
18577	0.255296
300057	0.468219
400611	0.677818
364377	0.325181
82452	0.329596
376763	0.525947
33631	0.510969
19381	0.261404
402186	0.377244
70669	0.298322
218211	0.306839
415446	0.311343
415449	0.801121
190713	0.222657
84737	0.279863
176903	0.236705
254079	0.319469
7157	0.670463
390018	0.339394
21354	0.230185
314715	0.455144
72193	0.436083
328320	0.514675
279296	0.349725
125416	0.141589
36579	0.407630
291300	0.307622
244153	0.300381
153077	0.352462
59203	0.755768
139694	0.246311
207465	0.172589
59826	0.792216
60442	0.155629
232787	0.288199
154210	0.370934
256898	0.469107
245875	0.282017
141018	0.246494
39060	0.336018
269609	0.416952
10764	0.312773
39365	0.412548
39715	0.359600
102453	0.599812
102485	0.183471
26248	0.499713
370638	0.243130
75825	0.197976
12022	0.255485
12061	0.613240
62856	0.610123
12250	0.257820
258755	0.549934
358280	0.285701
282861	0.451520
345232	0.653017
76407	0.293150
383186	0.202916
295400	0.516451

2013072919440000009	0.776421
2013072919440000009	201307291944	http://www.denverpost.com/breakingnews/ci_23733180/minnesota-squad-car-from-1979-warren-ufo-encounter?source=rss	` UFO squad car ' still a talker at Minnesota county fair - The Denver Post
296080	0.418340
223970	0.587704
372135	0.390838
224196	0.366597
144528	0.236675
236844	0.423081
131612	0.107693
14502	0.329866
29075	0.303915
272968	0.175585
1443	0.184833
360626	0.218494
65706	0.299790
273106	0.411693
273179	0.327742
118399	0.244438
171334	0.456300
397609	0.235204
225839	0.393317
250331	0.307815
238413	1.416050
106424	0.412044
348556	0.223587
106491	0.137323
274464	0.596970
172486	0.206052
48582	0.534072
16620	0.294732
187026	0.207479
412507	0.291199
94664	0.489367
50121	0.510978
349628	0.328785
120726	0.285211
50895	0.276022
18197	0.287568
400000	0.538947
337207	0.565356
400178	0.174166
252157	0.228831
18577	0.245721
300057	0.451945
400611	0.655859
364377	0.316431
82452	0.330564
376763	0.512153
33631	0.498232
19381	0.251785
402186	0.366404
70669	0.290901
218211	0.296370
415446	0.302431
415449	0.779963
190713	0.208694
84737	0.269391
176903	0.228553
254079	0.308604
7157	0.653456
390018	0.329190
21354	0.223917
314715	0.441071
72193	0.421903
328320	0.496021
279296	0.336888
125416	0.138380
36579	0.394263
291300	0.297545
244153	0.290760
153077	0.340634
59203	0.736732
207465	0.168996
59826	0.776421
60442	0.150607
232787	0.277516
154210	0.359191
256898	0.451802
245875	0.273126
141018	0.237901
39060	0.328435
269609	0.406376
10764	0.304835
39365	0.401584
39715	0.350001
62066	0.156263
102453	0.579752
102485	0.183595
26248	0.483177
370638	0.235109
75825	0.198418
12022	0.252607
12061	0.590587
62856	0.590211
12250	0.251322
258755	0.530483
358280	0.277608
282861	0.436365
345232	0.635619
76407	0.284216
383186	0.216788
295400	0.503781

2013072501000000027	0.760652
2013072501000000027	201307250100	http://www.chicagotribune.com/news/opinion/ct-met-huppke-magnet-20130725,0,2650304.story?track=rss	New Fermilab electromagnet might turn us all into New Yorkers - chicagotribune.com
295914	0.309575
149	1.186097
170025	0.366115
158076	0.565452
260342	0.232898
117728	0.292390
28799	0.309903
1016	0.144264
158589	0.316830
198663	0.342133
44929	0.137225
360626	0.250995
297509	0.480626
297532	0.792679
334795	0.596050
334987	0.662955
16574	0.274041
49519	0.347428
107454	0.530537
412507	0.439582
161194	0.494271
4281	0.220073
336960	0.355259
215979	0.160499
18197	0.190578
228113	0.135931
188546	0.357700
174751	0.462987
96088	0.868519
312299	0.700900
188644	0.283803
400796	0.505971
82498	0.535722
376534	0.244172
312577	0.690081
53045	0.348859
338163	0.956748
149248	0.560838
162688	0.233048
175558	0.243651
136085	0.216615
136145	0.278173
162851	0.213062
54088	0.478787
34116	0.573639
54919	0.663806
253570	0.330689
123420	0.368875
20354	0.320792
176553	0.227458
366066	0.302310
278036	0.639483
6833	0.404248
339712	0.470843
390218	0.177570
366768	0.270281
302698	0.213689
404008	0.342501
21736	0.280846
416664	0.601388
152146	0.264817
138865	0.872813
139044	0.470242
22767	0.153484
23033	0.578305
152994	1.170247
139468	0.349068
244565	0.502358
355813	0.639519
59826	0.760652
140020	0.721615
316766	0.559781
154243	0.344692
317075	0.266017
180760	0.201267
24761	0.306206
407078	0.368719
194601	0.350642
25156	0.285033
39427	0.280886
25230	0.309842
221824	0.395453
269832	0.377703
269849	0.374720
195451	0.130487
102500	0.323492
128628	0.395736
331534	0.209764
370638	0.228120
370759	0.393214
12022	0.250197
258519	0.374563
196123	0.603716
90199	0.628323
271191	0.226356
383187	0.464244
283157	0.275361
409205	0.214068
63869	0.322229
346013	0.248597

2013072918440000012	0.741364
2013072918440000012	201307291844	http://www.denverpost.com/nationworld/ci_23733180/minnesota-squad-car-from-1979-warren-ufo-encounter?source=rss	` UFO squad car ' still a talker at Minnesota county fair - The Denver Post
296080	0.390536
223970	0.556786
372135	0.365409
224196	0.344472
144528	0.227210
236844	0.399229
131612	0.101656
14502	0.323981
29075	0.282415
272968	0.166391
1443	0.175069
360626	0.214099
65706	0.283456
273106	0.385657
273179	0.305114
118399	0.227055
171334	0.425047
397609	0.218448
225839	0.370116
250331	0.290764
238413	1.345959
106424	0.384112
348556	0.211508
106491	0.128259
274464	0.556333
172486	0.196868
48582	0.502201
16620	0.286376
187026	0.195894
412507	0.280519
94664	0.469787
50121	0.478488
349628	0.313336
120726	0.270213
50895	0.258661
18197	0.273439
400000	0.505434
337207	0.534822
400178	0.164105
252157	0.214243
18577	0.228560
300057	0.422255
400611	0.615069
364377	0.299264
82452	0.325008
376763	0.484623
33631	0.472387
19381	0.234470
33890	0.285369
402186	0.345512
70669	0.275850
218211	0.277183
415446	0.285279
415449	0.738197
84737	0.250612
176903	0.213646
254079	0.288675
7157	0.619328
390018	0.309837
21354	0.211666
314715	0.414566
72193	0.395588
328320	0.462326
206150	0.232986
279296	0.313767
57837	0.179063
125416	0.131863
36579	0.369499
291300	0.278883
244153	0.272833
153077	0.318855
59203	0.698359
207465	0.162237
59826	0.741364
60442	0.141267
232787	0.258319
154210	0.337223
256898	0.420671
245875	0.256488
141018	0.222235
39060	0.312500
269609	0.385152
39365	0.379984
39715	0.330966
62066	0.155601
102453	0.542783
102485	0.180151
26248	0.452615
370638	0.220280
75825	0.195063
12022	0.244146
12061	0.549845
62856	0.553294
258755	0.495146
358280	0.261985
282861	0.408473
345232	0.601290
76407	0.267338
383186	0.221892
295400	0.477994

2013072623010000020	0.700326
2013072623010000020	201307262301	http://www.guardian.co.uk/travel/2013/jul/27/stargazing-in-englands-forests	Stargazing in England 's forests -- a Q&A guide | Travel | The Guardian
409567	0.447852
43841	0.361391
260318	0.199455
333892	0.199878
131283	0.296024
144750	0.229337
144751	0.211507
14444	0.219781
44929	0.133142
360626	0.188115
45349	0.218274
45415	0.245923
92671	0.332577
199619	0.515131
397340	0.130844
132640	0.156923
132670	0.307846
238081	0.193341
46964	0.215519
361549	0.485806
132893	0.293285
106401	0.171494
226004	0.599507
49439	0.186870
187088	0.261160
107351	0.136345
3569	0.425347
349628	0.273480
50587	0.461017
187556	0.217771
50895	0.255371
239816	0.198641
17840	0.432198
387300	0.553780
363635	0.587722
4281	0.176629
324366	1.104687
312073	0.189277
121793	0.621433
82452	0.335989
53093	0.469723
96709	0.449295
175415	0.203805
414335	0.568201
351508	0.524855
351999	0.270970
402186	0.273617
217896	0.341146
176553	0.203644
278036	0.456888
339695	0.207217
366179	0.293162
402992	0.525185
254079	0.353249
353328	0.296163
205258	0.565970
151461	0.269698
366791	0.321669
353773	0.371601
290501	0.349964
354071	0.491086
111730	0.360031
191822	0.256155
206019	0.269664
354540	0.369545
8652	0.372007
152669	0.232832
86658	0.534013
139274	0.284300
139299	0.292514
139476	0.242203
59826	0.700326
329824	0.387009
60499	0.268064
418500	0.400861
356223	0.286073
24272	0.399057
39060	0.246730
305426	0.348309
39565	0.352549
194923	0.212648
39715	0.183603
40061	0.263952
40392	0.198079
11369	0.494552
40773	0.320467
102500	0.247710
420170	0.210278
89588	0.160777
258320	0.444431
357905	0.172629
420490	0.181935
12250	0.264569
420646	0.678733
332549	0.319219
157101	0.318247
90606	0.423959
76928	0.329423
116683	0.269924
371786	0.484492

2013072701010000013	0.698729
2013072701010000013	201307270101	http://www.guardian.co.uk/travel/2013/jul/27/stargazing-in-englands-forests	Stargazing in England 's forests -- a Q&A guide | Travel | The Guardian
409567	0.445776
43841	0.359674
260318	0.198571
333892	0.198997
131283	0.294818
144750	0.228741
144751	0.210582
14444	0.218862
44929	0.132704
360626	0.187268
45349	0.217418
45415	0.244912
92671	0.331266
199619	0.512468
397340	0.142179
132640	0.156243
132670	0.306211
238081	0.192505
46964	0.214463
361549	0.483724
132893	0.292096
106401	0.170736
226004	0.596290
49439	0.186149
187088	0.259841
107351	0.135707
3569	0.423232
349628	0.272565
50587	0.458910
187556	0.216749
50895	0.254214
239816	0.197828
17840	0.429865
387300	0.550850
363635	0.584725
4281	0.175754
324366	1.098724
312073	0.188422
121793	0.618544
82452	0.334463
53093	0.467505
96709	0.447481
175415	0.202990
414335	0.565510
351508	0.522615
351999	0.269563
402186	0.272990
217896	0.339713
176553	0.202757
278036	0.456563
339695	0.206273
366179	0.291675
402992	0.522545
254079	0.351622
353328	0.294769
205258	0.563218
151461	0.255063
366791	0.320060
353773	0.369667
290501	0.348240
354071	0.488746
111730	0.359496
191822	0.255464
206019	0.268307
354540	0.368135
8652	0.370214
152669	0.231548
86658	0.532295
139274	0.283021
139299	0.291277
139476	0.240959
59826	0.698729
329824	0.384962
60499	0.266958
418500	0.398758
356223	0.285160
24272	0.398186
39060	0.245452
305426	0.346554
39565	0.351030
194923	0.211702
39715	0.202101
40061	0.262629
40392	0.196081
11369	0.492284
40773	0.318877
102500	0.246620
420170	0.209374
89588	0.160140
258320	0.442867
357905	0.171804
420490	0.180978
12250	0.263166
420646	0.675371
332549	0.317642
157101	0.316609
90606	0.422271
76928	0.328144
116683	0.268785
371786	0.482545

2013072517020000014	0.693053
2013072517020000014	201307251702	http://www.huffingtonpost.com/2013/07/25/dc-blimps_n_3651676.html?utm_hp_ref=green&ir=Green	Blimps Over Washington : JLENS Brings Football-Field Sized Anti-Missile Aerostats To Spy On , Protect D.C. ( PHOTOS )
346240	0.178007
117263	0.131203
91424	0.156403
1016	0.102086
198685	0.215015
396873	0.212220
297538	0.398728
66911	0.149518
172094	0.166050
147206	0.215300
227529	0.313002
251894	0.247575
228113	0.097627
350702	0.265285
278036	0.439554
204630	0.142770
176903	0.151294
403380	0.184683
353329	0.231874
404008	0.234727
205789	0.467241
152186	0.166216
354284	0.132406
279296	0.347728
125416	0.092762
99858	0.281410
354921	0.134335
355241	0.157293
355346	0.141369
153369	0.175131
381045	0.536201
180751	0.139887
155350	0.175876
381885	0.334634
40049	0.216704
538523	0.575790
102485	0.150628
41158	0.235933
210578	0.139217
282795	0.143462
358309	0.146220
211346	0.168034
235847	0.286447
130122	0.203440
13378	0.243441
236046	0.297219
44929	0.114329
360636	0.318831
45418	0.233153
261064	0.155793
132251	0.217798
78968	0.320453
238113	0.181293
47516	0.276108
47996	0.341457
386022	0.199725
186470	0.369879
262628	0.511171
50423	0.228679
50472	0.222929
50587	0.226883
161244	0.895909
453457	1.070642
364153	0.180233
52499	0.201251
337880	0.513606
724038	0.563357
217074	0.212038
162688	0.122776
265051	0.169346
414527	0.102857
338559	0.114715
54109	0.125358
217740	0.127294
136543	0.187679
313645	0.106210
390218	0.101287
85179	0.274195
164856	0.200480
57440	0.314459
111873	0.167961
112121	0.264959
139263	0.263363
418116	0.369487
59826	0.693053
60400	0.195965
392252	0.165984
24272	0.321024
221055	0.159305
140936	0.151033
88504	0.204825
221824	0.213948
394030	0.188619
196401	0.320747
294939	0.521423
63445	0.150088
197081	0.187369
90576	0.288973
116475	0.159592
197429	0.148687

2013072116080000002	0.667339
2013072116080000002	201307211608	http://www.examiner.com/article/erich-von-daniken-ezekiel-s-ufo-vision	Erich Von Daniken : Ezekiel 's UFO vision - National Worldview and Science | Examiner.com
157707	0.616519
130718	0.667598
545	0.695014
212175	0.357871
260273	0.546681
144534	0.544063
333911	0.478321
333947	0.269078
44514	0.669495
158801	0.321273
44856	0.692831
44929	0.126548
360626	0.170834
439902	1.618232
373326	0.332451
65944	0.202904
46174	0.314086
273661	0.671839
132640	0.162320
225692	1.192071
309950	0.370926
47516	0.284904
93578	0.540345
172093	0.393517
298316	0.186277
226237	0.558594
214746	0.466068
49058	0.401449
200996	0.565608
133695	0.238770
412354	0.587809
239153	0.419703
398925	0.481928
120655	0.196491
251521	0.312911
161455	0.335292
4312	0.368576
174170	0.312551
121824	0.298002
96113	0.829573
694688	0.964731
96564	1.019592
33771	0.303363
377099	0.276661
83372	0.385295
229343	0.574204
326455	0.329259
313645	0.143122
6593	0.303410
278036	0.560198
204630	0.220030
84737	0.262117
254037	1.103091
403498	0.286015
340366	0.355593
218932	0.257523
177387	0.459238
21354	0.236367
254818	0.484776
36073	0.217239
152149	0.413988
152299	0.231734
36409	0.480973
231446	0.576577
125584	0.417131
8558	0.357608
303485	0.256420
86546	0.189634
86594	0.257513
379743	0.520400
139299	0.252735
207151	0.176573
59030	0.884901
355569	0.335588
59826	0.667339
126802	0.248532
60400	0.231254
140365	0.331533
101111	0.505314
221055	0.195881
233145	0.604558
61087	0.497170
154867	0.464952
194293	0.194153
140936	0.231114
194769	0.382323
209819	0.425607
195531	0.212851
41158	0.340250
195894	0.399309
41466	0.528141
420625	0.324390
358325	0.318471
130040	0.333863
63999	0.169508
104018	0.364591
42578	0.291744
90927	0.315032
359149	0.426907
42605	0.173324

2013072420420000006	0.652532
2013072420420000006	201307242042	http://triblive.com/news/westmoreland/4400887-74/event-recycling-container	Festivals put food , fun on the calendar | TribLIVE
714222	0.919396
224147	0.326414
144528	0.279541
333947	0.216621
158547	0.363828
334098	0.419092
170731	0.275750
131612	0.113888
65706	0.373787
45240	0.186176
385157	0.258357
45847	0.313055
79054	0.471625
397340	0.153269
361296	0.568658
237947	0.293194
159706	0.463212
47269	0.336110
322637	0.214064
3407	0.169570
214942	0.632861
107391	0.266427
49825	0.192410
187556	0.277475
32209	0.555235
215972	0.146919
400181	0.264958
95803	0.189574
376047	0.480763
312066	0.243111
300040	0.286930
121813	0.425764
388007	0.748432
162688	0.253545
265051	0.296973
149462	0.958423
228928	0.320898
162851	0.186418
122960	0.221063
97504	0.306171
339186	0.330704
313645	0.170929
150507	0.282023
55612	0.369271
84737	0.246208
176903	0.223835
254079	0.290560
327491	0.207116
151674	0.159727
21492	0.310012
302698	0.197434
177686	0.273096
230805	0.222388
230809	0.366151
279040	0.256478
206019	0.181786
22122	0.175964
267400	0.379996
58138	0.376248
86501	0.443459
354921	0.188102
207151	0.212880
179112	0.263510
59826	0.652532
59929	0.207370
380584	0.448282
23752	0.263926
316603	0.312368
356124	0.268568
166863	0.347983
392456	0.392878
61023	0.163678
154674	0.253377
140759	0.324597
127547	0.645007
114207	0.216958
74650	0.740348
194502	0.332702
194678	0.188443
114533	0.336398
40003	0.399344
305867	0.126193
25806	0.256758
597092	0.803589
294049	0.232289
195451	0.120454
370365	0.431966
102532	0.310090
40918	0.295870
26270	0.305426
258216	0.378451
128854	0.569371
89678	0.272172
26667	0.275994
196130	0.248071
182805	0.204635
182815	0.287595
358280	0.267736
247779	0.212613
394999	0.291258

2013072415010000001	0.597443
2013072415010000001	201307241501	http://www.guardian.co.uk/music/2013/jul/24/warehouse-project-chic-thom-yorke	Thom Yorke and Chic sign up for Manchester 's Warehouse Project | Music | guardian . co. uk
42887	0.326801
42945	0.420328
77489	0.414769
383986	0.439691
91370	0.385341
64701	0.540627
130752	0.295992
260230	0.807330
260457	0.315378
170731	0.279753
14444	0.246556
131612	0.133091
184840	0.224918
131905	0.361950
45415	0.329784
15064	0.240768
171271	0.425028
1845	0.379113
79054	0.318911
29858	0.325180
273634	0.498838
47516	0.349364
172094	0.213372
106360	0.344892
362034	0.819215
398220	0.529716
146551	0.619998
172486	0.201391
411997	0.274639
412080	0.426565
49825	0.175702
215211	0.312165
323487	0.675282
323521	0.418717
31749	0.621279
120655	0.229373
399320	0.331364
50387	0.146285
4281	0.278186
215972	0.190634
51541	0.338106
324773	0.157677
188770	0.531135
82751	0.607916
338587	0.257581
338808	0.254393
351999	0.295372
6069	0.503744
54785	0.480060
217896	0.394786
54918	0.283600
289130	1.038825
339236	0.295743
265908	0.704110
55612	0.216540
277903	0.264168
301863	0.997012
190678	0.327689
150925	0.898530
230085	0.503917
403582	0.570112
327491	0.365075
35481	0.219715
177408	0.787166
340468	0.307866
21566	0.370701
327754	0.561095
416436	0.517708
99650	0.207174
112198	0.229863
279805	0.479604
23001	0.138652
303963	0.271424
9378	0.751279
59826	0.597443
60429	0.315717
60442	0.156715
126896	0.438644
60679	0.776241
193758	0.440822
180760	0.209848
194678	0.250145
39504	0.328998
221824	0.452117
234016	0.572647
234294	0.621542
40507	0.256075
62353	0.432045
75399	0.502341
103009	0.289530
318976	0.314388
420943	0.406734
76826	0.793948
197368	0.674242
64220	0.226281

2013072823110000011	0.585941
2013072823110000011	201307282311	http://www.examiner.com/article/erich-von-daniken-china-s-dropa-disks	Erich Von Daniken : China 's dropa disks - National Worldview and Science | Examiner.com
157707	0.665162
346240	0.267618
117263	0.221417
545	0.563032
260273	0.613124
333911	0.364691
333947	0.308622
360123	0.414459
44514	0.331198
360626	0.164797
309063	0.465879
439902	1.495941
29580	0.430883
45984	0.395057
285386	0.806634
273661	0.544193
719135	0.973364
309950	0.324099
226237	0.507126
694100	1.145258
200996	0.615255
133695	0.257098
412354	0.591464
239153	0.414101
362856	0.773243
120655	0.210995
50387	0.134670
251521	0.301884
263440	0.348080
4281	0.284624
174170	0.339792
400178	0.264057
337405	0.308833
400262	0.384101
52868	0.884065
53045	0.352659
401114	0.560349
96564	0.970301
228723	0.472785
33771	0.326540
83372	0.413881
351999	0.311399
377613	0.787680
326455	0.358662
278036	0.652154
204630	0.180320
339624	0.703551
339695	0.224793
34941	0.567128
151085	0.388328
218932	0.293091
151461	0.222224
85271	0.365938
404126	0.320071
254818	0.527625
36073	0.288920
152149	0.399744
36409	0.523632
379560	0.339812
125584	0.447609
86379	0.390600
379743	0.477540
73020	0.578710
139299	0.274364
178983	0.312156
207151	0.189935
139476	0.248407
59030	0.818171
291775	0.468471
304192	0.305630
59826	0.585941
73608	0.480035
126802	0.269643
60400	0.238971
60609	0.943247
233145	0.650528
194293	0.208702
140936	0.230789
39372	0.241866
269832	0.296010
370204	0.388752
40448	0.270462
270234	0.153466
26235	0.274064
646100	1.038295
168437	0.386905
41158	0.365238
195894	0.430105
89675	0.193908
210347	0.647901
41466	0.417579
26667	0.410674
420625	0.352562
659386	1.177405
358256	0.337941
358325	0.343709
76501	0.359250
130040	0.363270
42605	0.165077
64220	0.196830

2013072623140000006	0.582567
2013072623140000006	201307262314	http://www.examiner.com/article/mephistopheles-ufo-aliens-and-yoda	Mephistopheles UFO aliens and Yoda - National Worldview and Science | Examiner.com
602028	0.945433
28113	0.569019
224196	0.326243
130854	0.181229
372487	0.516914
260273	0.320810
260342	0.188339
333947	0.282373
144751	0.163670
14467	0.397416
44514	0.284226
29100	0.251247
185004	0.372972
1443	0.162677
45336	0.228188
46240	0.382192
273682	0.434895
348416	0.494676
93578	0.353485
160106	0.443340
133695	0.230087
239153	0.337752
310849	0.994371
399072	0.239383
621683	0.881473
120655	0.255760
31896	0.217473
50293	0.352364
17684	0.284060
643490	0.728893
4281	0.208839
626417	0.964907
18197	0.180073
400178	0.205554
376108	0.525867
69216	0.374839
108692	0.300676
188728	0.726020
252450	0.556455
325099	0.499883
122488	0.390835
149424	0.334804
377099	0.293370
338559	0.153519
218169	0.188924
278036	0.538516
204630	0.186023
190563	0.355387
253940	1.196597
254079	0.302553
327336	1.031139
366791	0.382369
7742	0.558205
85571	0.590744
99125	0.390723
99126	0.757024
152149	0.318881
354281	0.326946
152299	0.221276
303150	0.281917
125584	0.370025
192490	0.363181
231760	0.228804
58674	0.216676
303759	0.987465
405588	0.331943
220487	0.691849
59826	0.582567
329824	0.323681
342770	0.337779
61023	0.164969
24355	0.143913
256732	0.803078
61154	0.547296
233261	0.584405
180530	0.263842
406897	0.297101
127756	0.552459
194929	0.691161
39997	0.498066
141557	0.286289
11270	0.265296
40392	0.183821
25783	0.509731
370378	0.167798
102485	0.214321
141889	0.934930
11823	0.698996
26235	0.231073
331675	0.413539
41158	0.301801
680423	1.096778
196242	0.178229
282795	0.179111
196877	0.210251
734888	0.880417
76843	0.890609
157377	0.244117
90927	0.248251
64220	0.228979

2013072423510000004	0.573664
2013072423510000004	201307242351	http://www.examiner.com/article/erich-von-daniken-half-truth-about-the-cave-he-never-explored	Erich Von Daniken : `` half truth '' about the cave he ( never ) explored - National Worldview and Science | Examiner.com
157707	0.652079
346240	0.263029
117367	0.376991
545	0.743358
144302	0.384967
296626	0.408213
260273	0.598810
320561	0.383049
333947	0.346751
44514	0.425835
439902	1.662264
65944	0.180467
29580	0.609233
545235	1.041214
118855	0.239191
273661	0.718250
297660	0.243349
250331	0.314218
106478	0.198798
298213	0.456716
226237	0.494785
172486	0.181492
106847	0.271596
200996	0.600626
133695	0.252299
412354	0.543344
239153	0.404916
412507	0.273896
120655	0.207351
251521	0.332736
147794	0.474308
227485	0.408964
239987	0.534649
174170	0.331808
121519	0.417054
312066	0.278908
108697	0.274121
109172	0.488855
96564	1.062788
33771	0.320501
83372	0.406658
241838	1.707092
326455	0.349884
313645	0.153151
229574	0.668583
278036	0.540106
339624	0.860767
627383	1.095057
390046	0.226455
403498	0.313852
218932	0.294202
151461	0.258471
56668	0.406832
404008	0.329881
21736	0.283503
164703	0.425361
254818	0.514931
177926	0.611642
36073	0.229323
152149	0.339534
8334	0.301021
36409	0.510961
125584	0.440038
303485	0.282845
379743	0.466639
73020	0.519528
139299	0.268116
178983	0.316218
207151	0.186487
59030	0.909400
291775	0.460347
59826	0.573664
126802	0.263582
60466	0.259329
24048	0.354035
154177	0.141975
166863	0.480320
342943	0.501831
233145	0.638607
406897	0.308552
194293	0.204986
233540	0.483615
140936	0.274066
114535	0.498015
62066	0.190761
195451	0.123193
41158	0.358995
75825	0.194950
195894	0.422004
222813	0.184479
420625	0.344329
282795	0.211530
182805	0.213606
358325	0.336893
282907	0.211311
196874	0.266591
76661	0.262646
409149	0.289461
197279	0.501271
130040	0.354581

2013072715150000002	0.552111
2013072715150000002	201307271515	http://www.huffingtonpost.com/2013/07/27/bob-hope-ufo-house_n_3662244.html?utm_hp_ref=celebrity&ir=Celebrity	Remembering Bob Hope And His Awesome UFO House ( PHOTOS )
346240	0.232283
333678	0.190212
117728	0.229575
272556	0.192405
347093	0.498930
117863	0.334043
372762	0.219396
360132	0.216005
144751	0.119639
29025	0.221678
272968	0.105606
44929	0.124711
396679	0.404951
360626	0.126097
65788	0.225218
118569	0.248851
385369	0.210724
186042	0.157348
66985	0.293447
106400	0.193906
106443	0.278952
106491	0.195693
48684	0.185470
48746	0.505176
362486	0.245479
3407	0.145694
49305	0.197412
80523	0.148662
107639	0.140242
227028	0.349077
349571	0.222048
17419	0.134729
363221	0.295497
323759	0.391629
120809	0.205764
227631	0.373788
287536	0.379704
400178	0.135471
18447	0.222718
216488	0.114871
174778	0.404539
148612	0.176338
82452	0.204553
5486	0.418166
175288	0.339712
33713	0.252928
149794	0.287509
163082	0.346973
351999	0.204810
217740	0.134092
54649	0.359932
415024	0.195618
313645	0.110294
402625	0.264341
190723	0.215012
84737	0.275683
56306	0.501838
416258	0.378350
85538	0.248216
22025	0.418012
206081	0.348079
315315	0.473705
404633	0.197753
303233	0.398394
112121	0.274719
192292	0.202972
125602	0.400917
733550	1.022345
139263	0.273145
23001	0.116508
303963	0.128908
112976	0.248203
9384	0.113928
59826	0.552111
280514	0.268895
342390	0.241135
87607	0.272939
316603	0.214604
60603	0.196370
24355	0.097244
356726	0.217308
245875	0.189516
39161	0.464031
61838	0.523494
40115	0.117341
40392	0.184362
128605	0.350281
196136	0.474531
210578	0.124980
196363	0.457634
282789	0.328587
358325	0.274713
76431	0.212992
358575	0.106501
247779	0.134895
409149	0.187592
409205	0.149011
63999	0.163012
130112	0.272765
346023	0.438324

2013072222540000008	0.542573
2013072222540000008	201307222254	http://www.huffingtonpost.com/damona-hoffman/what-does-halle-berrys-we_b_3636125.html?utm_hp_ref=celebrity&ir=Celebrity	What Does Halle Berry 's Wedding Ring Mean ? | Damona Hoffman
13486	0.314736
43194	0.286371
364	0.486431
43550	0.226373
333526	0.208258
130854	0.213156
130869	0.334283
43838	0.442659
212526	0.535656
91917	0.640044
105068	0.216569
29100	0.333345
131772	0.271314
14833	0.288580
29408	0.437985
45486	0.217386
185262	0.566886
118448	0.374032
347748	0.248125
92694	0.199927
92827	0.438716
397701	0.284168
106443	0.185110
47936	0.280903
186669	0.384727
16498	0.460941
349060	0.437717
107236	0.379635
80551	0.215596
187249	0.300540
17419	0.196080
147472	0.452588
50387	0.165945
239791	0.488201
299360	0.232722
363497	0.371769
17934	0.245164
215979	0.158243
400262	0.381741
108692	0.373366
148612	0.232350
175415	0.268580
53578	0.174083
175476	0.388016
401559	0.298684
338581	0.301421
388943	0.324124
351949	0.244138
175966	0.651498
55164	0.271733
20354	0.290679
6741	0.399802
176539	0.251529
137140	0.299833
190684	0.247552
353057	0.632570
289943	0.269491
137748	0.484189
151461	0.217097
205568	0.192970
85585	0.750676
327980	0.219817
191765	0.196708
404279	0.389198
341088	0.454610
303150	0.246104
125416	0.105308
58461	0.285141
219963	0.667382
178744	0.545307
37193	0.575823
268261	0.502786
59434	0.565785
153708	0.380619
59826	0.542573
153814	0.309331
329780	0.239550
60487	0.246281
24048	0.367186
154231	0.516037
101135	0.517648
317092	0.302294
140822	0.640655
269664	0.183219
128020	0.656529
39715	0.196486
39835	0.406683
40283	0.219806
195582	0.479244
89583	0.397642
684531	0.746873
222813	0.178820
210578	0.208583
90467	0.326527
247779	0.217869
421387	0.242958
197429	0.247979
395280	0.214544
104205	0.418553
13378	0.427473

2013072600350000005	0.542265
2013072600350000005	201307260035	http://triblive.com/news/fayette/4408969-74/held-aug-call	Kecksburg Volunteer Fire Department to hold UFO Festival | TribLIVE
183993	0.347967
359514	0.259267
333892	0.162919
170731	0.318971
44514	0.345453
184840	0.170260
45022	0.961099
45056	0.298055
65706	0.313754
92487	0.241698
118423	0.560468
79054	0.266120
145822	0.345192
185739	0.303255
185824	0.697821
710441	0.972181
106478	0.256604
106491	0.161898
298316	0.192917
262521	0.588004
48574	0.353765
335867	0.770808
107082	0.235194
3407	0.187146
107391	0.371774
362853	0.479763
49825	0.159793
50387	0.146511
263361	0.435698
363287	0.274391
239816	0.313970
51298	0.494525
95803	0.133997
324587	0.468714
312073	0.192248
108692	0.357331
300057	0.666907
376418	0.811573
288059	0.832141
325148	0.269843
351347	0.395802
96779	0.433102
53578	0.162556
162688	0.227154
175558	0.294105
149462	0.990442
162851	0.220806
338581	0.280222
203561	0.501404
19654	0.192336
338917	0.441677
241947	0.565031
97504	0.362657
415024	0.252359
313645	0.147016
150422	0.342910
6596	0.183756
176553	0.319723
55982	0.331296
7449	0.410851
219142	0.563570
206019	0.246613
22122	0.160317
8459	0.684814
417239	0.496763
291300	0.362637
86594	0.225002
354921	0.222803
86700	0.199203
367978	0.266407
329005	0.409491
207151	0.212383
166331	0.166841
23567	0.752413
59746	0.401863
59826	0.542265
380584	0.498151
392252	0.240747
87798	0.233712
232974	0.315090
392456	0.465344
114038	0.478573
194313	0.220759
343744	0.159888
209372	0.252727
195104	0.334791
40003	0.287213
11140	0.655898
89222	0.621307
102532	0.286475
40918	0.359534
89730	0.316207
331855	0.502813
102992	0.183381
196130	0.241587
408630	0.339714
271197	0.359608
271217	0.355510
358575	0.242374
183298	0.457997

2013072620240000003	0.532667
2013072620240000003	201307262024	http://www.sfgate.com/tv/article/HBO-uses-star-power-to-light-up-press-tour-4689322.php	HBO uses star power to light up press tour - SFGate
346240	0.252871
248567	0.508429
283928	0.252994
77578	0.322090
77667	0.378299
117511	0.256267
260155	0.205120
198314	0.707429
410232	0.599645
104926	0.652154
410285	0.457243
44192	0.478728
131435	0.334120
212582	0.551074
29100	0.232129
44746	0.250091
78406	0.218367
272901	0.400603
410571	0.591703
185294	0.597029
347748	0.232394
385369	0.235052
297842	0.367678
397731	0.239643
66911	0.254511
15996	0.487361
160066	0.360439
160163	0.437310
30899	0.515332
238913	0.312155
238951	0.301038
386441	0.254062
187026	0.212408
80626	0.270588
31615	0.708706
187481	0.282128
17661	0.344283
299360	0.280332
147741	0.451637
17934	0.293139
51272	0.190410
147987	0.276063
215972	0.124835
18197	0.182040
82182	0.341693
108697	0.219058
108750	0.178793
388019	0.501764
148612	0.214324
388135	0.256353
109091	0.320549
69793	0.169263
6457	0.298218
339445	0.405916
229713	0.329839
204784	0.341204
98566	0.574028
218932	0.231638
151461	0.206795
35501	0.504816
151727	0.311608
111577	0.240277
178108	0.373535
8499	0.289293
36650	0.358647
220190	0.315818
355346	0.305756
37348	0.344612
59826	0.532667
406216	0.450779
87673	0.336125
113580	0.312448
369047	0.299441
154641	0.272805
10268	0.536318
38841	0.250582
39306	0.326544
39330	0.361911
357050	0.254603
233829	0.480891
194923	0.213127
330987	0.552141
269927	0.320265
40230	0.422523
141615	0.206112
209646	0.658378
155834	0.539415
41221	0.626007
75825	0.215744
331996	0.436323
294754	0.335319
258755	0.512688
345421	0.268543
90575	0.486128
345590	0.217910
358847	0.331547
345769	0.447895
395280	0.236898
130219	0.231938
223744	0.451241

2013072303120000006	0.520344
2013072303120000006	201307230312	http://www.huffingtonpost.com/kortney-ryan-ziegler-phd/orange-is-the-new-black-trans-women_b_3636402.html?utm_hp_ref=celebrity&ir=Celebrity	Orange Is The New Black and Its New Black Trans Narrative | Kortney Ryan Ziegler , Ph.D.
346240	0.249733
364	0.466379
158022	0.268371
43550	0.219844
333526	0.222106
13917	0.267070
43838	0.377946
14141	0.211711
91917	0.617332
105068	0.207600
131612	0.107594
334254	0.444398
45415	0.318731
647110	0.910087
347748	0.219727
92694	0.191690
261349	0.404916
397701	0.272477
159816	0.249480
16498	0.444718
119994	0.260078
80551	0.207954
49439	0.202757
187088	0.254561
120419	0.180853
215183	0.264602
187249	0.288210
50126	0.230003
299360	0.224493
363497	0.356506
215979	0.152694
161597	0.403507
121417	0.273061
33157	0.298352
148612	0.224191
413870	0.514390
364511	0.394349
325148	0.196828
162346	0.353066
203213	0.282242
175476	0.376752
338559	0.198289
351949	0.235455
175966	0.628514
19956	0.362690
204032	0.302016
229507	0.350040
218169	0.226367
20354	0.278736
6741	0.383343
176539	0.242686
137140	0.287392
71386	0.433630
7528	0.502719
151748	0.303013
327980	0.213422
177792	0.348491
328200	0.727845
125416	0.102264
379544	0.471626
379560	0.315061
404893	0.353508
86594	0.224338
58561	0.147240
391573	0.549650
139458	0.688093
355346	0.187712
268261	0.481911
59826	0.520344
316448	0.366257
368608	0.225759
100709	0.283443
342485	0.423293
392217	0.376270
24048	0.351960
392496	0.265146
101135	0.499321
317092	0.340425
127505	0.199786
194293	0.211848
24761	0.280205
369789	0.442719
221775	0.425182
128020	0.633395
39715	0.190794
39835	0.392319
40252	0.335111
270454	0.217587
210578	0.201180
408827	0.457053
196739	0.453465
235630	0.281946
157175	0.764248
63999	0.144133
421387	0.232890
319607	0.445296
248184	0.320375
395280	0.206922
27857	0.241673
27893	0.315328

2013072200070000003	0.515764
2013072200070000003	201307220007	http://www.theage.com.au/lifestyle/homestyle/midcentury-modern-master-20130719-2q8id.html	George Nelson | Powerhouse Museum Exhibition | Ball Clock Designer
43428	0.426453
272342	0.309970
14141	0.223016
260318	0.209381
260342	0.208045
44929	0.114838
360626	0.151496
45240	0.169130
45486	0.206578
159271	0.264035
132722	0.390838
132778	0.593333
385771	0.393246
106491	0.167837
146438	0.241772
47973	0.410745
386041	0.392999
93807	0.265002
106732	0.362802
262628	0.578733
119994	0.251196
107007	0.660956
310635	0.261314
386598	0.397522
362774	0.359190
336285	0.625416
349628	0.233260
50387	0.133463
120809	0.478089
227354	0.595605
399688	0.564277
4281	0.192008
121519	0.445628
4830	0.229604
174571	0.264428
18577	0.212524
108692	0.256854
108697	0.194063
148773	0.489490
188897	0.216127
96436	0.509922
388672	0.263715
414527	0.172539
253233	0.457366
338932	0.246516
265453	0.264969
326259	0.256888
402440	0.428098
55484	0.410176
366179	0.281011
150858	0.265710
190837	0.619423
7251	0.360817
302698	0.198283
151748	0.494622
57162	0.286491
85729	0.431951
328247	0.266058
72453	0.325673
192292	0.269376
86413	0.226805
354730	0.375807
391218	0.224090
291510	0.626716
23001	0.132449
280153	0.302682
280252	0.338271
166331	0.173770
59826	0.515764
207739	0.514409
268707	0.441958
60468	0.603628
418500	0.462106
113528	0.293770
208371	0.418968
392496	0.296986
330227	0.265813
154674	0.222552
221343	0.341780
180751	0.194915
180760	0.181815
245875	0.256847
257306	0.380028
101880	0.390919
114454	0.365850
102455	0.206392
382459	0.614931
89730	0.382274
420403	0.464511
196242	0.201592
271191	0.205790
183088	0.576018
345421	0.347291
211117	0.474470
259192	0.462945
116411	0.720848
409205	0.207565
63999	0.155336
248093	0.251986
13378	0.373872

2013072321180000009	0.515172
2013072321180000009	201307232118	http://www.denverpost.com/technology/ci_23560281/game-review-game-amp-wario-mini-games-are?source=rss	Game review : ` Game & Wario ' mini-games are hit and miss - The Denver Post
359514	0.322470
372209	0.509604
260155	0.207598
260306	0.338720
396137	0.369532
360026	0.351669
260457	0.232776
198663	0.309794
308780	0.291283
334345	0.245522
360626	0.153287
321136	0.881306
45349	0.227890
118395	0.795027
213121	0.252326
213362	0.341442
237947	0.229716
132640	0.160201
46862	0.420352
119076	0.314761
385654	0.336778
186042	0.251985
47269	0.382742
309950	0.281938
47585	0.277057
16574	0.240971
348914	0.464887
310480	0.424373
274971	0.330307
215211	0.210809
399072	0.233106
120809	0.269868
412830	0.194095
50601	0.399254
287070	0.281670
120949	0.478662
50949	0.357054
51001	0.386208
215972	0.217279
51541	0.308561
324381	0.616114
161666	0.527057
337409	0.247660
95803	0.297240
108673	0.244506
414187	0.311497
175415	0.219605
19632	0.212855
54390	0.188399
149836	0.401599
204032	0.322172
289126	0.409126
55176	0.623245
84469	0.378025
190713	0.206779
7251	0.312252
191264	0.712430
21354	0.227094
390486	0.285471
124785	0.602779
290501	0.358240
403954	0.497764
230882	0.531800
354281	0.365486
57837	0.190219
354540	0.433118
22767	0.183562
37311	0.478593
59826	0.515172
316603	0.221482
60210	0.191350
60400	0.236271
180006	0.412192
369201	0.559490
392602	0.234371
61143	0.174792
180655	0.195815
24675	0.267043
180751	0.195293
317426	0.454853
155350	0.267221
114535	0.261440
270131	0.339997
168318	1.098709
40942	0.883189
182124	0.256524
89583	0.383103
89675	0.151231
357905	0.172329
12068	0.487155
234888	0.393286
420425	0.443824
222684	0.437139
420640	0.622295
116023	0.408831
271191	0.229002
41984	0.464809
332549	0.326691
235644	0.332459
13378	0.295031

2013072303590000011	0.465048
2013072303590000011	201307230359	http://www.huffingtonpost.com/adam-hanft/beyonce-jay-z-endorsements_b_3636656.html?utm_hp_ref=celebrity&ir=Celebrity	Protest Theatrics : Imagine If Jay Z and Beyonce Used Their Economic Power to Fight for Justice , Not Just Tweet About It | Adam Hanft
42809	0.399970
364	0.415870
43550	0.195335
333526	0.177430
43838	0.337695
236797	0.281673
91917	0.545541
360132	0.232886
105068	0.184802
131612	0.095427
78375	0.299981
44755	0.259341
334254	0.395786
45415	0.232538
347748	0.196126
92694	0.170972
261349	0.358732
397340	0.147349
397609	0.253754
397701	0.243149
159816	0.203653
238746	0.256678
16498	0.393573
286276	0.412700
119994	0.230769
187018	0.505401
80551	0.183808
49439	0.179709
187088	0.226880
215183	0.287630
187249	0.257449
50126	0.191892
299360	0.256115
363497	0.318375
227423	0.329391
399890	0.262974
215979	0.135220
18170	0.652194
51710	0.279292
18226	0.313800
81804	0.561598
202577	0.503041
188546	0.329265
324773	0.145701
148612	0.216523
364511	0.351554
53515	0.346901
175476	0.334520
265051	0.282064
54109	0.186665
253131	0.284033
351949	0.207989
175966	0.555997
136610	0.349500
218169	0.219564
20354	0.248860
6741	0.341997
176539	0.214822
137140	0.255649
190655	0.263486
98294	0.221568
390250	0.516395
7528	0.445769
151727	0.188897
327980	0.189456
303040	0.238472
206194	0.271831
125416	0.090842
379544	0.417923
112198	0.173702
404918	0.215925
391573	0.491494
268261	0.428583
9384	0.152422
59826	0.465048
24048	0.313160
101135	0.441435
24355	0.128200
317092	0.257480
24761	0.248572
221775	0.378580
128020	0.560432
39715	0.169446
39835	0.346981
40003	0.298560
270454	0.248973
89675	0.150793
102992	0.175134
382755	0.524423
210578	0.178682
408827	0.404834
420889	0.289215
196739	0.403958
247779	0.174491
196994	0.207558
421387	0.207265
64164	0.305695
395280	0.182821
27857	0.173049
346075	0.316351

2013072222120000006	0.461938
2013072222120000006	201307222212	http://www.huffingtonpost.com/gabrielle-posard-/star-wars-quotes_b_3625405.html?utm_source=http://starwars.com/data/headlines.xml&utm_medium=RSS&utm_campaign=starwars-site_rss	The Life Wisdom of Star Wars in 20 Quotes | Gabrielle Posard
364	0.412820
422	0.387493
43838	0.335412
44152	0.407239
91917	0.530917
144751	0.185156
28955	0.553504
44929	0.139566
360626	0.243776
273106	0.336348
105472	0.248598
65788	0.248319
199245	0.175950
347748	0.194744
92694	0.200696
397609	0.216277
397701	0.241418
186042	0.186059
262027	0.302488
47576	0.397629
106401	0.188215
106642	0.277805
16498	0.383104
335800	0.333054
187018	0.435714
80523	0.209363
80551	0.178886
374905	0.156044
187249	0.255690
50045	0.178759
299360	0.232685
363497	0.316177
51272	0.184544
215979	0.131635
18197	0.192017
32727	0.389581
108292	0.400595
108854	0.330060
148612	0.193224
388314	0.334103
53361	0.372940
53473	0.706496
53578	0.176677
264998	0.484244
265051	0.207919
19444	0.253762
54109	0.160887
189616	0.267574
351949	0.229706
175966	0.541175
289016	0.213095
70669	0.166688
402487	0.880430
313645	0.155916
20354	0.247124
6741	0.339537
176539	0.209114
204666	0.176650
190710	0.347196
191017	0.323356
98445	0.281889
416356	0.354320
85571	0.597217
354066	0.117893
22122	0.165469
243722	0.367318
57800	0.179018
58660	0.642209
58674	0.243522
303759	0.993404
139299	0.217096
368273	0.158354
59592	0.801505
193336	0.185913
59826	0.461938
60210	0.168255
329824	0.270451
101135	0.429628
61023	0.178292
342943	0.326548
180751	0.179618
245924	0.255295
141097	0.238774
194901	0.584362
128020	0.545508
39835	0.337721
40115	0.171614
75203	0.261358
102485	0.149843
102509	0.409808
40863	0.436395
408167	0.379206
12066	0.282999
183188	0.581971
63522	0.189230
196874	0.184161
90467	0.231263
157377	0.285110
197429	0.246134
395280	0.177915

2013072117060000001	0.457685
2013072117060000001	201307211706	http://www.telegraph.co.uk/news/worldnews/northamerica/usa/9889689/Mickey-Munday-Tales-from-the-last-Cocaine-Cowboy-standing.html	Mickey Munday : Tales from the last ` Cocaine Cowboy ' standing - Telegraph
359263	0.192420
359297	0.450772
359399	0.365199
395726	0.462638
333486	0.318422
296516	0.508140
296589	0.156727
284349	0.224195
14444	0.176538
14600	0.236663
284732	0.175689
284932	0.470813
118399	0.190410
199245	0.216530
45955	0.305892
285241	0.465708
132392	0.415111
46424	0.291375
397326	0.424546
47516	0.289901
106400	0.132490
48437	0.318302
160439	0.715905
214973	0.268121
375008	0.385379
49825	0.136718
215211	0.219350
3639	0.404759
239473	0.267267
81091	0.388723
120726	0.247838
299360	0.196449
363740	0.412473
121417	0.250771
400178	0.229293
108800	1.263763
324773	0.139639
240730	0.246074
388135	0.250654
338005	0.338101
53578	0.142685
377090	0.235117
149635	0.381408
54109	0.188418
19654	0.177199
217723	0.275647
229516	0.534332
123589	0.320209
136973	0.200463
313903	0.358985
163716	0.317608
339726	0.239055
339826	0.196150
353274	0.422312
191333	0.372664
151461	0.189611
85179	0.338557
85306	0.219734
7830	0.341122
279040	0.273971
111861	0.200550
303150	0.289969
112112	0.530530
354651	0.534248
315656	0.433578
178744	0.263249
58674	0.255516
37496	0.326502
9384	0.129912
418116	0.377734
193326	0.239753
59826	0.457685
245087	0.606047
60425	0.385841
392260	0.182143
154177	0.144099
369009	0.584869
208517	0.275438
154641	0.204761
88168	0.396258
74337	0.421141
24675	0.323591
127505	0.185377
330490	0.224988
181086	0.319827
221824	0.282605
381944	0.403688
257767	0.642917
75825	0.162270
234888	0.335593
196221	0.227728
408625	0.293231
394454	0.205505
103332	0.349785
307000	0.431489
383196	0.277311
283157	0.210598
90662	0.347582
64037	0.180557
13392	0.159609

2013072303040000003	0.455720
2013072303040000003	201307230304	http://www.huffingtonpost.com/dusty-wright/worthwhile-summer-films_b_3637092.html?utm_hp_ref=celebrity&ir=Celebrity	A Trio of Worthwhile Summer Films | Dusty Wright
346240	0.219080
364	0.407622
283928	0.233635
43550	0.191530
333526	0.173967
43838	0.330930
91917	0.535214
105068	0.181168
131612	0.114001
334254	0.387984
360626	0.139709
45240	0.156706
334467	0.207453
45415	0.228062
347748	0.233922
92694	0.167578
261349	0.351850
118855	0.160576
119076	0.248825
397701	0.238309
159816	0.199629
16498	0.386064
119994	0.226306
187026	0.183803
80551	0.180325
49439	0.176253
187088	0.222392
49754	0.360999
215183	0.232013
187249	0.257691
187481	0.291800
299360	0.222070
363497	0.312014
215972	0.136472
215979	0.132631
252157	0.207969
108673	0.188259
148612	0.194697
188648	0.231312
364511	0.344591
216910	0.539900
175476	0.328028
149315	0.454978
96946	0.202129
351949	0.204060
175966	0.545414
19956	0.318096
190112	0.451334
20354	0.243894
6741	0.335197
176539	0.210719
137140	0.250641
339720	0.243578
190657	0.333948
7444	0.191692
7528	0.437177
327980	0.185783
22355	0.435925
125416	0.089075
86195	0.238052
192292	0.292874
379544	0.409896
379697	0.279736
86594	0.226213
86700	0.174770
58561	0.134503
391573	0.481611
139458	0.603203
303963	0.175411
355346	0.215970
368267	0.492815
268261	0.420196
73516	0.455408
59826	0.455720
245147	0.241462
24048	0.307017
101135	0.433060
317092	0.252459
317369	0.168996
24761	0.243770
369484	0.442031
221775	0.371127
128020	0.549753
39715	0.166153
39835	0.340384
11270	0.263361
102485	0.178036
331534	0.175620
270439	0.256239
294754	0.285609
210578	0.175209
282791	0.283257
27007	0.476456
116023	0.259470
408827	0.397076
156884	0.333144
196739	0.395986
421387	0.203195
395280	0.179364
27857	0.229672

