20130501
25
20130510 20130518

2013051516160000004	1.388246
2013051516160000004	201305151616	http://ca.news.yahoo.com/blogs/daily-buzz/aliens-getting-braver-ufo-sightings-canada-doubled-last-154343573.html	The aliens are getting braver : UFO sightings in Canada doubled last year | Daily Buzz - Yahoo ! News Canada
346240	0.416758
91440	0.546135
144232	0.394981
320668	0.379991
14444	0.324046
131612	0.175554
78455	0.737417
44929	0.205336
249500	1.421182
199655	0.547495
261931	0.701176
348403	0.382287
214072	0.793457
349133	0.572057
251078	0.408264
323601	0.886258
17389	0.618569
50587	0.769790
299304	0.395687
413670	0.605486
69793	0.286065
377053	0.875785
6099	0.438305
326534	0.377096
278036	0.687192
57162	0.470336
354284	0.284149
279296	0.524697
125416	0.289070
379743	0.591075
391363	0.634270
59826	1.388246
329776	0.396068
166863	0.497146
24272	0.839856
154641	0.406594
305191	0.978601
257300	0.954579
39060	0.384700
293409	1.017444
370204	0.522144
195451	0.182496
270234	0.296913
258015	0.516471
408171	0.640057
420170	0.370930
394030	0.356692
357905	0.278808
346013	0.429295
13416	0.584568

2013051000300000005	1.118139
2013051000300000005	201305100030	http://triblive.com/neighborhoods/yourhempfield/yourhempfieldmore/3931103-74/greensburg-faylor-ufo	Greensburg 's UFO is steeped in one-of-a-kind nostalgia | TribLIVE
346240	0.294191
42991	0.756878
259744	0.785288
333403	0.644742
130752	0.250593
14049	0.987004
284349	0.259079
272556	0.246215
308492	0.552367
272742	0.313004
44464	0.496331
44755	0.242592
44929	0.143212
334345	0.362041
65706	0.367399
249787	0.220877
334891	1.151327
79185	0.759979
46915	0.676339
66911	0.377277
47883	0.759850
298316	0.182169
226383	0.758772
80352	0.753079
363221	0.375275
50387	0.132099
50539	0.594359
239750	0.579179
50880	0.339839
173741	0.756303
240173	1.271931
134849	0.506235
81920	0.718013
400181	0.382688
121519	0.574756
4822	0.860800
312066	0.387155
108650	0.759417
18577	0.236045
252299	0.246166
400827	1.121184
122342	0.548667
312663	0.786151
364796	0.576549
53578	0.160183
135904	0.420759
96856	0.433752
136085	0.230505
351747	0.971351
136246	0.274979
351970	0.358164
326040	0.647764
229710	0.555578
389667	0.754459
390018	0.375924
218786	0.224797
7439	0.659175
21492	0.294225
164521	0.518857
404135	0.415877
8334	0.236810
279635	0.438799
86700	0.243964
152852	0.755806
179143	0.365604
355551	0.609545
37461	0.633575
87290	0.753288
87340	1.148386
59826	1.118139
59929	0.197274
207836	0.644947
193558	0.298558
381087	0.817414
61137	0.523093
140988	0.434716
330810	0.703573
39427	0.299827
269781	0.547009
194923	0.411306
343744	0.196037
195451	0.173204
209858	0.757529
40826	0.351243
128920	0.906497
12065	0.293112
282527	0.228273
196130	0.243087
235377	0.194260
169227	0.494745
196994	0.259078
13066	1.020615

2013051520040000006	1.081095
2013051520040000006	201305152004	http://www.cbc.ca/news/canada/prince-edward-island/story/2013/05/15/ns-ufo-sightings-double.html?cmp=rss	UFO sightings in Canada in 2012 doubled previous record - Prince Edward Island - CBC News
130371	0.394569
117263	0.201012
359514	0.245789
144232	0.355232
333892	0.155465
333950	0.314583
236844	0.303843
78235	0.584815
170731	0.223319
14444	0.137893
29100	0.230731
131772	0.253998
44929	0.192445
273058	0.208610
118399	0.196447
45486	0.257330
29858	0.288778
199556	0.215834
397609	0.195111
238186	0.460695
47516	0.377839
106400	0.176978
348556	0.233075
398375	0.441254
262628	0.565728
238951	0.251747
349133	0.435959
262945	0.290923
386675	0.603353
349628	0.326264
50587	0.464627
4011	0.312113
299304	0.339757
134495	0.436091
337296	0.758708
121465	0.362771
375965	0.264571
364357	0.321541
188712	0.368096
324929	0.361811
376427	0.781057
109091	0.230646
5221	0.252709
337880	0.600116
401367	0.365804
162688	0.242227
312949	0.456579
53849	0.446868
19758	0.447907
338932	0.254502
54641	0.237585
326534	0.266941
150581	0.298827
266136	0.229261
190713	0.240464
124135	0.226071
314376	0.169689
21125	0.452352
205569	0.207674
230805	0.269243
36073	0.328373
279296	0.459590
125416	0.191298
58138	0.314167
8558	0.319469
354921	0.183740
22767	0.226171
58537	0.380043
59266	0.289489
139694	0.230462
59826	1.081095
355984	0.363118
153938	0.444156
60361	0.240748
392260	0.297891
392496	0.262282
24272	0.579556
256695	0.382171
24587	0.271636
155253	0.478220
25230	0.323152
419522	0.218135
381885	0.418872
11271	0.137423
294049	0.218414
40695	0.430644
102455	0.193928
25952	0.401652
344305	0.290354
357905	0.220072
76034	1.169372
371015	0.239432
371070	0.531889
332170	0.218709
358483	0.248847
383186	0.213888
247687	0.374089
345851	0.402533
283544	0.748594
13378	0.348698

2013051521040000015	0.954180
2013051521040000015	201305152104	http://www.cbc.ca/news/canada/nova-scotia/story/2013/05/15/ns-ufo-sightings-double.html?cmp=rss	UFO sightings in Canada in 2012 doubled previous record - Nova Scotia - CBC News
130371	0.351955
117263	0.178791
144232	0.307522
333892	0.137602
333950	0.278797
236844	0.292882
78235	0.522720
170731	0.195647
14444	0.127111
29100	0.203043
44755	0.212207
131772	0.223990
44929	0.171299
273058	0.183474
45486	0.233988
29858	0.279623
199556	0.189585
397609	0.173029
238186	0.419697
47516	0.331258
106400	0.157331
348556	0.213289
398375	0.395467
262628	0.499286
250956	0.265324
349133	0.372735
262945	0.255181
386675	0.536056
349628	0.300020
50587	0.418166
4011	0.274972
299304	0.309364
134495	0.388218
337296	0.673306
121465	0.322232
364357	0.284840
188712	0.329189
324929	0.319771
376427	0.699893
109091	0.204587
5221	0.221896
337880	0.529742
401367	0.327407
162688	0.217162
312949	0.400624
53849	0.395777
19758	0.448797
338932	0.230024
326534	0.244937
150581	0.260809
204630	0.145391
266136	0.212370
6898	0.313003
190713	0.229181
124135	0.201933
266456	0.355316
314376	0.158538
21125	0.398677
366907	0.184660
205569	0.190881
230805	0.242988
36073	0.283567
279296	0.416148
125416	0.169947
99650	0.152125
8558	0.285472
354921	0.163094
22767	0.196915
58537	0.349342
139694	0.203726
59826	0.954180
355984	0.344763
153938	0.445690
60361	0.212731
392260	0.256201
392496	0.230342
24272	0.515511
24587	0.249298
88226	0.262499
317369	0.174625
155253	0.453367
25230	0.288163
419522	0.201965
381885	0.345325
11271	0.132996
294049	0.191990
40695	0.413675
102455	0.170883
25952	0.403624
344305	0.254726
357905	0.196837
76034	1.039190
371015	0.212570
371070	0.478712
358483	0.220586
383186	0.197963
247687	0.328893
345851	0.388609
283544	0.660283
13378	0.323604

2013051317210000005	0.915798
2013051317210000005	201305131721	http://www.huffingtonpost.com/2013/05/13/alien-beings-repaired-und_n_3240437.html	Richard French , Ex-Air Force Lt. Colonel , ` It Was A UFO And ... There Were Aliens Aboard It '
42920	0.190588
383986	0.361706
117263	0.179054
333947	0.231798
260493	0.264942
158581	0.212692
131612	0.083784
44929	0.124962
334467	0.254438
297538	0.465163
118855	0.143210
47516	0.226820
66911	0.249386
172094	0.150947
106401	0.167806
48157	0.396265
107082	0.192123
120176	0.319027
215292	0.265276
107632	0.218454
349628	0.247923
50423	0.237171
50587	0.304995
18197	0.141807
400178	0.136380
108697	0.153470
202554	0.376838
122188	0.293132
276690	0.277272
96436	0.456332
33578	0.259937
241645	0.263699
217740	0.152626
54633	0.491166
54799	0.288667
326259	0.197784
289126	0.400205
313645	0.115962
402625	0.258496
278036	0.463767
204630	0.163534
55883	0.203333
339885	0.559726
353329	0.311947
327491	0.209624
366768	0.216749
85147	0.310666
177792	0.233548
231030	0.294274
279296	0.354051
125416	0.115882
112121	0.348974
192292	0.235067
112198	0.146960
86695	0.396792
86700	0.168327
22767	0.144081
255460	0.130093
405263	0.335175
178854	0.178017
139263	0.347187
23001	0.150689
178998	0.303559
244484	0.487696
139476	0.189812
192926	0.291784
193326	0.217775
59826	0.915798
60442	0.131593
154177	0.139815
221522	0.223852
141258	0.202554
269873	0.342003
141436	0.270094
381885	0.376655
40049	0.269021
40115	0.155349
370204	0.255492
270253	0.487130
195488	0.314367
102485	0.215259
331534	0.202128
234624	0.220930
331600	0.290010
246925	0.320878
75825	0.151642
12022	0.212838
12233	0.334349
394292	0.388218
332170	0.185728
282795	0.177763
90199	0.361707
271191	0.185838
408944	0.604779
383186	0.153981
196874	0.168911
247772	0.286889
235847	0.457743
13378	0.250133
236046	0.454104

2013051700160000007	0.822808
2013051700160000007	201305170016	http://feeds.nbcnews.com/c/35002/f/653377/s/2c0750b0/l/0Lscience0Bnbcnews0N0C0Inews0C20A130C0A50C160C1830A29560Ehow0Eorbitals0Efalling0Esatellite0Esparked0Ea0Eufo0Emystery0Ein0Esouth0Eamerica0Dlite/story01.htm	How Orbital 's falling satellite sparked a UFO mystery in South America - Science
346240	0.332183
223912	0.237964
346440	0.367829
236844	0.330406
396312	0.959477
360132	0.187280
284605	0.279653
131612	0.103113
44683	0.438716
396703	0.411953
65681	0.305125
261135	0.444415
65944	0.177341
66500	0.718650
2282	0.795982
238081	0.204598
30328	0.313231
171857	0.236486
335194	0.558147
47145	0.391643
172094	0.241999
106401	0.208500
47683	0.153024
160003	0.392864
386436	0.495685
251008	0.259861
323171	0.622524
215030	0.149041
120655	0.203026
349628	0.279251
120809	0.211519
412830	0.202818
50587	0.372892
299360	0.305183
4312	0.380305
240090	0.500388
350603	0.391639
135281	0.426005
52650	0.334336
5221	0.272447
241109	0.287944
414527	0.202860
136145	0.331349
351970	0.261334
54593	0.357191
217740	0.138569
97454	0.217184
136692	0.496587
163475	0.573832
277938	0.423374
242395	0.783076
339771	0.250901
190713	0.267498
389877	0.357468
353095	0.235629
353403	0.524999
85147	0.346454
151694	0.417270
254533	0.909006
21677	0.536994
404008	0.478023
152186	0.241738
279296	0.394067
303150	0.222095
125416	0.110228
86415	0.413749
8664	0.344671
86594	0.224597
23001	0.137933
87003	0.996155
232145	0.743983
59826	0.822808
380777	0.307496
392260	0.222218
24272	0.361996
167001	0.179988
24355	0.131383
141049	0.491384
269664	0.164266
269732	0.395842
381731	1.176156
40115	0.161000
11271	0.150605
11369	0.358146
331534	0.190245
102693	0.357409
357905	0.166441
63223	0.366782
358309	0.277355
90199	0.598029
235377	0.201668
142853	0.845418
196874	0.234767
223431	0.307546
395068	0.405750
63932	0.272338
283612	0.301449
130219	0.290529
359149	0.344693

2013051418190000016	0.753383
2013051418190000016	201305141819	http://www.dailymail.co.uk/sciencetech/article-2323753/The-underwater-UFOs-Photographer-reveals-world-shots-JELLYFISH.html	The underwater UFOs : Photographer reveals out-of-this-world shots of JELLYFISH | Mail Online
197583	0.347414
236329	0.433484
333526	0.223879
43693	0.279193
144483	0.405396
91880	0.806253
410316	0.711356
158801	0.300692
44929	0.199496
360626	0.245452
65828	0.379545
46257	0.436303
132640	0.206501
66911	0.319917
93578	0.541027
106401	0.197820
335408	0.356528
298316	0.217638
48574	0.287614
262628	0.625907
146721	0.616485
119994	0.321689
147042	0.627181
49439	0.347360
187088	0.341470
147255	0.489595
275246	0.437969
81130	1.300461
50423	0.539944
201728	0.402485
239816	0.212925
4281	0.186006
299844	0.286813
400224	0.262830
337645	0.584134
174985	0.861956
401108	0.280661
401206	0.737701
53578	0.184551
97640	0.394621
55255	1.419324
163658	0.262874
278036	0.462080
339826	0.217887
163923	0.647337
56332	1.272064
390218	0.152002
302426	0.697276
7444	0.289420
416258	0.446405
354066	0.153662
191765	0.222039
279084	0.493211
191789	0.633587
177885	0.893636
354284	0.189705
354863	0.397604
22767	0.145972
231760	0.268070
355058	0.523153
341912	0.973834
232035	0.427557
355355	0.652574
192926	0.431723
153474	0.341103
153763	0.343521
59826	0.753383
355976	0.259044
9636	0.613386
73866	0.215455
61023	0.173088
24355	0.153016
88226	0.313547
208736	0.370523
305226	0.963347
245875	0.275789
114207	0.240272
181086	0.317928
257306	0.389760
25396	0.772304
343994	0.453067
11369	0.782820
370378	0.192105
40702	0.278226
11610	0.729841
195531	0.322167
115199	0.351521
89333	0.333565
331534	0.217583
182218	0.406333
420403	0.432030
408561	0.589882
294968	0.648571
63445	0.280438
259160	0.666927
409205	0.211019
235857	0.434272
259564	0.660949
13392	0.193189

2013051314430000002	0.753383
2013051314430000002	201305131443	http://www.dailymail.co.uk/sciencetech/article-2323753/The-underwater-UFOs-Photographer-reveals-world-shots-JELLYFISH.html?ITO=1490&ns_mchannel=rss&ns_campaign=1490	The underwater UFO 's : Photographer reveals out-of-this-world shots of JELLYFISH | Mail Online
197583	0.347414
236329	0.433484
333526	0.223879
43693	0.279193
144483	0.405396
91880	0.806253
410316	0.711356
158801	0.300692
44929	0.199496
360626	0.245452
65828	0.379545
46257	0.436303
132640	0.206501
66911	0.319917
93578	0.541027
106401	0.197820
335408	0.356528
298316	0.217638
48574	0.287614
262628	0.625907
146721	0.616485
119994	0.321689
147042	0.627181
49439	0.347360
187088	0.341470
147255	0.489595
275246	0.437969
81130	1.300461
50423	0.539944
201728	0.402485
239816	0.212925
4281	0.186006
299844	0.286813
400224	0.262830
337645	0.584134
174985	0.861956
401108	0.280661
401206	0.737701
53578	0.184551
97640	0.394621
55255	1.419324
163658	0.262874
278036	0.462080
339826	0.217887
163923	0.647337
56332	1.272064
390218	0.152002
302426	0.697276
7444	0.289420
416258	0.446405
354066	0.153662
191765	0.222039
279084	0.493211
191789	0.633587
177885	0.893636
354284	0.189705
354863	0.397604
22767	0.145972
231760	0.268070
355058	0.523153
341912	0.973834
232035	0.427557
355355	0.652574
192926	0.431723
153474	0.341103
153763	0.343521
59826	0.753383
355976	0.259044
9636	0.613386
73866	0.215455
61023	0.173088
24355	0.153016
88226	0.313547
208736	0.370523
305226	0.963347
245875	0.275789
114207	0.240272
181086	0.317928
257306	0.389760
25396	0.772304
343994	0.453067
11369	0.782820
370378	0.192105
40702	0.278226
11610	0.729841
195531	0.322167
115199	0.351521
89333	0.333565
331534	0.217583
182218	0.406333
420403	0.432030
408561	0.589882
294968	0.648571
63445	0.280438
259160	0.666927
409205	0.211019
235857	0.434272
259564	0.660949
13392	0.193189

2013051623420000006	0.726956
2013051623420000006	201305162342	http://science.nbcnews.com/_news/2013/05/16/18304345-opportunity-rover-breaks-40-year-old-nasa-record-for-off-earth-driving	Opportunity rover breaks 40-year-old NASA record for off-Earth driving - Science
346440	0.406044
44683	1.008786
396703	0.565599
238081	0.379166
171857	0.552161
66932	0.780105
251008	0.357177
323171	0.520601
412354	0.482791
49439	0.342433
215030	0.204708
107391	0.248743
49754	0.653295
310968	0.733629
375136	1.030662
120655	0.283596
399320	0.336185
50387	0.164820
412830	0.277752
239816	0.258904
299360	0.298953
4312	0.813128
364357	0.518231
241109	0.390338
364887	0.691958
351970	0.256143
54593	0.483412
54801	0.565386
97640	0.456264
6745	0.331134
190713	0.444650
389877	0.483383
353329	0.431414
353403	0.719501
390218	0.191431
378712	0.689362
302698	0.208743
404008	0.442485
7805	1.013358
111730	0.356657
36073	0.261275
8688	0.256746
267820	0.455228
367978	0.301535
232145	0.562636
37311	0.456549
193192	0.703617
59826	0.726956
392260	0.346312
268777	0.431359
24849	0.452623
194601	0.570173
305426	0.662107
381731	1.158829
39632	0.573533
141436	0.377891
40115	0.262303
370204	0.553241
11369	0.682818
257887	0.710340
102693	0.482897
222470	0.714745
12022	0.388064
89820	0.288229
420490	0.202961
103236	0.470151
358309	0.287458
116214	0.564953
183368	0.585011
223431	0.421798
395104	0.826416
63999	0.191719
248107	0.873359

2013051700420000008	0.725795
2013051700420000008	201305170042	http://science.nbcnews.com/_news/2013/05/16/18304345-opportunity-rover-breaks-40-year-old-nasa-record-for-off-world-driving	Opportunity rover breaks 40-year-old NASA record for off-world driving - Science
346440	0.405395
44683	1.007175
396703	0.564696
238081	0.378560
171857	0.551280
66932	0.778859
251008	0.356607
323171	0.519769
412354	0.482020
49439	0.341887
215030	0.204381
107391	0.248346
49754	0.652252
310968	0.732457
375136	1.029016
120655	0.283143
399320	0.335648
50387	0.164557
412830	0.277309
239816	0.258490
299360	0.298475
4312	0.811829
364357	0.517403
241109	0.389715
364887	0.690853
96946	0.271365
351970	0.255734
54593	0.482640
54801	0.564483
97640	0.455536
6745	0.330605
190713	0.443940
389877	0.482611
353329	0.430725
353403	0.718352
390218	0.191125
378712	0.688261
302698	0.208410
404008	0.441779
7805	1.011739
111730	0.356087
36073	0.260858
8688	0.256336
267820	0.454501
367978	0.301054
232145	0.561737
37311	0.455820
193192	0.702494
59826	0.725795
392260	0.345759
268777	0.430670
24355	0.219461
24849	0.451900
194601	0.569262
305426	0.661050
381731	1.156978
39632	0.572617
141436	0.377287
40115	0.261884
11369	0.681727
257887	0.709205
102693	0.482125
222470	0.713603
12022	0.387444
89820	0.287769
420490	0.202637
103236	0.469400
358309	0.286999
116214	0.564051
183368	0.584077
223431	0.421124
395104	0.825096
63999	0.191413
248107	0.871965

2013051313330000004	0.697757
2013051313330000004	201305131333	http://www.csmonitor.com/Business/In-Gear/2013/0513/Lamborghini-Egoista-concept-car-a-four-wheeled-UFO	Lamborghini Egoista concept car a ` four-wheeled UFO ' - CSMonitor.com
42700	0.305788
333159	0.331833
104370	0.371254
359564	0.336318
77701	0.318598
284089	0.476603
372394	0.269922
144239	0.301550
320668	0.332822
117916	0.336681
131612	0.113640
92253	0.334760
308805	0.374151
385000	0.463899
213072	0.402466
45695	0.404882
249787	0.193322
79264	0.447397
397609	0.215731
397701	0.288474
172221	0.411732
120419	0.193771
215211	0.226797
107639	0.173732
50472	0.335275
120809	0.407921
187556	0.266718
147740	0.364122
4281	0.225514
161455	0.289802
188065	0.644627
263857	0.501531
68961	0.329420
400224	0.270480
4830	0.222730
5221	0.312215
240889	0.218061
264835	0.763486
83187	0.318759
265232	0.447511
70394	0.318060
389598	0.784264
190713	0.206614
190723	0.270763
366403	0.293197
415793	0.244317
302538	0.576747
21354	0.293028
205568	0.187144
278849	0.608082
219379	0.656856
8054	0.551136
303485	0.246629
244087	0.319358
139260	0.336449
303756	0.225804
23001	0.139136
207151	0.209369
315996	0.292646
23174	0.414568
139476	0.244440
405714	0.399552
126382	0.254427
232514	1.307798
59826	0.697757
356033	0.601854
207882	0.836248
316603	0.221316
60400	0.241949
232787	0.322693
356390	0.306207
292894	0.360231
74306	0.282270
208874	0.585057
180770	0.365213
155010	0.521635
74861	0.237501
39715	0.307067
40049	0.255241
344020	0.266091
11271	0.149433
195451	0.117539
357582	0.415493
195531	0.216634
62565	0.265487
357771	0.365495
234710	0.300311
102992	0.200117
420627	0.311402
306755	0.481542
420685	0.387922
358256	0.300943
182902	0.272412
282907	0.221535
196809	0.371010
90467	0.253563
247779	0.186858
104132	0.487810
371804	0.693079
90927	0.280490

2013051623540000005	0.660234
2013051623540000005	201305162354	http://science.nbcnews.com/_news/2013/05/16/18304037-cross-country-drive-detects-high-methane-levels	Cross-country drive detects high methane levels - Science
197583	0.464792
157698	0.580386
117119	0.553193
346440	0.368655
260012	0.692191
117728	0.321491
334345	0.287218
396703	0.507620
118399	0.240504
15108	0.289747
285321	0.423111
46984	0.463181
106128	0.214125
2497	0.775335
106351	0.529453
348556	0.253581
172733	0.355050
200750	0.375626
251008	0.481886
323171	0.548031
187026	0.239838
263019	0.404981
215030	0.272965
49563	0.412079
80633	0.460678
362802	0.424305
187249	0.341818
107627	0.303675
120655	0.241384
50387	0.155069
412830	0.385395
299360	0.271878
108014	1.338397
376103	0.424092
241109	0.355354
53578	0.178703
265051	0.269567
19528	0.337655
351949	0.311121
351970	0.232866
54593	0.436978
6534	0.326291
84295	0.524895
176553	0.243026
339771	0.229303
190713	0.385520
278244	0.693555
98339	0.621345
389877	0.437094
390046	0.276106
353403	1.171136
151674	0.201328
191548	0.559723
138199	0.268535
404008	0.402006
7991	0.515340
36073	0.270812
354281	0.401831
303246	0.564245
243922	0.563173
279591	0.524866
165807	0.216664
232145	0.510335
166331	0.190564
59826	0.660234
60442	0.154170
292894	0.410029
208780	0.295108
181009	0.418957
194601	0.376889
10739	0.507925
74861	0.272054
381731	1.053167
40049	0.231030
40115	0.196661
370204	0.378837
11369	0.441782
102504	0.576610
128628	0.413254
102693	0.436797
26235	0.246902
210578	0.211457
26840	0.462972
358309	0.260820
116023	0.322961
156996	0.518357
283131	0.553665
394835	0.507777
157179	0.380613
223431	0.466728
157317	0.301072
409396	0.505240
346013	0.341456
64220	0.268363

2013051617300000009	0.618808
2013051617300000009	201305161730	http://news.yahoo.com/keplers-hunt-another-earth-salvaged-094200076.html	Can Kepler 's hunt for another Earth be salvaged ? - Yahoo ! News
409567	0.520451
346240	0.379893
91424	0.313277
272342	0.355007
260155	0.233153
236725	0.383311
28848	0.785902
1016	0.156920
144751	0.277826
45349	0.273060
347604	0.790541
65903	0.338316
45791	0.325333
45992	0.198800
2282	0.739284
186027	0.807755
262075	0.459613
106478	0.203151
226206	0.459054
298579	0.714598
49300	0.420667
187088	0.326038
94528	0.172933
107351	0.150002
386790	0.348439
187249	0.375497
50299	0.810872
349628	0.268314
17534	0.544067
147740	0.281518
324139	1.296369
4312	0.472518
68766	0.417999
18197	0.211000
5024	0.384392
312249	0.348218
216605	0.913693
376775	0.422057
53361	0.333891
218169	0.221481
289440	0.430603
415446	0.326223
84464	0.477774
402992	0.581693
84947	0.487735
111136	0.508718
205258	0.862126
327491	0.230601
151461	0.259337
151674	0.184715
302649	0.415319
278989	0.455245
191822	0.266136
303040	0.270904
267352	0.924820
341173	0.376171
125416	0.116386
267820	0.549374
231760	0.296221
232145	0.656115
220451	0.565791
9384	0.145742
59826	0.618808
380544	0.742701
60210	0.222653
245116	0.652623
329776	0.288136
38059	0.404718
154210	0.297570
330129	0.489782
24355	0.148701
38622	0.420173
127505	0.259776
208914	0.523894
38841	0.232100
140993	0.419311
369659	0.824653
305426	0.720684
11271	0.162895
305867	0.164351
370204	0.541975
40622	0.289922
209819	0.428210
102485	0.183319
26086	0.315607
331600	0.240114
89584	0.330858
282527	0.366691
210578	0.203846
306755	0.575676
358261	0.290510
90199	0.662066
358547	0.703571
223431	0.346464
307392	0.403508
295823	0.457924
130219	0.277583
359149	0.313980

2013051023000000015	0.606909
2013051023000000015	201305102300	http://www.guardian.co.uk/music/2013/may/11/music-festivals-festivals3	The best dance festival listings of 2013 | Music | The Guardian
42809	0.313597
42945	0.352815
42967	0.363093
143736	0.667555
13814	0.739738
296312	0.352645
117383	0.619797
224373	1.012523
260230	0.678205
333774	0.485191
854	0.576904
117847	0.654667
224613	0.519535
260708	0.268330
78406	0.237918
131886	0.410681
131994	0.844176
92855	0.454752
237832	0.456884
47576	0.435814
106360	0.278338
106491	0.162222
48574	0.353878
48726	0.685880
49327	0.648554
80523	0.188682
336285	0.616467
386790	0.285040
80787	0.637817
49825	0.142441
50056	0.475079
50387	0.138397
413159	0.559582
387499	0.300545
337409	0.234916
375967	0.440895
337455	0.462037
148414	0.365267
350970	0.861419
149255	0.601828
364964	0.878346
109853	0.450790
54785	0.452240
54829	0.630574
97817	0.507745
55612	0.197310
415451	0.345886
339798	0.399370
327368	0.469929
7450	0.505545
403582	0.536934
151424	0.415917
205534	0.244206
314797	0.809889
85420	0.300786
57009	0.667585
230805	0.216535
191662	0.825360
111696	0.877642
85837	0.810458
206019	0.214033
72482	0.651314
57699	0.455215
354644	0.378869
354730	0.234384
291300	0.294298
178553	0.252366
405362	0.574515
165816	0.866089
59208	0.305439
153420	0.328628
329388	0.681893
232364	0.590746
59826	0.606909
316612	0.924264
60423	0.390818
329886	0.474985
180026	0.391220
208161	0.379484
154211	0.559802
418645	0.956097
256576	0.584110
127092	0.698166
87946	0.672248
140759	0.285394
194258	0.484452
369528	0.596314
317471	0.347193
39504	0.333986
102052	0.684979
269902	0.360082
40049	0.219471
89075	0.493243
246925	0.279967
89854	0.427801
318959	0.539132
103742	0.806779
196987	0.284549
13216	0.399642
395280	0.197203

2013051413310000002	0.596644
2013051413310000002	201305141331	http://www.huffingtonpost.com/jerry-zezima/its-about-crime_b_3271451.html	Jerry Zezima : `` It 's About Crime ''
184032	0.262011
117263	0.274006
307937	0.347944
224147	0.371641
43446	0.380896
384171	0.781190
248848	0.331045
396137	0.365742
260342	0.221749
320624	0.322426
212511	0.286212
347328	0.595019
44929	0.140098
65706	0.346557
45240	0.197211
1576	0.391292
46174	0.316009
145822	0.303776
186013	0.269862
199988	0.738328
47683	0.162398
172243	0.347279
48264	0.556868
106847	0.260521
16574	0.258118
16597	0.764841
336407	0.270488
363442	0.475466
108697	0.240772
376450	0.368357
5221	0.267373
413947	0.671971
82562	0.607783
241102	0.559511
175333	0.241221
54109	0.185080
241743	0.565514
54827	0.635866
242041	0.428212
278036	0.451919
230291	0.240283
85147	0.407821
302590	0.559333
85256	0.587082
290473	0.919895
254640	0.431722
404008	0.360131
164856	0.320942
86195	0.283590
138923	0.233010
8558	0.306756
86605	0.266438
279805	0.406538
58667	0.546584
112563	0.310002
380021	0.509760
37571	0.387242
59826	0.596644
355972	0.313039
329744	0.362249
392252	0.192965
392260	0.184391
304620	0.409621
166863	0.362805
74120	0.220312
88089	0.557759
180530	0.305909
180760	0.200617
257190	0.373267
140993	0.355596
141018	0.333610
194678	0.178833
293479	0.444015
269664	0.180781
39386	0.288772
114503	0.490968
221837	0.340613
269832	0.282967
195104	0.366956
40049	0.243318
11159	0.419634
270082	0.480563
181734	0.702892
155839	0.359367
102485	0.195287
331534	0.217435
26235	0.261460
234666	0.245523
12027	0.621018
102904	0.543619
258570	0.505145
258605	0.460141
318888	1.091698
116030	0.552537
12804	0.650736
196874	0.207218
223431	0.323003
42460	0.295600
27857	0.274310
236046	0.411652

2013051413570000002	0.583626
2013051413570000002	201305141357	http://www.huffingtonpost.com/sharon-greenthal/frank-sinatra-death-anniversary_b_3186822.html?utm_hp_ref=celebrity&ir=Celebrity	Sharon Greenthal : Remembering Old Blue Eyes On The Anniversary Of His Death
42920	0.210051
13917	0.303400
396137	0.357784
333892	0.174111
212511	0.292990
296773	0.630239
260457	0.306184
347328	0.582083
45240	0.279598
347748	0.238708
321614	0.216795
66531	0.275157
199988	0.756050
106400	0.165897
106401	0.197987
172243	0.355728
16597	0.785011
80523	0.197536
187569	0.587305
215638	0.958947
287143	0.434285
363442	0.487112
337409	0.231759
252157	0.246672
174778	0.952914
413947	0.689338
241102	0.572672
19444	0.298875
136247	0.965654
377369	0.438698
123516	0.482138
278036	0.442061
218435	0.497710
190655	0.484754
353095	0.362572
353325	0.230488
35473	0.527022
35481	0.179574
85147	0.398927
151566	0.310178
302590	0.573125
278723	0.396560
124610	0.422994
85256	0.602153
404008	0.352291
243467	0.721140
164856	0.313950
86195	0.290969
379560	0.322149
138923	0.238641
391246	0.460833
22887	0.387721
58667	0.559615
355366	0.412493
153191	0.300560
9384	0.149613
59826	0.583626
355972	0.306232
316574	0.445500
329744	0.371738
329886	0.343740
392260	0.223957
304620	0.394556
180129	0.639993
60775	0.623258
167168	0.513135
257084	0.322323
140993	0.365036
293479	0.434357
39370	0.361451
39386	0.353636
25230	0.368705
114503	0.480253
269832	0.276817
39715	0.193506
195104	0.455789
40049	0.238004
270082	0.492736
181734	0.721678
344122	0.276607
102485	0.191023
331534	0.212694
156115	0.383711
75825	0.208775
12027	0.636434
102904	0.556234
12066	0.290689
370820	0.322935
258605	0.471641
332170	0.274147
116030	0.565446
282974	0.823110
210840	0.307156
358575	0.150350
90420	0.969038
63999	0.179356
42460	0.289159
104132	0.430384
27857	0.268426
236046	0.402666

2013051321180000004	0.576071
2013051321180000004	201305132118	http://www.huffingtonpost.com/steve-siebold/tiger-woods-players-championship_b_3267809.html	Steve Siebold : Tiger Woods ' Three Words Explain His Greatness
130854	0.262930
212361	0.628978
396137	0.363031
333889	0.288114
272556	0.271283
44394	0.162565
347328	0.590950
44916	0.508492
308780	0.186801
360626	0.223506
45240	0.190573
45299	0.222599
45486	0.272950
118427	0.578130
199476	0.350570
66531	0.268744
261779	0.428689
106491	0.139183
106521	0.376572
298235	0.373272
80523	0.211545
120264	0.713508
201173	0.511352
412507	0.268743
362949	0.296631
412830	0.275356
51344	0.440546
215972	0.164311
18189	0.423208
18197	0.257544
32727	0.487898
18230	0.846454
387789	0.347832
95803	0.162079
216488	0.174606
18671	0.427879
377339	0.305174
338932	0.239648
136543	0.292245
278036	0.436382
85147	0.393841
366925	0.329767
416356	0.443881
404008	0.357327
164856	0.310072
290794	0.261440
206192	0.478509
57800	0.172851
125465	0.246189
112198	0.212989
328662	0.449367
58336	0.214851
152747	0.406745
58561	0.212864
367978	0.318289
139274	0.540155
139299	0.300483
165807	0.274592
178995	0.675066
153369	0.243609
166263	0.279704
59826	0.576071
342395	0.324531
355972	0.310838
280691	0.526407
60400	0.240109
60455	0.517951
60487	0.253126
23944	0.264274
74120	0.214665
24355	0.186804
61143	0.188290
154641	0.323171
24745	0.297500
141018	0.296464
88630	0.713359
293479	0.440809
269664	0.171490
114503	0.473990
269832	0.281087
181550	0.235376
195104	0.354566
102155	0.457867
40049	0.234832
62066	0.176864
209600	0.612064
75372	0.491216
40622	0.316380
102485	0.225758
195531	0.291573
331534	0.257995
196182	0.480960
294925	0.387004
182952	0.556121
116023	0.280420
247779	0.221586
283285	0.159259
42460	0.285558
27857	0.268610
236046	0.397376

2013051400150000001	0.566926
2013051400150000001	201305140015	http://www.huffingtonpost.com/emily-j-miller/illinois-government-ethics-reform_b_3201630.html?utm_source=feedly	Emily J. Miller : BGA Legislative Update : Progress on Wrongful Convictions
170025	0.387064
117263	0.276783
296192	0.459243
28523	0.349465
396137	0.354971
1016	0.200959
65468	0.470310
347328	0.577755
92253	0.362896
44916	0.490303
45240	0.187511
199161	0.474681
105836	0.512714
79350	0.422670
132640	0.206976
146217	0.378771
119383	0.694575
106400	0.171678
335459	0.312020
106491	0.134228
186460	0.412012
226161	0.260872
80010	0.445400
310577	0.702440
362486	0.328648
172805	0.522889
80523	0.210425
94464	0.430424
374905	0.171876
120367	0.209358
349544	0.335997
107845	0.386359
32727	0.485324
82182	0.294825
108750	0.194949
18671	0.412680
376450	0.337963
288606	0.466550
54109	0.199438
388943	0.307858
377339	0.303566
136543	0.290710
55164	0.295799
278036	0.429444
55982	0.361255
151461	0.234673
85147	0.387570
314643	0.479124
7599	0.254934
366905	0.302120
205569	0.277109
164469	0.373049
71996	0.172031
416356	0.441535
404008	0.349423
151945	0.592145
164856	0.305105
303040	0.292823
328662	0.433330
404918	0.242089
354888	0.472900
152747	0.392363
391472	0.366210
126184	0.335948
207465	0.199568
153708	0.349375
59826	0.566926
355972	0.303911
87630	0.668319
392260	0.189902
74120	0.213539
406724	0.349895
317369	0.215173
293479	0.431003
39485	1.376245
141258	0.252287
114503	0.466477
269832	0.274799
181550	0.227073
195104	0.348878
40038	0.308481
40049	0.231126
62250	0.483526
75372	0.473808
393645	0.217711
195451	0.146075
102485	0.185516
40802	0.379041
62539	0.382624
331534	0.206655
182130	0.262921
420521	0.664062
344981	0.330231
282907	0.217861
182952	0.553195
42460	0.280991
197387	0.234165
169632	0.702661
27857	0.263553
236046	0.391086

2013051700540000001	0.560740
2013051700540000001	201305170054	http://feeds.nbcnews.com/c/35002/f/653377/s/2c0734f5/l/0Lscience0Bnbcnews0N0C0Inews0C20A130C0A50C160C1830A14320Emelting0Eglaciers0Eare0Ecausing0Ea0Ethird0Eof0Esea0Elevel0Erise0Escientists0Esay0Dlite/story01.htm	Melting glaciers are causing almost a third of sea-level rise , scientists say - Science
346440	0.312953
131283	0.385595
410487	0.367025
44683	0.461135
321009	0.275779
396703	0.433084
45056	0.664793
45299	0.317503
45300	0.229802
261064	0.225308
334525	0.266755
334526	0.639992
65944	0.174171
66484	0.310530
238081	0.215058
185975	0.318041
171857	0.248565
250235	0.599683
250277	1.005475
374176	0.365492
250473	0.244172
106949	0.559800
49044	0.226294
251008	0.273181
323171	0.626153
215030	0.156684
80633	0.371844
187249	0.365712
120655	0.238878
50423	0.516796
412830	0.378249
239750	0.311606
251615	0.298402
299360	0.231350
4312	0.461165
51520	0.302777
148424	0.493062
376198	0.375005
350702	0.443297
52650	0.321612
5221	0.368574
241109	0.318908
401664	0.285090
351970	0.198058
54593	0.375671
229507	0.402490
6765	0.732996
204630	0.175966
339771	0.254552
190713	0.281208
389877	0.375971
390046	0.365662
353403	0.551958
85306	0.398330
71996	0.196140
191548	0.589202
404008	0.341588
191822	0.259975
85903	0.675274
111873	0.272653
57800	0.165063
125416	0.104698
267547	0.296466
267820	0.359075
391441	0.815326
178854	0.386465
291646	0.470365
207151	0.197380
232145	0.432621
355569	0.343202
304192	0.300833
268336	0.976068
59826	0.560740
392260	0.186272
154177	0.133726
24355	0.181213
392623	0.564872
88226	0.306701
180649	0.245996
38841	0.235581
140993	0.327445
141219	0.333458
381731	0.895312
11159	0.609943
40115	0.169342
11287	0.246962
370204	0.384392
11369	0.376667
102693	0.375918
331600	0.284351
89675	0.222701
222813	0.226113
318903	0.615298
358309	0.221205
332469	0.683094
63522	0.239536
223431	0.371483
346013	0.336999
64220	0.194989

2013051500030000006	0.548255
2013051500030000006	201305150003	http://www.huffingtonpost.com/myra-j-biblowit/angelinas-choice_b_3275465.html?utm_hp_ref=celebrity&ir=Celebrity	Myra J. Biblowit : Angelina 's Choice
91370	0.263758
144232	0.295083
144483	0.308342
333889	0.271933
212511	0.280103
1016	0.147212
144772	0.361888
105068	0.217081
272968	0.151376
360626	0.161883
45240	0.181232
92694	0.201516
249775	0.577383
199988	0.722875
15865	0.376364
238378	0.582396
262176	0.584362
47683	0.154625
298235	0.352269
172243	0.340157
49044	0.245722
80606	0.716162
133798	0.346193
49672	0.521546
201242	0.480462
50127	0.289266
50381	0.305400
363442	0.465816
95796	0.414418
18553	0.278461
413637	0.496098
300040	0.479116
388086	0.674418
337725	0.939961
188648	0.253612
300210	0.455977
5403	0.642588
241102	0.547453
377386	0.712790
19893	0.377179
189912	0.402309
97640	0.539132
352692	0.513207
278036	0.415272
314011	0.553806
366305	0.660248
85147	0.374753
302590	0.548101
124760	0.723945
290641	0.626925
164856	0.294931
85750	0.333366
152099	0.252506
303063	0.585351
125416	0.110470
138923	0.228182
86617	0.375963
152679	0.781389
58667	0.535030
37183	0.554510
153685	0.366995
59826	0.548255
153814	0.350959
60017	0.521387
245066	1.031705
167001	0.225533
74120	0.209340
61112	0.476827
256907	0.372356
24745	0.280695
194483	0.348253
114503	0.451145
181550	0.234298
195104	0.337220
40049	0.223575
209676	0.695385
25787	0.477604
222199	0.547342
40664	0.552980
102485	0.179443
331534	0.199807
102904	0.531681
222663	0.681428
318904	0.345038
182743	0.315257
247348	0.546189
358325	0.340507
116030	0.540515
90467	0.224060
247779	0.232657
371502	0.677866
345586	0.384464
259230	0.607855
104021	0.487894
42460	0.271640
395268	0.831002
346013	0.229864
27857	0.240726
236046	0.378258
27893	0.312107

2013051413410000007	0.506731
2013051413410000007	201305141341	http://www.huffingtonpost.com/jason-alexander/onevoice-israelis-palestinians_b_3271691.html?utm_hp_ref=celebrity&ir=Celebrity	Jason Alexander : Playing Your Role : A Middle East Peace Drama
143694	0.431585
130720	0.270678
104617	0.426900
91516	0.514821
144239	0.279702
372505	0.334522
396137	0.311684
212511	0.252776
29100	0.272558
347328	0.507564
260713	0.396970
158801	0.306239
44929	0.127856
45240	0.167903
65828	0.423995
78876	1.262738
2000	0.497975
249847	0.604732
119032	0.498862
385654	0.359996
397731	0.217257
199988	0.652619
172243	0.307225
16597	0.680206
386404	0.251994
80551	0.188079
374905	0.180925
94664	0.358076
49825	0.131920
50492	0.184442
173716	0.347553
363442	0.420806
215972	0.151117
188316	0.180241
216288	0.286956
174694	0.304729
108854	0.341154
188648	0.244240
413947	0.596804
241102	0.493943
34035	0.936512
97459	0.460971
326464	0.439141
55612	0.200243
278036	0.383931
339720	0.263328
176903	0.230512
340366	0.286761
85147	0.346572
302590	0.495243
85256	0.521177
151674	0.156905
366907	0.214953
404008	0.306708
230805	0.218376
21822	0.284883
164856	0.273076
178108	0.322443
86195	0.251980
138923	0.206048
379738	0.237694
354921	0.213384
22772	0.265947
58667	0.482931
58736	0.372654
37348	0.270049
139694	0.237047
153474	0.248914
329391	0.617248
207709	0.277200
59826	0.506731
355972	0.266943
355991	0.287801
329744	0.322017
304620	0.341403
140993	0.316391
293479	0.378510
39386	0.256016
25220	0.324898
114503	0.416855
269832	0.241456
195104	0.312324
40049	0.206405
270082	0.426239
181734	0.625684
89083	0.338497
102485	0.193950
331534	0.184836
89675	0.204136
12027	0.550097
102904	0.479519
196221	0.271531
258605	0.407769
210739	0.260252
116030	0.487585
142767	0.323336
42460	0.251436
27857	0.233499
236046	0.349408
13392	0.154745

2013051719170000004	0.494633
2013051719170000004	201305171917	http://www.denverpost.com/breakingnews/ci_23266880/travel-picks-top-10-quirky-museums-around-world?source=rss	Travel Picks : Top 10 quirky museums around the world - The Denver Post
158022	0.150687
130854	0.166083
384305	0.348594
333904	0.227194
260457	0.169696
1016	0.123097
198882	0.249057
78406	0.160764
131772	0.247485
334345	0.247071
373244	0.207560
118399	0.186946
396873	0.231910
411258	0.146886
46964	0.193777
348326	0.254311
250331	0.258614
66911	0.150604
186246	0.779608
106400	0.164129
322412	0.301354
106491	0.127829
322776	0.289885
31087	0.395785
262752	0.387725
48986	0.353143
120419	0.169497
107632	0.165487
31896	0.249368
50381	0.204948
201539	0.731253
50472	0.379593
161085	0.731128
299304	0.258940
239816	0.203543
95147	0.398414
227448	0.425163
324306	0.499523
400178	0.200377
202346	0.280280
364153	0.179399
108692	0.231054
96043	0.202065
364793	0.338190
135733	0.274636
53361	0.241104
33631	0.497057
401562	0.205081
162854	0.317068
136246	0.257387
136307	0.493933
149794	0.242989
389279	0.462069
20310	0.269976
55612	0.157239
34725	0.432514
20631	0.427775
190655	0.213299
302131	0.245668
191017	0.346779
366472	0.186066
151461	0.166872
151748	0.307324
22122	0.127241
303150	0.228680
57699	0.458390
379402	0.305676
192260	0.161489
86265	0.223843
219920	0.172273
58674	0.247458
231922	0.350705
139476	0.177105
59401	0.239789
113023	0.386963
59826	0.494633
166623	0.243611
392252	0.152417
208309	0.210670
61023	0.139577
24355	0.160838
257029	0.447215
180751	0.191727
233495	0.348191
61743	0.243366
114454	0.237310
141386	0.476646
102155	0.358082
393595	0.370669
393645	0.137454
40713	0.204552
294454	0.223988
420490	0.208916
294939	0.538378
76661	0.188470
283307	0.425886
409205	0.154195
63940	0.453176
283548	0.382047
143412	0.423156

