20130501
29
20130501 20130509

2013050923030000005	1.873967
2013050923030000005	201305092303	http://blog.oregonlive.com/runoregon/2013/05/ufo_festival_fun_run_-_free_ru.html	UFO Festival Fun Run - free run coming to McMinnville May 18 | OregonLive.com
91155	1.095151
334345	0.655299
79054	0.758747
185739	0.868904
47269	0.912915
397924	1.109312
120419	0.507071
49825	0.514876
400178	0.450169
6099	0.715541
278036	1.082016
417239	1.436401
220383	0.990933
59826	1.873967
61143	0.471567
294049	0.592225
128605	1.122554
102992	0.565028

2013050117300000001	1.641329
2013050117300000001	201305011730	http://www.examiner.com/article/national-ufo-alert-seven-states-report-218-april-cases	National UFO Alert : Seven states report 218 April cases - National ufo | Examiner.com
283879	0.555808
284732	0.337149
29858	0.445207
385369	0.482868
106642	0.566515
172805	0.572007
16907	0.595985
133798	0.623940
201355	0.501421
412830	0.330380
187556	0.316556
364153	0.298830
228113	0.261150
82304	0.474162
96186	0.373444
69793	0.245146
69907	0.366836
289126	0.642525
123589	0.440028
390044	0.645134
152146	0.438811
57800	0.294999
125416	0.290241
23001	0.208439
355241	0.317234
303963	0.271246
37461	0.577539
59826	1.641329
268560	1.563039
73703	0.638747
280740	0.755689
73866	0.294038
368922	0.606964
208265	0.575362
154184	0.622967
232974	0.347312
24272	0.474098
221055	0.389442
11271	0.316197
305867	0.212253
195451	0.206534
331534	0.324144
182246	0.423716
89820	0.328712
382669	0.468519
294747	0.540053
258698	0.542471
235377	0.464563
64037	0.298518
13378	0.444269

2013050200510000001	1.607890
2013050200510000001	201305020051	http://www.examiner.com/article/israeli-family-videotapes-orange-ufo-during-family-barbecue	Israeli family videotapes orange UFO during family barbecue - National ufo | Examiner.com
158801	0.586258
65828	0.614808
321497	0.735410
145567	0.413760
213365	0.508629
172094	0.406874
106491	0.210387
286391	0.963524
16907	0.686930
187088	0.567526
50587	0.617795
240250	0.801923
69907	0.421735
54394	0.447987
351970	0.323355
289126	0.753169
55612	0.347929
176907	0.853339
177792	0.551450
279296	0.902112
315335	1.486711
125416	0.223272
417091	0.814681
22767	0.277763
58537	0.664069
23001	0.244103
59826	1.607890
268560	1.480802
406217	0.882694
60613	0.783639
407147	0.814763
62066	0.283075
40283	0.390932
11271	0.276697
270234	0.266830
393697	0.585291
235377	0.382121
358575	0.323457
116214	0.666260

2013050418340000005	1.348141
2013050418340000005	201305041834	http://www.examiner.com/article/ufo-advocacy-group-investigates-government-cover-up?cid=rss	UFO advocacy group investigates government cover-up - National Conservative | Examiner.com
383818	0.808810
346240	0.428992
117263	0.267053
28523	0.332826
296589	0.349719
14141	0.323885
1016	0.273751
14431	0.450309
44512	0.369160
396873	0.529759
145527	0.957423
118855	0.289047
172094	0.253772
106400	0.295024
47683	0.218821
226625	0.926168
107351	0.200873
239788	0.398066
81539	0.954598
18197	0.420545
108661	0.991811
350716	0.510615
278036	0.604609
71618	0.331841
7444	0.313795
205363	0.341584
366768	0.379617
302698	0.244926
85488	0.570093
125416	0.177852
255460	0.248962
58537	0.367785
22887	0.605995
405330	0.676552
23001	0.183846
355346	0.275100
220383	0.561049
9384	0.217603
59826	1.348141
60303	0.531787
60392	0.642882
330052	0.445316
342943	0.479965
180385	0.491187
24355	0.197080
330490	0.499946
140936	0.348136
221522	0.361404
305426	0.625488
269832	0.352811
62066	0.215641
270234	0.237551
102561	0.482548
62604	0.422150
12250	0.376483
306930	0.443881
196874	0.389619
196994	0.297639
116475	0.379308
235847	0.561219

2013050221220000008	1.299467
2013050221220000008	201305022122	http://www.examiner.com/article/erie-county-witness-overcome-with-fear-watching-rectangle-ufo?cid=rss	Erie County witness ` overcome with fear ' watching rectangle UFO - National ufo | Examiner.com
130720	0.234128
158022	0.220123
296589	0.199900
249023	0.547689
144765	0.471814
44929	0.124530
284921	0.316179
321497	0.435595
92855	0.611848
46412	0.907953
132640	0.216197
238186	0.760848
47516	0.313613
66911	0.214050
172094	0.311966
66985	0.373868
335408	0.473572
172733	0.418948
251008	0.314901
16907	0.524299
49391	0.414290
80523	0.197729
49562	0.308657
107639	0.168780
120655	0.212093
349628	0.360276
239608	0.510560
50587	0.468165
147620	0.512969
18197	0.240884
227763	0.353240
148773	0.576348
241011	1.033795
69907	0.323447
53849	0.547097
83187	0.337491
33933	0.561478
54394	0.330886
265578	0.829559
289126	0.547432
70669	0.339588
218084	0.504390
204630	0.194989
366224	0.398947
353280	0.384780
230291	0.271355
21125	0.636799
353325	0.213672
205371	0.295176
390317	1.174632
205490	0.862167
404008	0.328963
290635	0.368864
327939	0.437071
72219	0.501542
279296	0.650412
125416	0.215959
192292	0.305148
291284	0.622186
303485	0.269843
58537	0.628474
231760	0.271379
23001	0.146859
37461	0.727010
37606	0.340283
59826	1.299467
268560	1.006222
356044	0.317503
60210	0.159058
60361	0.260769
392252	0.190555
126884	0.328476
60619	0.359503
87798	0.249485
113580	0.342742
24272	0.465942
61140	0.215714
154674	0.319743
269448	0.733682
330777	0.755450
194595	0.383264
317607	0.470418
381731	0.861979
419522	0.236289
11271	0.192544
195451	0.181336
270234	0.168140
393697	0.369704
331534	0.302678
344932	0.328295
345491	0.692973
409149	0.243723
345851	0.442087
64120	0.301816
13289	0.486423
13378	0.488050

2013050120490000001	1.137132
2013050120490000001	201305012049	http://www.examiner.com/article/delaware-couple-reports-odd-behavior-as-disc-ufo-hovers-over-home?cid=rss	Delaware couple reports odd behavior as UFO hovers over home - National ufo | Examiner.com
117263	0.170219
157908	0.446144
197933	0.234151
224147	0.355646
224196	0.345622
333526	0.183098
130854	0.286239
117728	0.245058
144528	0.179434
44929	0.161045
360598	0.353250
45276	0.351958
334467	0.244771
297207	0.320214
321497	0.369996
29858	0.249002
132640	0.149365
238186	0.630304
132912	0.343685
106400	0.212167
106438	0.779075
374176	0.288077
106491	0.163656
172805	0.336038
107082	0.232270
16907	0.369062
362862	0.854078
133936	0.231059
286803	0.406667
107632	0.206707
31826	0.378730
160988	0.238629
349628	0.251668
50587	0.381613
120956	0.419338
134434	0.328829
51541	0.259782
174170	0.290176
108380	0.640155
202346	0.344734
252157	0.294322
312066	0.220665
69216	0.372671
413823	0.378068
388135	0.234567
162310	0.307748
5511	0.385073
53361	0.446010
175415	0.308174
69907	0.227792
53576	0.637068
136085	0.208637
136333	0.284097
54394	0.280741
351999	0.298417
289126	0.447040
70669	0.238330
339186	0.331255
204630	0.202580
176903	0.197893
164006	0.500879
353280	0.237401
353329	0.260039
205371	0.264608
205490	0.803642
327781	0.319183
152146	0.290102
279296	0.404739
125416	0.176073
267547	0.360321
303485	0.297862
86637	0.285352
58537	0.445081
23001	0.147083
59826	1.137132
268560	0.822098
329824	0.277382
61143	0.178453
194293	0.177680
38841	0.208402
114397	0.522931
114569	0.306277
269873	0.427624
11271	0.212689
195451	0.138962
270234	0.142614
393697	0.313633
331534	0.248818
75825	0.205796
370759	0.411816
294747	0.306686
371015	0.242408
210578	0.147308
358256	0.275957
358575	0.224025
157101	0.315103
76661	0.314666
247946	0.509702
63999	0.207320
27857	0.252566

2013050212380000008	1.129314
2013050212380000008	201305021238	http://feeds.abcnews.com/c/35229/f/654827/s/2b6da431/l/0Labcnews0Bgo0N0CPolitics0Ctruth0Elawmakers0Epiqued0Eskeptical0Eets0Cstory0Did0F190A86646/story01.htm	Truth Is Out There ? Really ? Ex-Lawmakers Piqued , but Skeptical on ETs - ABC News
117843	0.791343
1016	0.204119
321614	0.270894
273663	0.490858
397731	0.336902
348403	0.292814
93525	0.323813
146426	0.921326
322548	0.366741
226625	0.742314
173043	0.748981
120367	0.208382
227147	0.334791
174195	0.681251
350603	0.427346
228113	0.199314
350716	0.428812
325148	0.245590
252708	0.552727
175558	0.252902
229161	0.679461
98407	0.606529
71618	0.278597
353376	0.229310
206194	0.387008
279296	0.348851
125416	0.145740
255460	0.305663
354958	0.227292
37348	0.371541
207465	0.214952
154177	0.204821
208276	0.385618
180801	0.253000
381674	0.896281
381885	0.453133
40283	0.247016
12250	0.321227
383264	0.384841
409541	0.512313
184032	0.295238
77470	0.577140
383986	0.440172
360108	0.596450
131612	0.136371
14520	0.935157
360626	0.199510
46174	0.286426
335194	0.544701
238186	0.603900
47200	0.738629
47516	0.305817
106478	0.247393
362135	0.660563
106771	0.677024
49451	0.383281
107632	0.376650
50184	0.525646
50437	0.353580
240314	0.624725
216288	0.295577
364153	0.227358
108661	0.658414
312249	0.395432
20128	0.391331
55612	0.233417
415446	0.386059
366179	0.351664
415793	0.277528
340217	0.262479
218932	0.288901
366768	0.317306
58537	0.332752
86999	0.231980
193128	0.365998
59826	1.129314
392252	0.211371
368988	0.695088
24272	0.533129
61023	0.195234
370204	0.395749
26270	0.385659
89675	0.179557
371015	0.359970
116475	0.247921
63932	0.305212
346013	0.316689

2013050115170000003	1.117843
2013050115170000003	201305011517	http://www.bbc.co.uk/newsround/22369469#sa-ns_mchannel=rss&ns_source=PublicRSS20-sa	CBBC Newsround - Aeroplane nearly collided with UFO in sky over Scotland
42700	0.498483
117263	0.296081
91405	0.478865
236496	0.510108
44394	0.387554
131612	0.213971
273058	0.343827
284921	0.487389
334467	0.411056
225034	1.012855
373244	0.423245
46523	0.471082
225709	0.444254
47516	0.543690
335408	0.617049
172221	0.711521
399320	0.495732
50587	0.682192
287070	0.505431
336960	0.601486
188897	0.356893
122960	0.354453
85179	0.650010
390486	0.404458
404008	0.510969
164856	0.696865
279296	0.480197
22767	0.370602
23001	0.229856
244627	1.084827
153420	0.723304
280252	0.580037
418110	0.447478
418116	0.654419
59826	1.117843
60400	0.406865
256898	0.742655
369600	0.458673
40049	0.358432
75825	0.334611
89854	0.862424
332170	0.391880
408761	1.234188
383196	0.498911
235847	0.668210

2013050313290000004	0.961538
2013050313290000004	201305031329	http://news.yahoo.com/blogs/power-players-abc-news/former-sen-mike-gravel-says-white-house-suppressing-112957111.html	Out there : Former Sen. Mike Gravel says White House suppressing evidence of ETs | Power Players - Yahoo ! News
409541	0.541523
383986	0.481303
117263	0.266210
224196	0.508518
296589	0.368134
1016	0.237125
14431	0.456536
44512	0.466045
131612	0.150722
65944	0.224200
397609	0.291239
348403	0.361352
106400	0.310771
47683	0.218197
106443	0.271053
186470	0.478764
226625	1.152798
107351	0.200120
120367	0.186724
107632	0.334593
50126	0.253686
50251	0.239496
50437	0.411862
240254	0.441202
174521	0.364584
364153	0.230710
108661	1.219646
108750	0.233253
350716	0.533920
276690	0.370757
175333	0.327815
228928	0.339616
278036	0.561373
204666	0.280267
176903	0.370663
151461	0.293850
366768	0.334341
302698	0.248651
85488	0.567634
57162	0.433504
206194	0.352330
255077	0.507875
255460	0.318289
391358	0.299948
58537	0.434108
126382	0.301774
59826	0.961538
60392	0.578706
60442	0.297870
330052	0.478426
368988	0.733792
24272	0.424880
342943	0.478235
61143	0.333035
330490	0.526994
305426	0.630289
370204	0.462165
102721	0.937521
258216	0.419685
89734	0.436529
12250	0.373945
383264	0.417437
116475	0.258401
359149	0.409997
346013	0.289754

2013050700370000002	0.951969
2013050700370000002	201305070037	http://www.examiner.com/article/huntington-beach-witnesses-describe-fast-moving-silent-triangle	Huntington Beach witnesses describe fast moving silent triangle - National ufo | Examiner.com
42700	0.279634
402733	0.298471
204630	0.214113
190583	0.298943
158022	0.239291
296589	0.209511
21125	0.924112
353329	0.261230
205490	0.799118
85306	0.276665
138199	0.288918
284732	0.197923
44929	0.132054
65643	0.572609
177792	0.294547
164856	0.265640
206019	0.213921
261064	0.224150
152146	0.228768
111873	0.270880
22122	0.160614
354281	0.364286
206226	0.252005
279296	0.554690
321497	0.334414
125416	0.151878
385369	0.342239
303485	0.358292
354756	0.332090
178553	0.284172
22767	0.167007
58537	0.490153
238186	0.555825
322153	0.295585
23001	0.111729
192800	0.260895
15865	0.337930
112707	0.210686
47516	0.327196
335408	0.415827
368242	0.363423
153474	0.237171
256061	0.431529
59826	0.951969
48666	0.311494
59929	0.188373
16620	0.266886
268560	0.719071
329824	0.352854
16907	0.333232
187088	0.264166
24272	0.347778
49825	0.136958
50049	0.277156
349510	0.287952
107639	0.173287
349628	0.366130
293045	0.523914
50587	0.400740
38841	0.255125
407078	0.336551
275612	0.354974
239848	0.734366
399608	0.709721
311693	0.470793
155350	0.292277
419522	0.224587
269873	0.442037
81805	0.283369
287630	0.318423
344020	0.297644
195291	0.315568
11271	0.196587
312066	0.239134
195451	0.115818
270234	0.128725
393697	0.283137
331534	0.167170
234718	0.347535
12022	0.217902
376775	0.273702
69907	0.205746
116023	0.312852
83187	0.257837
149538	0.352576
358483	0.229893
54389	0.183913
54390	0.210939
54394	0.255136
103669	0.274908
196874	0.206854
217702	0.187489
42201	0.422405
409149	0.222527
63869	0.221138
235847	0.462393
130082	0.304502
345851	0.472639
123475	0.426750
13378	0.393618

2013050406130000002	0.944291
2013050406130000002	201305040613	http://www.nydailynews.com/news/national/aliens-exists-pols-article-1.1334951?localLinksEnabled=false	Former politicians convinced alien life exists and it has visited Earth - NY Daily News
383986	0.576577
224290	0.396574
212175	0.406640
410129	0.397186
14141	0.252173
272556	0.318834
1016	0.225504
360108	0.576316
14431	0.367246
131612	0.129066
347416	0.405891
272968	0.229114
45232	0.395615
159393	0.396337
46829	0.358379
250123	0.395987
47200	0.732289
119228	0.396713
348403	0.294730
66911	0.235334
159942	0.397486
146426	0.802895
322548	0.411510
362135	0.719348
226625	0.780317
49451	0.493370
107632	0.360528
50184	0.458079
50251	0.278548
50437	0.450667
50539	0.371558
134510	0.407073
18197	0.199874
82040	0.325473
299964	0.354736
364153	0.197870
108661	0.839553
350716	0.398487
96029	0.408930
388145	0.332321
400887	0.256437
276690	0.442830
96440	0.396658
217074	0.301448
175558	0.238359
149424	0.347578
110019	0.483622
278036	0.715633
55883	0.305104
176903	0.317407
151461	0.263868
366768	0.275779
218970	0.396170
85488	0.622668
21736	0.333552
206194	0.414529
255460	0.321602
58537	0.342174
354958	0.175681
179220	0.484982
193123	0.748466
59826	0.944291
153814	0.303508
245163	0.371958
60400	0.284682
208137	0.493333
406434	0.306565
154177	0.146235
208276	0.448629
368988	0.892815
24272	0.415757
24297	0.372790
61023	0.220506
342943	0.524878
74120	0.230054
140936	0.268821
39370	0.471274
155437	0.406699
40218	0.401485
370204	0.437983
393697	0.544863
168248	0.391244
408171	0.425166
75825	0.230634
357905	0.195375
222697	0.396465
12250	0.409516
371015	0.395574
210578	0.180906
76407	0.324630
248103	0.477771
346013	0.360203

2013050402310000001	0.940128
2013050402310000001	201305040231	http://seattletimes.com/html/outdoors/2020901935_comingupcalendar05xml.html?syndication=rss	Coming up : events across the region | Outdoors | The Seattle Times
212329	1.694164
333911	0.582572
360132	0.421586
78446	0.488077
321009	0.554615
272949	1.180283
44920	0.683124
14832	0.390873
396756	0.990853
199489	0.552112
79054	0.744586
46751	1.009027
46964	0.350402
322021	1.458715
335408	0.595218
374156	0.653378
362486	0.510037
67837	0.517546
323937	1.163191
120949	0.587910
134358	0.754023
51310	1.044467
337301	0.677707
81933	0.953851
95803	0.250190
325178	1.252728
175530	1.173524
149794	0.625659
58138	0.993314
291300	0.521330
178553	0.560126
152709	0.975145
244877	0.677793
59826	0.940128
24370	1.650506
194662	0.896695
269778	1.084909
40918	0.432397
235847	0.700927

2013050819520000001	0.905678
2013050819520000001	201305081952	http://www.dailymail.co.uk/sciencetech/article-2321451/Spot-space-warp-Astronomers-ask-amateur-help-search-astronomical-UFO-abnormalities.html?ITO=1490&ns_mchannel=rss&ns_campaign=1490	Spot a space warp : Astronomers ask for amateur help in search for astronomical ` UFO ' abnormalities | Mail Online
409567	0.983174
346240	0.568611
117263	0.210841
283928	0.383574
117367	0.378610
359770	0.621014
43810	0.578923
359912	0.494109
131292	1.147567
28799	0.336392
44929	0.195811
249365	0.575013
334345	0.260856
321616	0.464012
46257	0.460042
297660	0.280982
411258	0.226243
250331	0.369626
93516	0.597193
66911	0.407610
172094	0.243819
298316	0.270350
119994	0.307225
251008	0.292632
80551	0.230787
187088	0.316601
336259	0.714506
107351	0.285141
349628	0.398975
50387	0.195115
50587	0.411058
337137	0.626998
121465	0.306930
216288	0.358424
108742	0.637825
364422	0.428230
122129	0.524721
300532	0.397467
53361	0.400528
228928	0.313733
19528	0.376374
110065	0.396036
97504	0.387173
289247	0.330546
289298	0.628325
366066	0.319117
340217	0.280140
327491	0.325909
218932	0.247627
99044	0.453760
354066	0.161924
57440	0.429358
191822	0.349623
58138	0.476284
206694	0.850746
8688	0.220183
152669	0.331567
219920	0.256658
231760	0.316042
58876	0.312410
59826	0.905678
329824	0.422674
292470	0.589437
73866	0.227122
221055	0.303094
305080	0.559407
381281	0.612591
180683	0.711168
245875	0.313771
269664	0.213274
74861	0.252903
194923	0.305351
343992	0.825834
62126	1.048460
40507	0.339139
209785	0.393213
102455	0.239748
182218	0.426586
394030	0.300661
282527	0.302828
271191	0.292916
247848	0.367830
64220	0.307579
13392	0.203539

2013050909480000005	0.884687
2013050909480000005	201305090948	http://uk.news.yahoo.com/ufos-welsh-valleys-084800766.html	UFOs in the Welsh Valleys - Yahoo ! News UK
43194	0.339580
130752	0.297895
130854	0.258111
14141	0.312787
236844	0.442477
44286	0.417250
144751	0.274686
14444	0.211274
14600	0.336725
44929	0.138396
284921	0.332856
45240	0.198508
45299	0.268013
385157	0.328301
66531	0.294864
47516	0.298097
348556	0.265290
374176	0.400076
310643	0.499574
250956	0.500956
323171	0.466166
49439	0.291808
349628	0.517720
251521	0.247247
323827	0.384844
50587	0.493873
412830	0.252489
134495	0.538021
311590	0.921945
18197	0.196445
375943	0.400676
252157	0.354274
216312	0.325663
312073	0.294937
108805	0.624208
240730	0.322380
109091	0.284284
175415	0.257291
265051	0.294763
149635	0.444824
313645	0.166183
6457	0.363612
339445	0.403521
278036	0.628730
204666	0.251959
35046	0.337209
21125	0.552369
177308	0.491155
218932	0.249595
151461	0.362888
85179	0.388634
151566	0.422950
302649	0.423538
390486	0.248679
36172	0.574438
85989	0.502285
192292	0.383183
8558	0.305252
178553	0.310063
165814	0.806414
179220	0.458671
193078	0.371025
256061	0.410439
59826	0.884687
355984	0.592453
60624	0.305473
330082	0.429466
113616	0.438563
24272	0.413024
180760	0.200224
221522	0.287778
10812	0.408283
344020	0.348937
40283	0.268601
11270	0.265830
11271	0.196281
370378	0.229682
195531	0.252401
331534	0.300489
182130	0.273200
75825	0.207876
370759	0.421152
357905	0.196730
370822	0.464651
102992	0.227286
371015	0.317239
371055	0.342679
116023	0.325204
383186	0.237303
196874	0.354573
63999	0.200722
235847	0.447232

2013050322440000007	0.830824
2013050322440000007	201305032244	http://www.sltrib.com/sltrib/politics/56258164-90/evidence-cook-alien-extraterrestrial.html.csp	After ` hearings , ' former Utah congressman still unsure of alien life | The Salt Lake Tribune
236143	0.539148
197634	0.368542
359404	0.447150
184032	0.311844
383986	0.451505
77578	0.375325
130855	0.257568
372730	0.508701
1016	0.150909
360108	0.744171
308492	0.363425
131612	0.137287
1443	0.206002
65788	0.301877
321614	0.285886
46174	0.290250
411543	0.319985
348403	0.442385
250331	0.386241
47516	0.400096
106401	0.229243
322548	0.543190
298316	0.235270
172474	0.413498
94235	0.622313
200838	0.566037
226625	0.945027
80551	0.246011
49451	0.360125
187249	0.346353
107632	0.437987
50387	0.143667
18197	0.236989
108292	0.472205
216312	0.262047
364153	0.217986
228113	0.184995
96029	0.351984
276690	0.324330
19294	0.539089
53578	0.190148
228928	0.267589
351949	0.255576
70512	0.647313
150422	0.316122
55612	0.217335
278036	0.702826
402965	0.441978
176903	0.248202
390218	0.169891
151461	0.282228
366768	0.309803
85179	0.481877
278723	0.334573
177579	0.690105
21736	0.406391
206194	0.316923
279296	0.465104
303485	0.281523
22772	0.377656
255460	0.262129
58537	0.464665
354958	0.190228
232035	0.449143
355330	0.479348
193123	0.522206
59826	0.830824
280547	0.496647
355976	0.262169
60361	0.321416
73866	0.232074
61023	0.266481
342943	0.416046
24355	0.150628
180751	0.217094
419522	0.269004
381885	0.596361
381889	0.419683
40115	0.250846
370204	0.368143
168248	0.510123
196142	0.403887
420627	0.351996
383186	0.233105
63522	0.248478
196809	0.283407
383264	0.342872
394979	0.717380
116475	0.245042

2013050211050000001	0.820424
2013050211050000001	201305021105	http://examiner.com/article/tiny-alien-skeleton-atacama-humanoid-has-human-dna?cid=Editorial-NearYou-HP-RecentArticles	Tiny ` alien ' skeleton : Atacama Humanoid has human DNA - National Top News | Examiner.com
43194	0.294308
383986	0.456282
236636	0.400062
184448	0.681896
1016	0.178186
347117	0.655589
44929	0.165928
224934	1.196268
385157	0.371143
66484	0.427729
348403	0.414516
262176	0.794466
93578	0.634320
411901	1.123376
48953	0.728812
49048	0.509394
107082	0.322540
226625	0.788674
17120	0.311177
80818	0.254506
187249	0.462049
50127	0.278715
120655	0.252364
50251	0.242384
81805	0.375648
350716	0.474870
324768	0.366856
288012	0.405228
388374	0.775563
265286	0.436160
351970	0.263990
190010	0.343951
278036	0.897236
266136	0.309524
327491	0.266922
302698	0.220783
404008	0.434259
21736	0.429025
57440	0.522086
125416	0.131805
125584	0.534399
86415	0.582328
23001	0.182181
368067	1.071999
355346	0.240576
153175	0.657552
355510	0.510510
153363	0.715134
59826	0.820424
140068	0.449276
9814	0.350937
73866	0.262544
368988	0.667314
369147	0.448660
61023	0.290206
74459	0.785940
140936	0.282024
194769	0.500209
10812	0.493406
40115	0.277386
370204	0.402496
115042	0.643092
41158	0.436455
62836	0.914458
210347	1.135459
294778	0.587634
210578	0.313819
210840	0.357616
235377	0.274526
421226	0.529589
104018	0.443623
346013	0.285271

2013050105510000003	0.794056
2013050105510000003	201305010551	http://www.nydailynews.com/news/politics/ex-u-s-reps-hold-faux-ufo-hearing-price-article-1.1331805?localLinksEnabled=false	Former members of Congress hold weird faux UFO hearing in Washington , after the price is right - NY Daily News
383986	0.353522
320137	0.185700
224290	0.330312
28523	0.260069
410129	0.330448
353376	0.178054
366768	0.340520
218970	0.325422
1016	0.123408
278723	0.272797
14520	0.825857
177579	0.721060
29100	0.238444
21677	0.404591
85488	0.446874
72121	0.471016
21736	0.251115
321008	0.605342
347416	0.333830
360626	0.143839
45232	0.329265
45299	0.213410
367331	0.256976
373326	0.268397
206194	0.240423
92633	0.236509
159393	0.330367
273663	0.459767
165506	0.517754
46829	0.298842
255460	0.291588
58537	0.351140
354958	0.148970
250123	0.329086
397732	0.200371
171902	0.256467
186042	0.198257
47200	0.752691
119228	0.330303
66911	0.196088
391685	0.297988
255718	0.338138
159942	0.330575
106400	0.145858
106401	0.165577
106478	0.192089
362135	0.673462
59826	0.794056
356124	0.280516
200838	0.566057
245163	0.308779
226625	0.537377
406434	0.254865
208276	0.303465
49451	0.481701
368988	0.586509
120367	0.139910
24272	0.348077
24297	0.310980
107632	0.374002
50251	0.223565
50437	0.400108
50539	0.308559
180751	0.181666
407078	0.357610
50880	0.349932
134510	0.334483
61743	0.316023
51529	0.427303
155437	0.334281
174195	0.494967
62066	0.170655
102226	0.360867
40218	0.330100
370204	0.372457
299964	0.296151
364153	0.212942
108661	0.787643
195451	0.132845
216481	0.258903
216493	0.263471
324768	0.301135
393697	0.473863
388145	0.272890
276690	0.271255
96440	0.331280
12066	0.247163
222697	0.330858
12250	0.371067
175558	0.197173
53808	0.361528
358299	0.329696
408791	0.854138
358432	0.589880
76407	0.269685
383264	0.400414
229161	0.599812
289126	0.396027
204132	0.352924
346013	0.231940

2013050300590000001	0.739179
2013050300590000001	201305030059	http://www.examiner.com/article/paranormal-day-best-paranormal-movies-to-get-you-the-spirit	Paranormal Day : Best paranormal movies to get you in the ` spirit ' - National Holidays | Examiner.com
130720	0.284996
117507	0.738933
144751	0.318482
170731	0.313101
14444	0.193633
78273	0.691263
29100	0.303949
198882	0.420642
44922	0.440503
65611	0.495310
321246	0.878292
373244	0.315138
321326	0.463130
145696	0.813784
46515	0.626380
132611	0.770537
171857	0.303448
106400	0.239904
374176	0.428741
160220	0.524928
120123	1.063487
17120	0.274436
50112	1.186083
350009	0.598135
336960	0.455117
18197	0.340050
375965	0.390034
216312	0.360783
228046	0.467145
4987	0.776674
240770	0.999991
188897	0.270514
53045	0.445843
376746	0.959594
377090	0.348963
338559	0.237509
54749	0.394781
54809	0.434841
97720	0.801906
55612	0.369520
278036	0.752805
415446	0.385671
278941	0.688527
416562	0.773381
404263	0.380533
178473	0.516712
165548	0.465837
279830	0.664351
207151	0.229861
59030	0.542948
355346	0.411669
355366	0.490805
59826	0.739179
244952	0.632850
113210	1.257616
268777	0.454182
24355	0.179059
74232	0.454450
24587	0.353510
194293	0.228711
10812	0.509070
194882	0.370291
40115	0.202468
11270	0.381406
102561	0.445690
270439	0.373158
246925	0.379163
196162	0.686669
116023	0.455112
196902	0.736998
247779	0.233638
421226	0.467908
104018	0.496695
64037	0.268178
13392	0.218422

2013050123340000006	0.710394
2013050123340000006	201305012334	http://ireport.cnn.com/docs/DOC-966488?ref=feeds/latest	If TRUTH is controversial ... - CNN iReport
383787	0.550476
184032	0.322282
383986	0.723269
224196	0.470211
130858	0.450908
28523	0.347151
260318	0.298864
372730	0.500181
396307	0.409871
224630	0.758023
372975	0.647823
347615	0.923709
249500	1.113217
15052	0.639627
385119	0.364338
321614	0.295412
118855	0.268763
47200	0.742403
47683	0.207382
106443	0.251990
348556	0.326750
362135	0.662799
49198	0.721869
239153	0.549685
49387	0.924923
49451	0.452254
412507	0.366059
107632	0.437315
349544	0.288434
4219	0.721745
399890	0.315319
202156	0.375078
148121	0.802658
299844	0.256583
174521	0.300560
228113	0.183134
5221	0.344486
276690	0.397121
162688	0.240971
97875	0.460649
55612	0.267732
278036	0.523985
339853	0.547537
390046	0.294995
340217	0.314636
7444	0.303642
219101	0.971783
58138	0.626208
86605	0.332404
255460	0.221241
58537	0.437772
368273	0.247881
37348	0.375645
391894	0.723881
59826	0.710394
392260	0.229557
356382	0.306761
24272	0.441583
24297	0.457858
342943	0.613502
38841	0.285781
141018	0.322983
74861	0.334578
25581	0.650060
195451	0.150360
370378	0.249180
270454	0.330032
26270	0.442250
11988	0.565610
89675	0.218886
420627	0.423052
235377	0.295967
408963	0.377443

2013050911070000009	0.701790
2013050911070000009	201305091107	http://www.dailymail.co.uk/sciencetech/article-2321836/Green-fireball-meteor-spotted-shooting-UK-150-000-miles-hour.html?ITO=1490&ns_mchannel=rss&ns_campaign=1490	Green ` fireball ' meteor spotted shooting across the UK at 150,000 miles per hour | Mail Online
409567	0.578274
333526	0.216506
130850	0.522691
346880	0.795521
236844	0.375259
144751	0.244773
14444	0.260632
45056	0.415523
46257	0.439710
132640	0.225852
132670	0.272771
361551	0.427932
47516	0.374415
106401	0.232281
398035	0.787899
374176	0.357368
298316	0.219327
50056	0.632324
17389	0.708623
17593	0.595011
50587	0.449386
50895	0.393874
4281	0.191613
18197	0.281980
299905	0.594567
216288	0.433269
241027	0.518602
122329	0.364920
69907	0.330667
149255	0.550760
264924	0.739595
33890	0.332028
388892	0.301095
19632	0.397791
109894	0.447298
253131	0.373951
351970	0.281222
97817	0.666992
204630	0.191320
339771	0.257440
177536	0.640460
138199	0.351614
205852	0.551017
354066	0.154846
354071	1.116596
191822	0.389817
354401	0.392816
125416	0.113781
303485	0.276603
178573	1.065480
354888	0.517622
86700	0.244884
58537	0.309384
192800	0.297351
244453	0.365930
153181	0.753464
232145	0.612368
153369	0.438568
100381	0.726520
59826	0.701790
73866	0.217121
24272	0.351617
127183	1.274908
74091	0.394267
221055	0.212646
317051	0.352095
61090	0.446771
208736	0.373407
24737	0.583098
180801	0.223730
38841	0.249694
221522	0.299283
39370	0.373364
114434	0.377661
343776	0.314094
25396	0.778305
167904	0.319753
370204	0.332202
195451	0.144388
195531	0.271475
128628	0.485270
331534	0.223323
12022	0.292603
247518	0.265460
196874	0.257109
247772	0.442965
64220	0.213130
13392	0.194675

2013050616320000009	0.680579
2013050616320000009	201305061632	http://www.dailymail.co.uk/sciencetech/article-2320252/Is-bird-Is-plane-No-UFO-tree-tent--latest-trend-UK-glamping.html?ITO=1490&ns_mchannel=rss&ns_campaign=1490	Is it a bird ? Is it a plane ? No it 's a UFO ` tree tent ' - the latest trend in UK glamping | Mail Online
346240	0.290579
223952	1.028620
144136	0.268340
43693	0.261436
144232	0.237339
410048	0.407398
212401	0.467244
14444	0.144618
29100	0.244584
131677	0.231988
131772	0.254186
44929	0.159326
273013	0.377768
360968	0.425973
79054	0.242434
46174	0.256772
46257	0.386649
145822	0.404194
199816	0.489620
238186	0.444761
322546	0.332736
298316	0.192809
322637	0.204499
226299	0.552895
238951	0.254938
107276	0.249181
120655	0.209078
349628	0.241009
120809	0.319294
227448	0.395570
239987	0.411361
51561	0.595589
337172	0.303103
364013	0.397569
400362	0.397690
400395	0.711427
188410	0.418445
252299	0.256678
188718	0.617137
325008	0.760675
401493	0.898776
265051	0.335594
241463	0.414520
53849	0.805313
300937	0.604181
351970	0.200673
217732	0.451768
54645	0.208102
70555	0.495002
123215	0.605651
415306	0.436968
266027	0.544202
366066	0.268522
204575	0.297951
6898	0.541016
339798	0.440078
111175	0.227463
151424	0.828489
366907	0.246529
404015	0.614375
354066	0.136276
341088	0.395683
354281	0.560645
303150	0.280462
178155	0.655918
57800	0.208293
8341	0.449188
243922	0.624376
192290	0.338756
139476	0.226152
153437	0.693167
304317	0.799470
59826	0.680579
73671	0.207029
193558	0.287664
73866	0.190976
208464	0.943379
154674	0.252638
140689	1.039510
208736	0.328080
194293	0.195039
114397	0.522122
39498	0.449540
25396	0.684016
61980	0.648315
40049	0.232129
40713	0.249938
102564	0.534997
420170	0.227654
258320	0.399794
270886	0.290951
210578	0.152809
282724	0.159099
89997	0.590806
271191	0.242090
196809	0.340470
157101	0.638112
116438	0.525245
13378	0.388572
13392	0.171377

2013050109210000004	0.667219
2013050109210000004	201305010921	http://www.bbc.co.uk/news/uk-scotland-glasgow-west-22365368#sa-ns_mchannel=rss&ns_source=PublicRSS20-sa	BBC News - Airliner ` had narrow miss with UFO '
236329	0.520592
117263	0.225091
91405	0.331627
347065	0.297978
44924	0.452721
65643	0.556665
273058	0.266678
321143	0.306402
334467	0.382829
225034	0.756514
46475	0.753604
46523	0.305165
132640	0.228766
225709	0.366894
171801	0.389979
186013	0.287437
309950	0.337688
47516	0.462071
411879	0.445497
362149	0.290900
133421	0.266690
147255	0.708492
133936	0.263805
399320	0.354715
349628	0.293554
187556	0.258337
287070	0.362063
400172	0.251188
174437	0.379680
108697	0.219564
33166	1.024541
388145	0.315060
188897	0.228055
240889	0.284150
175065	0.555791
149323	0.832732
136107	0.297509
402186	0.366842
339186	0.357583
204630	0.192271
353329	0.415914
85179	0.655468
205569	0.382768
85306	0.287851
390486	0.364946
138199	0.252277
191765	0.232242
111872	0.465047
404424	0.391188
279296	0.629747
99505	0.391048
125416	0.191290
367618	1.590773
57932	0.278382
315568	0.558653
8558	0.369163
354958	0.178644
178851	0.287567
73102	0.383029
59266	0.347386
139694	0.376147
280252	0.541125
418116	0.729966
37702	0.307960
59826	0.667219
60400	0.326675
256911	0.473125
180801	0.247064
38841	0.350109
257306	0.413249
269664	0.201373
381885	0.564296
40049	0.251619
11237	0.313895
40622	0.355664
195451	0.140985
257981	0.615594
102498	0.457554
182130	0.295500
306353	0.549711
12166	0.350887
89854	0.853608
408761	1.286892
247518	0.263387
383196	0.698784
196874	0.213353
235847	0.591279

2013050216510000014	0.633532
2013050216510000014	201305021651	http://news.yahoo.com/1st-meteorites-1908-tunguska-explosion-possibly-found-155101604.html	1st Meteorites from 1908 Tunguska Explosion Possibly Found - Yahoo ! News
346240	0.298385
333486	0.338256
395985	0.897863
260269	0.315459
333889	0.315018
144751	0.178278
410373	0.361791
78446	0.205772
321009	0.300349
44929	0.132611
334345	0.331469
45758	0.354232
360963	0.972685
92959	0.666157
373735	0.509882
335000	0.335893
66484	0.330706
79467	0.401593
373915	0.918168
171911	0.815212
160314	0.379536
251064	0.348137
80633	0.254686
187249	0.379822
107627	0.302125
17419	0.217721
400262	0.423392
350603	0.431490
5221	0.295207
109172	0.554960
122188	0.338707
312550	0.593026
53045	0.391735
217101	0.276003
33631	0.348806
69983	0.384637
277158	0.277693
136145	0.298552
109952	0.619034
288927	0.505714
190010	0.340170
253570	0.263271
289247	0.340561
20294	0.626365
218169	0.220752
55612	0.229383
136973	0.242226
176505	0.415553
6765	0.532258
6833	0.388926
204630	0.182377
339771	0.235132
7193	0.458995
390046	0.261363
35419	1.494728
21354	0.244786
404008	0.396952
379350	0.503929
267466	0.989993
354692	0.328199
178573	0.740641
112319	0.568946
58537	0.316856
291448	0.620400
178785	0.699391
192800	0.325828
178984	0.338069
178998	0.417719
193192	0.575957
59826	0.633532
316603	0.235314
392296	0.415559
87889	0.609477
113602	0.490347
304815	0.570978
292918	0.600663
38765	0.370189
317426	0.498571
140936	0.214514
194678	0.179200
74861	0.260273
25230	0.332450
141258	0.285753
369915	0.419781
194923	0.242429
62066	0.224393
370204	0.503144
141763	1.458552
89308	0.347089
128628	0.518666
282218	0.598904
258320	0.386429
210578	0.186132
156664	0.516635
129469	0.437515
157101	0.375592
76661	0.303636
409149	0.252763
271567	0.997100
346013	0.290996

