20130501
59
20130703 20130711

2013070920350000003	1.250747
2013070920350000003	201307092035	http://www.examiner.com/list/happy-anniversary-roswell-the-10-top-alien-encounter-movies?cid=rss	Happy anniversary , Roswell : the 10 top alien encounter movies - National Fanboys | Examiner.com
333526	0.435142
78406	0.437820
321143	0.590077
47516	0.601585
361872	1.410461
250585	1.341727
262628	1.329249
350716	0.839089
312249	0.853060
337880	1.401572
376913	0.619258
278036	1.084802
125416	0.246869
8688	0.518503
244269	1.266735
59826	1.250747
73608	1.068439
60400	0.534653
180801	0.506751
10812	0.873780
269832	0.585374
370204	0.719272
294939	1.467197
116139	0.798280

2013070810190000001	1.217363
2013070810190000001	201307081019	http://www.telegraph.co.uk/technology/google/google-doodle/10165988/Google-Doodle-celebrates-66-years-since-Roswell-UFO-incident.html	Google Doodle celebrates 66 years since Roswell UFO incident - Telegraph
158022	0.289076
43872	0.512330
296589	0.262974
333892	0.233766
1016	0.179657
260493	0.740903
360132	0.324590
78406	0.227200
334345	0.335762
65706	0.418611
261064	0.265377
396873	0.383313
225396	1.356353
47516	0.428657
172094	0.260110
262628	0.791964
81091	0.567149
51163	0.722305
95803	0.197964
96113	1.099360
148766	1.295019
337880	0.838177
376913	0.414187
402186	0.606513
265547	1.296337
278036	0.865335
204630	0.248489
176903	0.396735
152299	0.260953
125416	0.169355
99650	0.245673
8688	0.372125
244174	0.705236
58537	0.359380
405325	0.324713
207151	0.241432
59051	1.336286
59826	1.217363
60442	0.197400
140936	0.381645
10812	0.700217
419522	0.300754
269832	0.353999
39857	0.541110
167904	0.387082
40049	0.278809
11271	0.216329
370204	0.573555
26373	0.683949
282527	0.331015
258519	0.462057
294939	1.515796
282907	0.257422
182944	0.899074
271191	0.393056
116139	0.576410
283280	0.620473
345590	0.305698

2013070918260000008	1.150450
2013070918260000008	201307091826	http://blogs.providencejournal.com/arts-entertainment/subterranean/2013/07/roswell-at-66-play-google-doodle-to-send-the-alien-home.html	Roswell at 66 : Play Google doodle to send the alien home | Subterranean Blog | providencejournal.com | The Providence Journal
28510	0.547541
260493	0.632490
1197	1.098077
396873	0.625569
225396	1.362705
106491	0.280093
187249	0.581324
147740	0.532860
215972	0.321866
95803	0.308618
148766	1.401048
325773	0.928861
70173	1.018600
402186	0.680457
278036	1.020648
190752	0.678131
415793	0.489509
177720	0.733570
354066	0.300883
59826	1.150450
221522	0.568992
74861	0.476688
269832	0.675236
62353	0.669861
420490	0.369675
294939	1.600232
182902	0.460985
90199	0.906954
197026	0.563045
235847	0.881442

2013070520270000021	1.134964
2013070520270000021	201307052027	http://www.examiner.com/article/germanwings-strike-threat?cid=rss	Germanwings strike threat - National European travel | Examiner.com
130651	1.357447
296589	0.387219
28921	0.557775
44394	0.320034
321143	0.625983
285562	1.891460
171801	0.875543
322637	0.358800
108943	0.674683
188912	0.550822
276705	0.595688
276714	2.083603
96946	0.592760
19654	0.355562
55436	0.959861
340217	0.384406
138199	0.493328
279408	0.653475
58058	0.717755
59826	1.134964
193693	0.471222
232974	0.437521
392602	0.423215
61692	0.739432
74861	0.480755
11271	0.280006
89612	0.832907
420490	0.372111
358046	0.760988
358488	0.692472
383196	0.612822
395280	0.431483
130219	0.433088

2013070814070000003	1.103109
2013070814070000003	201307081407	http://feeds.nbcnews.com/c/35002/f/663301/s/2e5e132e/l/0L0Snbcnews0N0Ctechnology0Cgoogles0Eroswell0Eanniversary0Edoodle0Ewill0Eabduct0Eyour0Eproductivity0E6C10A566339/story01.htm	Google 's Roswell anniversary Doodle will abduct your productivity - NBC News.com
104292	0.712258
260493	0.664005
117941	0.403328
78406	0.224568
308780	0.241421
360626	0.235096
131905	0.548282
118399	0.339559
225396	1.050119
47516	0.406667
47996	0.516153
67731	0.677023
215183	0.368762
49825	0.241648
50045	0.321193
17631	0.397295
147740	0.377345
108257	0.649336
95803	0.281269
188316	0.265076
148766	1.072076
52943	0.459628
414527	0.267763
402186	0.523055
265547	1.395576
404424	0.418491
206150	0.384899
279296	0.403383
57832	0.435606
36650	0.642613
355241	0.290301
59051	1.489292
153369	0.370319
268189	0.651966
733738	1.110438
59826	1.103109
153814	0.410267
179933	0.809908
329780	0.302106
60400	0.368171
329886	0.422398
221055	0.307532
180530	0.442510
221824	0.471527
269832	0.486935
381885	0.525207
128330	0.536438
89308	0.378929
331534	0.264611
420308	0.618804
75825	0.257673
357905	0.268991
282527	0.419920
344987	0.558373
294939	1.146079
358319	0.529476
116139	0.423172
143098	0.412864
63869	0.463484

2013070710020000001	1.063809
2013070710020000001	201307071002	http://feeds.abcnews.com/c/35229/f/654824/s/2e508df5/l/0Labcnews0Bgo0N0Cblogs0Cheadlines0C20A130C0A70Csomething0Estrange0Ein0Ethe0Esky0C/story01.htm	Something Strange in the Sky - ABC News
229637	0.671143
98023	0.339891
84585	0.446977
204784	0.458223
130720	0.229989
91424	0.250108
98407	0.620090
43716	0.842166
131055	0.363612
43849	0.387808
43872	0.433780
111175	0.268123
7444	0.248890
278723	0.339119
403856	0.774776
184821	0.658633
78406	0.237683
404008	0.494901
78446	0.189516
384816	0.432215
44929	0.137172
367172	0.744350
261064	0.235135
65944	0.243348
15108	0.264148
279296	0.600723
125416	0.164864
79054	0.310527
261457	0.600103
405075	0.338817
244174	0.509023
86700	0.226864
22767	0.193956
192658	0.479564
361551	0.464379
405325	0.286595
238293	0.490463
58876	0.440679
30525	0.306763
47516	0.382895
66911	0.342339
139618	0.578562
418116	0.449452
59826	1.063809
262628	0.654005
200750	0.402182
49183	0.377948
187032	0.671381
107276	0.254682
386675	0.639483
187088	0.289840
24272	0.552121
24355	0.188713
17389	0.541211
349628	0.286093
50587	0.374343
17631	0.305595
299315	0.694496
227485	0.434887
4281	0.214427
25171	0.483191
88797	0.649556
269832	0.314368
276039	0.558228
381885	0.592957
324438	0.560568
40049	0.304239
195271	0.402563
350603	0.436666
364153	0.210429
350716	0.437931
96029	0.399612
18649	0.582037
102485	0.194178
102500	0.266775
96186	0.279561
96221	0.647468
337880	0.693235
26373	0.559006
288170	0.419863
62765	0.636623
12022	0.255346
357905	0.205465
210578	0.183564
247281	0.330659
294939	1.114170
149424	0.422350
408944	0.757349
217740	0.177393
54633	0.496904
70512	0.441061
289016	0.290069
54791	0.500121
358847	0.447614
54977	0.347333
289126	0.463105
236046	0.409156

2013070820320000003	1.045213
2013070820320000003	201307082032	http://www.cbsnews.com/8301-205_162-57592694/google-marks-66th-anniversary-of-roswell-ufo-sighting/	Google marks 66th anniversary of Roswell UFO sighting - CBS News
158022	0.405920
296589	0.324815
396211	0.605985
260493	0.625424
360132	0.376611
144838	0.271838
78406	0.273048
334345	0.351991
373107	0.504811
78891	0.431864
225396	1.186521
46424	0.396944
199829	0.519197
47516	0.408650
106521	0.424796
262628	0.906799
386441	0.368799
107351	0.206217
51163	0.512267
400172	0.301159
95803	0.208669
4830	0.309243
300044	0.429525
188718	0.621348
148766	1.178407
337880	0.960330
149384	0.403394
217740	0.249134
265547	1.387134
278036	0.736475
339695	0.307756
366330	0.565516
266284	0.562578
390301	0.453171
177792	0.430719
354066	0.242979
279084	0.399260
354284	0.247610
57800	0.236914
125416	0.183107
291300	0.403217
8688	0.315420
58464	0.392996
354932	0.582529
125840	0.571985
58674	0.290232
59826	1.045213
406578	0.472159
24272	0.724299
24355	0.182580
24783	0.525443
194923	0.293328
167904	0.446594
420308	0.601411
408625	0.464228
294939	1.271761
116139	0.672712
196874	0.278596
247779	0.244680

2013070901040000002	0.995447
2013070901040000002	201307090104	http://examiner.com/article/google-doodle-celebrates-roswell-ufo-anniversary-how-to-solve-the-puzzle	Google Doodle celebrates Roswell UFO anniversary ; how to solve the puzzle - National Technology | Examiner.com
184032	0.365414
260493	0.501804
360132	0.235496
29100	0.380799
78406	0.243858
249365	0.470476
131905	0.422069
132008	0.352935
261064	0.291983
373300	0.281274
199245	0.214081
65944	0.195583
225396	0.722111
119076	0.318166
47516	0.399809
47683	0.174582
48164	0.494416
262628	0.750695
120367	0.171220
362856	0.586890
31610	0.420218
215183	0.297885
215211	0.307648
107639	0.173644
17389	0.418639
51163	0.413302
95803	0.201240
400312	0.427415
108938	0.584164
312308	0.345154
188718	0.512185
109091	0.298379
148766	1.040666
337880	0.794661
69793	0.196380
376913	0.391828
162688	0.202596
401559	0.312768
402186	0.422513
265547	0.850430
253570	0.252904
98023	0.335716
278036	0.510247
204630	0.211928
339624	0.637724
190583	0.405795
390018	0.346624
230291	0.233256
151623	0.354364
35600	0.357514
177686	0.252699
279084	0.340885
72453	0.400471
279296	0.528641
303150	0.277161
57811	0.470506
125416	0.168480
354540	0.434029
22767	0.172608
58561	0.184304
405325	0.287776
23001	0.156200
59051	0.878755
355353	0.328738
291775	0.564216
37571	0.375771
59826	0.995447
73608	0.561175
280574	0.420440
316603	0.238349
392185	0.450897
60400	0.331383
60442	0.169617
342770	0.379928
221522	0.424132
141258	0.271817
269832	0.442964
40049	0.303936
195488	0.409552
102485	0.192919
420308	0.472462
294939	1.020327
182944	0.980100
116139	0.513862
383196	0.378583
235847	0.659607
359149	0.329628
236046	0.406532
421578	0.762932

2013070814160000010	0.995447
2013070814160000010	201307081416	http://www.examiner.com/article/google-doodle-celebrates-roswell-ufo-anniversary-how-to-solve-the-puzzle?cid=rss	Google Doodle celebrates Roswell UFO anniversary ; how to solve the puzzle - National Technology | Examiner.com
184032	0.365414
260493	0.501804
360132	0.235496
29100	0.380799
78406	0.243858
249365	0.470476
131905	0.422069
132008	0.352935
261064	0.291983
373300	0.281274
199245	0.214081
65944	0.195583
225396	0.722111
119076	0.318166
47516	0.399809
47683	0.174582
48164	0.494416
262628	0.750695
120367	0.171220
362856	0.586890
31610	0.420218
215183	0.297885
215211	0.307648
107639	0.173644
17389	0.418639
51163	0.413302
95803	0.201240
400312	0.427415
108938	0.584164
312308	0.345154
188718	0.512185
109091	0.298379
148766	1.040666
337880	0.794661
69793	0.196380
376913	0.391828
162688	0.202596
401559	0.312768
402186	0.422513
265547	0.850430
253570	0.252904
98023	0.335716
278036	0.510247
204630	0.211928
339624	0.637724
190583	0.405795
390018	0.346624
230291	0.233256
151623	0.354364
35600	0.357514
177686	0.252699
279084	0.340885
72453	0.400471
279296	0.528641
303150	0.277161
57811	0.470506
125416	0.168480
354540	0.434029
22767	0.172608
58561	0.184304
405325	0.287776
23001	0.156200
59051	0.878755
355353	0.328738
291775	0.564216
37571	0.375771
59826	0.995447
73608	0.561175
280574	0.420440
316603	0.238349
392185	0.450897
60400	0.331383
60442	0.169617
342770	0.379928
221522	0.424132
141258	0.271817
269832	0.442964
40049	0.303936
195488	0.409552
102485	0.192919
420308	0.472462
294939	1.020327
182944	0.980100
116139	0.513862
383196	0.378583
235847	0.659607
359149	0.329628
236046	0.406532
421578	0.762932

2013070612420000004	0.988427
2013070612420000004	201307061242	http://au.news.yahoo.com/latest/a/-/article/17896249/germanwings-escape-strikes-after-pay-compromise/	Germanwings escape strikes after pay compromise - Yahoo ! 7
6596	0.270276
197702	0.496228
346436	0.641570
130651	1.241707
130799	0.637131
43550	0.339480
218786	0.342717
230291	0.312506
198291	0.624204
347167	0.459648
14444	0.227799
131612	0.158394
71996	0.315205
7864	0.691812
65611	0.478820
321143	0.571211
373300	0.408521
206186	0.492421
279408	0.595377
58058	0.429843
86546	0.292263
354850	0.512686
285562	1.033843
30328	0.419447
23001	0.190595
153064	0.434107
385929	0.357950
226161	0.392791
59826	0.988427
60210	0.221771
67616	0.476813
193693	0.454029
187026	0.343463
94528	0.294642
38293	0.611501
120419	0.329628
304897	0.360903
317075	0.395931
245924	0.396078
68443	0.840470
512298	1.588460
51272	0.315090
715859	1.298272
270234	0.247577
240828	0.500154
276714	1.766494
52934	0.580969
96946	0.527997
283285	0.250613
55436	0.873797

2013070901120000002	0.961250
2013070901120000002	201307090112	http://feeds.nbcnews.com/c/35002/f/663303/s/2e6279f1/l/0L0Snbcnews0N0Cscience0Cafter0E660Eyears0Eroswell0Eufo0Eincident0Ebelongs0Eages0E6C10A570A916/story01.htm	After 66 years , the Roswell UFO incident belongs to the ages - NBC News.com
346240	0.342256
117367	0.443460
333526	0.304910
170588	0.686031
260493	0.358675
360132	0.235921
158581	0.332645
131612	0.138850
78406	0.206672
78594	0.250338
373142	0.745828
261064	0.277957
225396	0.754730
132640	0.214744
335194	0.597517
47516	0.450411
262628	0.994991
274669	0.660915
172653	0.602699
362856	0.595786
50387	0.173097
263488	0.740753
400178	0.251509
95803	0.171415
174521	0.288255
148766	0.669712
337880	0.949397
52771	0.473280
217074	0.398719
33631	0.377162
149424	0.365108
203468	0.573257
402186	0.440952
242063	0.767771
97670	0.465820
313645	0.170391
55612	0.232968
278036	0.502096
20564	0.699673
98294	0.274322
84695	0.433707
353280	0.319609
151655	0.397744
205569	0.295763
302698	0.211316
151748	0.414998
164856	0.372292
354401	0.472665
125416	0.177434
354692	0.365034
8688	0.231432
354921	0.251678
279866	0.407353
315910	0.485039
355241	0.312935
59051	0.923955
380184	0.724053
59826	0.961250
329776	0.310000
392252	0.216270
342770	0.546687
113615	0.490642
369047	0.388648
381004	0.608520
24272	0.385705
61023	0.244271
140759	0.274628
180751	0.235509
330676	0.339616
269832	0.346601
40049	0.299860
102455	0.252249
102485	0.199004
40922	0.728164
306441	0.548634
420490	0.215018
210578	0.183607
294939	1.215588
247418	0.836169
116139	0.436691
295400	0.465780
235847	0.552321
130219	0.294344
236046	0.419057

2013070900120000003	0.961250
2013070900120000003	201307090012	http://feeds.nbcnews.com/c/35002/f/663303/s/2e6279f1/l/0L0Snbcnews0N0Cscience0Cafter0E660Eyears0Eroswell0Eufo0Eincident0Ebelongs0Eages0E6C10A570A916/story01.htm	After 66 years , the Roswell UFO incident belongs to the ages - NBC News.com
346240	0.342256
117367	0.443460
333526	0.304910
170588	0.686031
260493	0.358675
360132	0.235921
158581	0.332645
131612	0.138850
78406	0.206672
78594	0.250338
373142	0.745828
261064	0.277957
225396	0.754730
132640	0.214744
335194	0.597517
47516	0.450411
262628	0.994991
274669	0.660915
172653	0.602699
362856	0.595786
50387	0.173097
263488	0.740753
400178	0.251509
95803	0.171415
174521	0.288255
148766	0.669712
337880	0.949397
52771	0.473280
217074	0.398719
33631	0.377162
149424	0.365108
203468	0.573257
402186	0.440952
242063	0.767771
97670	0.465820
313645	0.170391
55612	0.232968
278036	0.502096
20564	0.699673
98294	0.274322
84695	0.433707
353280	0.319609
151655	0.397744
205569	0.295763
302698	0.211316
151748	0.414998
164856	0.372292
354401	0.472665
125416	0.177434
354692	0.365034
8688	0.231432
354921	0.251678
279866	0.407353
315910	0.485039
355241	0.312935
59051	0.923955
380184	0.724053
59826	0.961250
329776	0.310000
392252	0.216270
342770	0.546687
113615	0.490642
369047	0.388648
381004	0.608520
24272	0.385705
61023	0.244271
140759	0.274628
180751	0.235509
330676	0.339616
269832	0.346601
40049	0.299860
102455	0.252249
102485	0.199004
40922	0.728164
306441	0.548634
420490	0.215018
210578	0.183607
294939	1.215588
247418	0.836169
116139	0.436691
295400	0.465780
235847	0.552321
130219	0.294344
236046	0.419057

2013070818170000010	0.931568
2013070818170000010	201307081817	http://www.examiner.com/article/british-astronomers-lobby-for-1-million-to-look-for-extraterrestrial-life?cid=rss	British astronomers lobby for ? 1 million to look for extraterrestrial life - National News | Examiner.com
346240	0.469205
372394	0.419550
1016	0.312371
44394	0.272164
45758	0.438601
146217	0.537649
93525	0.416165
106443	0.299300
226625	0.891588
107351	0.234571
187249	0.594532
4312	0.566484
311609	0.574626
18197	0.274245
299844	0.305033
95740	0.382339
148291	0.480148
69427	0.610577
5221	0.526016
217101	0.461223
69793	0.285411
69907	0.442265
6099	0.481970
402186	0.446899
265547	1.235716
278036	0.697055
390218	0.225600
125416	0.168494
23001	0.217337
59051	1.272958
153175	0.547517
9384	0.256523
59826	0.931568
73671	0.352040
60442	0.242390
193693	0.430604
342943	0.560136
194257	1.334141
270234	0.248703
306086	0.378522
11756	0.455564
357905	0.297296
282527	0.373946
394238	0.300150
420646	1.059106
294939	1.014908
116139	0.537108
420943	0.637185
346013	0.427471
64220	0.338647

2013070612270000003	0.922223
2013070612270000003	201307061227	http://uk.news.yahoo.com/germanwings-escape-strikes-pay-compromise-122717724.html	Germanwings escape strikes after pay compromise - Yahoo ! News UK
6596	0.250182
197702	0.463666
346436	0.587520
130651	1.162249
130799	0.589623
43550	0.314830
218786	0.319503
230291	0.292384
198291	0.577025
333924	0.794057
28921	0.409161
347167	0.433172
14444	0.212132
131612	0.161905
71996	0.296329
7864	0.638976
65611	0.472385
321143	0.534304
373300	0.377236
206186	0.451073
105695	0.336433
279408	0.544895
58058	0.402336
86546	0.271444
354850	0.475006
285562	1.216892
22767	0.204394
30328	0.399550
23001	0.178212
153064	0.400620
385929	0.329318
226161	0.363262
59826	0.922223
60210	0.206633
67616	0.439503
356124	0.316298
193693	0.426322
187026	0.339147
356282	0.410990
94528	0.275880
38293	0.578928
120419	0.308329
304897	0.333200
317075	0.374670
245924	0.365376
68443	0.770372
512298	1.480735
51272	0.290322
39372	0.359910
715859	1.206410
270234	0.227373
202634	0.359177
240828	0.462759
276705	0.474462
276714	1.672122
52934	0.533377
96946	0.495975
283285	0.229931
55436	0.816807
734999	1.368422

2013070613270000002	0.922223
2013070613270000002	201307061327	http://uk.news.yahoo.com/germanwings-escape-strikes-pay-compromise-122717724.html	Germanwings escape strikes after pay compromise - Yahoo ! News UK
197702	0.463666
346436	0.587520
130651	1.162249
130799	0.589623
43550	0.314830
198291	0.577025
333924	0.794057
28921	0.409161
347167	0.433172
14444	0.212132
131612	0.161905
65611	0.472385
321143	0.534304
373300	0.377236
105695	0.336433
285562	1.216892
30328	0.399550
385929	0.329318
226161	0.363262
67616	0.439503
187026	0.339147
94528	0.275880
120419	0.308329
68443	0.770372
51272	0.290322
715859	1.206410
202634	0.359177
240828	0.462759
276705	0.474462
276714	1.672122
52934	0.533377
96946	0.495975
55436	0.816807
6596	0.250182
218786	0.319503
230291	0.292384
71996	0.296329
7864	0.638976
206186	0.451073
279408	0.544895
58058	0.402336
86546	0.271444
354850	0.475006
22767	0.204394
23001	0.178212
153064	0.400620
59826	0.922223
60210	0.206633
356124	0.316298
193693	0.426322
356282	0.410990
38293	0.578928
304897	0.333200
317075	0.374670
245924	0.365376
512298	1.480735
39372	0.359910
270234	0.227373
283285	0.229931
734999	1.368422

2013070805560000010	0.918153
2013070805560000010	201307080556	http://www.guardian.co.uk/world/feedarticle/10873375	Egypt military official : gunmen kill 5 Morsi supporters outside presidential guard building | World news | The Guardian
43195	0.975946
410048	0.715892
333678	0.466274
1002	0.513823
260493	0.475502
360132	0.330098
144772	0.565158
184778	0.593980
308780	0.281791
15064	0.408141
171271	0.723042
396990	0.665005
225396	1.025620
119076	0.465385
120419	0.311511
215211	0.398822
50045	0.330108
698422	1.160836
4277	0.607667
148766	0.912116
203720	0.833099
338808	0.365103
402186	0.439553
402257	0.717496
265547	1.216673
6247	0.697070
190678	0.555893
7193	0.468037
390218	0.239010
327640	0.488150
23001	0.235547
59051	1.250704
355510	0.673287
207459	0.320580
675650	1.112659
59826	0.918153
60442	0.262732
610453	1.282632
11340	0.354838
89678	0.382512
26542	0.394394
103009	0.493188
382799	0.752122
294939	1.001301
116139	0.518913
420943	0.690483
247794	0.791210
157186	0.655604

2013070800320000007	0.897719
2013070800320000007	201307080032	http://www.guardian.co.uk/technology/2013/jul/08/roswell-incident-66th-anniversary-google-doodle	Roswell UFO incident 's 66th anniversary celebrated in Google doodle | Technology | guardian . co. uk
184032	0.273576
130720	0.322297
333526	0.223457
320708	0.484088
260493	0.474201
360132	0.327932
29100	0.266620
78406	0.205364
78446	0.193225
396873	0.361256
15064	0.231477
373326	0.413659
65944	0.202726
171271	0.408908
225206	0.372534
225396	0.877401
132640	0.185082
47516	0.312200
250585	0.718213
133695	0.280340
49519	0.337937
362856	0.606160
215211	0.227637
375087	1.000428
17389	0.459694
95060	0.430966
240090	0.774446
18197	0.226235
400304	0.425112
312073	0.228311
350716	0.537358
364377	0.370353
148766	0.911691
162346	0.397136
109325	0.310083
69793	0.250732
338307	0.354790
338559	0.227577
402186	0.521663
402257	0.407428
265547	1.026720
55612	0.206521
176539	0.265001
278036	0.722871
6833	0.437129
190678	0.315087
164430	0.448037
72024	0.445721
279084	0.350033
152186	0.318381
206150	0.283733
303150	0.281039
125416	0.183282
58537	0.299949
58561	0.178919
244269	0.674970
139298	0.220282
23001	0.133358
192800	0.298379
355346	0.259652
59051	1.059404
192994	0.775346
368273	0.207705
153368	0.260126
59826	0.897719
60400	0.292455
60442	0.201697
61023	0.178552
154674	0.276987
180751	0.208069
140936	0.267488
194440	0.349122
209038	0.746628
181077	0.290814
88504	0.350402
269664	0.184780
39364	0.399533
10812	0.466311
269832	0.463808
40049	0.327214
102485	0.262493
103009	0.278623
258519	0.419772
382799	0.426825
318904	0.336585
294939	1.230251
116139	0.513828
420943	0.391148
408934	0.623471
383196	0.391886
196877	0.254479
116475	0.309634
235847	0.495019
236046	0.553043

2013070809090000002	0.867138
2013070809090000002	201307080909	http://www.guardian.co.uk/media/mediamonkeyblog/2013/jul/08/bbc-mrs-browns-boys	Mrs Brown 's Boys wins ratings battle | Media | guardian . co. uk
131435	0.654121
260493	0.443642
360132	0.308646
14444	0.349803
347362	1.136882
92253	0.613280
225396	0.952619
397731	0.408795
66911	0.378523
15996	0.838861
50895	0.470283
18029	0.510819
337409	0.415831
121824	0.512105
287960	0.545409
148766	0.849120
109418	0.846081
5493	1.042107
376913	0.486941
70109	0.980878
33890	0.539807
402186	0.413529
265547	1.146880
229713	0.618016
6898	0.616928
20901	0.418224
302259	0.973792
85223	0.361561
138027	1.013746
125416	0.184020
59051	1.174301
9384	0.273408
37666	0.759823
59826	0.867138
304815	0.704493
154641	0.417153
305207	0.733468
39309	0.517136
39330	0.523492
141382	0.846492
393413	1.314061
331534	0.373510
672152	1.262158
294939	0.947431
116139	0.486213
130122	0.457236

2013070806450000007	0.858422
2013070806450000007	201307080645	http://www.theage.com.au/digital-life/digital-life-news/ufo-conspiracy-lives-another-day-20130708-2plvy.html	Google Revives Roswell UFO Theories in Anniversary Doodle
409685	0.556655
158022	0.216285
333526	0.245283
144368	0.521613
296589	0.197001
14141	0.250730
260318	0.235033
396307	0.368003
1016	0.138934
347117	0.467239
260493	0.535142
360132	0.285380
78406	0.188814
78446	0.186459
396873	0.361931
45695	0.462669
385157	0.280445
159271	0.296111
225396	0.824850
47516	0.312936
172094	0.245657
93807	0.297603
398560	0.420519
310635	0.293195
94331	0.335704
226625	0.713291
107351	0.172003
399072	0.249866
107639	0.171353
50387	0.149916
51163	0.479380
215972	0.154911
240090	0.632788
202221	0.335069
95803	0.165985
174438	0.413618
350603	0.476016
174571	0.296756
350716	0.454168
96113	0.566584
148766	1.020035
188897	0.242326
414187	0.337522
69793	0.192521
338307	0.271267
388672	0.295613
175558	0.224934
300983	0.363857
265453	0.297699
402186	0.405411
265547	0.983165
55612	0.230137
278036	0.724679
123905	0.274683
150858	0.298664
98407	0.527916
366538	0.439638
390218	0.161378
416664	0.418599
57439	0.414136
328247	0.299186
152186	0.260363
206150	0.345883
367438	0.373016
279296	0.320813
36271	0.441183
125416	0.122740
267547	0.301009
391218	0.251602
303485	0.244455
8664	0.293157
58537	0.330179
206998	0.487695
23001	0.149005
59051	0.746394
59826	0.858422
316603	0.337090
356145	0.301088
24272	0.460254
61023	0.200636
330227	0.299104
180760	0.206344
39161	0.331989
269664	0.198630
269832	0.428592
167904	0.446438
40049	0.265246
102455	0.231518
102485	0.212772
420308	0.488555
12166	0.212637
282527	0.265954
196242	0.226743
282795	0.243034
294939	1.041349
282907	0.194820
116139	0.384084
409205	0.233611
63869	0.286711
236046	0.448266

2013070810010000009	0.844242
2013070810010000009	201307081001	http://feeds.voices.washingtonpost.com/c/34656/f/636557/s/2e5ae874/l/0L0Swashingtonpost0N0Cblogs0Ccomic0Eriffs0Cpost0Croswell0Eufo0Eincident0Ealien0Edoodle0Espotted0Egoogle0Emarks0E66th0Eanniversary0Ewith0Estellar0Einteractive0Egame0C20A130C0A70C0A80C41cb60A580Ee75a0E11e20E8f220Ede4bd2a2bd390Iblog0Bhtml0Dwprss0Frss0Icomic0Eriffs/story01.htm	ROSWELL UFO INCIDENT : Alien Doodle spotted : Google marks 66th anniversary with stellar interactive game - Comic Riffs - The Washington Post
346240	0.285419
346440	0.352586
158022	0.218754
130854	0.216385
296589	0.198844
14141	0.316685
333865	0.447680
396193	0.380326
396307	0.325890
260493	0.477650
184840	0.248614
78406	0.193523
1373	0.999193
131905	0.417200
118399	0.252571
261064	0.313139
213121	0.288800
396873	0.359049
79054	0.292746
47269	0.360792
411543	0.323257
93525	0.333773
47516	0.433803
93678	0.537312
106491	0.143458
250585	0.687516
48164	0.456041
160339	0.614482
226341	0.703254
262628	1.085103
226625	0.781995
120367	0.184746
362856	0.562213
412599	0.518568
50251	0.225781
95803	0.160680
174521	0.276816
350716	0.425878
148766	0.733387
337880	1.021706
400887	0.393469
312577	0.510761
376913	0.303196
377090	0.301538
149635	0.434784
402243	0.299196
265547	0.881096
55612	0.222394
176539	0.263748
278036	0.604630
176788	0.560226
35046	0.317218
302333	0.509720
353322	0.363220
403498	0.302675
367209	0.533335
279084	0.334874
85800	0.463385
206150	0.400195
125416	0.153646
267497	0.549092
8688	0.223199
244153	0.329634
125840	0.427214
72968	0.718452
244269	0.645968
405325	0.307072
23001	0.154723
37702	0.309109
59826	0.844242
406190	0.456636
60210	0.161589
329780	0.242251
392260	0.288682
154177	0.162900
154209	0.367006
369047	0.415215
342858	0.393285
154674	0.251013
330720	0.471539
194923	0.244106
269832	0.285744
40049	0.276949
141580	0.492875
11287	0.293022
393645	0.200427
270234	0.162414
26235	0.250713
420308	0.570328
318904	0.436526
294939	1.313906
182944	0.953377
319031	0.559430
116139	0.345942
130219	0.277618

2013070819340000009	0.843981
2013070819340000009	201307081934	http://www.guardian.co.uk/technology/2013/jul/08/roswell-incident-66th-anniversary-google-doodle	Roswell UFO incident anniversary celebrated in interactive Google doodle | Technology | guardian . co. uk
184032	0.252049
130720	0.294206
333526	0.208745
320708	0.445810
260493	0.444695
360132	0.307986
29100	0.249762
78406	0.188024
78446	0.179133
396873	0.329268
373326	0.385213
65944	0.186931
171271	0.390501
225206	0.352455
225396	0.841893
132640	0.172260
47516	0.288762
250585	0.655493
49185	0.499811
133695	0.258067
49519	0.318679
215031	0.496592
362856	0.560909
215211	0.216577
375087	0.948930
17389	0.421990
50387	0.151117
95060	0.402158
51163	0.471614
240090	0.712456
18197	0.205870
400304	0.399885
108523	0.333763
312073	0.210613
350716	0.493536
364377	0.342091
148766	0.855059
162346	0.374267
109325	0.281908
69793	0.232005
338307	0.325083
338559	0.212161
402186	0.484810
265547	0.986677
55173	0.554068
55612	0.196776
176539	0.248104
278036	0.667133
6833	0.400816
164430	0.425959
72024	0.421981
164829	0.620903
279084	0.319795
152186	0.292775
206150	0.263679
303150	0.258190
125416	0.169094
255460	0.163292
58537	0.280354
244269	0.615818
139298	0.204712
192800	0.279836
86902	0.621527
355346	0.246667
59051	1.018180
192994	0.734552
368273	0.190238
153368	0.241982
59826	0.843981
60400	0.266386
60442	0.188140
61023	0.167358
154674	0.252544
180751	0.198105
140936	0.247748
194440	0.320364
209038	0.700638
181077	0.269478
88504	0.322041
269664	0.172067
39364	0.362466
39378	0.254964
10812	0.424203
39511	0.564081
269832	0.422464
40049	0.299273
102485	0.251270
282243	0.618495
103009	0.314846
258519	0.386105
318904	0.318021
294939	1.139938
116139	0.482675
408934	0.565465
383196	0.358410
196877	0.235590
235547	0.373306
116475	0.284157
235847	0.455135
236046	0.506188

2013070801490000001	0.839664
2013070801490000001	201307080149	http://www.guardian.co.uk/technology/2013/jul/08/roswell-incident-66th-anniversary-google-doodle	Roswell UFO incident 's anniversary celebrated in Google doodle | Technology | guardian . co. uk
184032	0.256635
130720	0.300299
333526	0.211772
320708	0.453972
260493	0.443748
360132	0.306872
29100	0.253202
78406	0.191766
78446	0.182092
272990	0.450772
396873	0.336229
15064	0.223676
373326	0.391139
65944	0.190290
171271	0.393953
225206	0.356407
225396	0.827064
132640	0.174926
47516	0.293712
250585	0.669107
133695	0.262820
49519	0.322519
362856	0.570454
215211	0.218696
375087	0.959075
17389	0.430083
31896	0.242094
50387	0.151414
95060	0.408104
240090	0.725712
18197	0.210314
400304	0.404962
312073	0.214373
350716	0.502937
364377	0.348078
148766	0.853391
162346	0.378838
109325	0.288066
69793	0.235962
338307	0.331476
338559	0.215364
402186	0.488434
402257	0.394184
265547	0.965402
55612	0.198628
176539	0.251558
278036	0.678956
6833	0.408629
190678	0.304283
164430	0.430205
72024	0.426639
279084	0.326346
152186	0.316498
206150	0.267865
303150	0.263086
125416	0.172105
58537	0.284380
244269	0.628665
139298	0.207962
23001	0.128631
192800	0.283606
355346	0.249209
59051	0.996826
192994	0.742532
368273	0.194004
153368	0.245760
59826	0.839664
73671	0.237345
60400	0.272065
60442	0.190953
61023	0.169638
154674	0.257859
180751	0.200007
140936	0.251912
194440	0.326541
209038	0.709970
181077	0.273964
88504	0.328114
269664	0.174707
39364	0.370598
10812	0.433397
269832	0.434905
40049	0.305313
11340	0.195191
102485	0.244989
103009	0.315960
258519	0.393302
382799	0.412693
318904	0.321694
294939	1.150614
116139	0.480783
420943	0.377508
408934	0.578196
383196	0.365648
196877	0.239570
116475	0.289630
63965	0.345238
235847	0.463668
259440	0.363487
236046	0.516303

2013070800320000010	0.839664
2013070800320000010	201307080032	http://www.guardian.co.uk/technology/2013/jul/08/roswell-incident-66th-anniversary-google-doodle	Roswell UFO incident 's anniversary celebrated in Google doodle | Technology | guardian . co. uk
184032	0.256635
130720	0.300299
333526	0.211772
320708	0.453972
260493	0.443748
360132	0.306872
29100	0.253202
78406	0.191766
78446	0.182092
272990	0.450772
396873	0.336229
15064	0.223676
373326	0.391139
65944	0.190290
171271	0.393953
225206	0.356407
225396	0.827064
132640	0.174926
47516	0.293712
250585	0.669107
133695	0.262820
49519	0.322519
362856	0.570454
215211	0.218696
375087	0.959075
17389	0.430083
31896	0.242094
50387	0.151414
95060	0.408104
240090	0.725712
18197	0.210314
400304	0.404962
312073	0.214373
350716	0.502937
364377	0.348078
148766	0.853391
162346	0.378838
109325	0.288066
69793	0.235962
338307	0.331476
338559	0.215364
402186	0.488434
402257	0.394184
265547	0.965402
55612	0.198628
176539	0.251558
278036	0.678956
6833	0.408629
190678	0.304283
164430	0.430205
72024	0.426639
279084	0.326346
152186	0.316498
206150	0.267865
303150	0.263086
125416	0.172105
58537	0.284380
244269	0.628665
139298	0.207962
23001	0.128631
192800	0.283606
355346	0.249209
59051	0.996826
192994	0.742532
368273	0.194004
153368	0.245760
59826	0.839664
73671	0.237345
60400	0.272065
60442	0.190953
61023	0.169638
154674	0.257859
180751	0.200007
140936	0.251912
194440	0.326541
209038	0.709970
181077	0.273964
88504	0.328114
269664	0.174707
39364	0.370598
10812	0.433397
269832	0.434905
40049	0.305313
11340	0.195191
102485	0.244989
103009	0.315960
258519	0.393302
382799	0.412693
318904	0.321694
294939	1.150614
116139	0.480783
420943	0.377508
408934	0.578196
383196	0.365648
196877	0.239570
116475	0.289630
63965	0.345238
235847	0.463668
259440	0.363487
236046	0.516303

2013070811120000002	0.835551
2013070811120000002	201307081112	http://www.guardian.co.uk/world/feedarticle/10873814	Muslim Brotherhood 's political party calls on Egyptians to rise up against the army | World news | The Guardian
676896	0.963935
714242	0.948588
43195	0.881560
28199	0.609697
410048	0.648177
333678	0.421833
260493	0.435194
360132	0.301815
272990	0.648655
15064	0.367584
171271	0.648976
45851	0.423570
225396	0.940603
119076	0.422410
171878	0.378942
119805	1.020079
49185	0.727317
215031	0.725873
215211	0.357736
17419	0.278319
276001	1.020188
148766	0.835643
338808	0.330047
402186	0.400740
54731	0.715710
402257	0.647135
265547	1.108217
55173	0.807585
190678	0.500301
164829	0.906456
86379	0.362258
58561	0.243464
23001	0.211700
86902	0.907418
59051	1.141337
355510	0.610097
59826	0.835551
614962	0.951432
73671	0.396253
60442	0.235974
60466	0.378778
10446	0.302362
74600	0.472966
39511	0.823525
269832	0.377278
39997	0.686269
610453	1.163212
11340	0.320279
102485	0.258538
282243	0.899967
26542	0.358281
103009	0.442098
382799	0.677870
294939	0.910410
116139	0.473990
420943	0.621001
63965	0.498055
259440	0.526318

2013070811270000003	0.812163
2013070811270000003	201307081127	http://sg.news.yahoo.com/google-trends-googles-roswell-doodle-lone-ranger-102739987.html	Google + trends : Google 's Roswell Doodle , ` Lone Ranger ' - Yahoo ! News Singapore
158022	0.321942
144368	0.714212
296589	0.292605
260493	0.619147
78406	0.268486
44960	0.645261
396873	0.497883
225396	0.945946
132640	0.225693
250331	0.466075
172566	0.869544
262628	0.944039
202221	0.436463
96113	0.875441
148766	1.054595
376913	0.416394
69947	0.822841
414527	0.228477
277158	0.354300
122960	0.313954
414692	0.577492
402186	0.458306
265547	1.078027
278036	0.831722
218932	0.450445
328040	0.361498
279084	0.401615
328276	0.850748
279296	0.631722
303150	0.341584
125416	0.175725
367619	0.621783
8688	0.354069
354912	0.324988
126106	0.520567
355346	0.367249
59051	1.111993
153368	0.317419
59401	0.450133
59826	0.812163
126802	0.328768
60442	0.214358
154482	0.524493
88504	0.423669
269664	0.225169
194923	0.317854
269832	0.589434
269873	0.477924
167904	0.473039
25790	0.388309
195488	0.416411
41059	0.622219
294939	1.047074
271191	0.368951
116139	0.548308
116475	0.424534
157377	0.377944

2013070810270000015	0.812163
2013070810270000015	201307081027	http://sg.news.yahoo.com/google-trends-googles-roswell-doodle-lone-ranger-102739987.html	Google + trends : Google 's Roswell Doodle , ` Lone Ranger ' - Yahoo ! News Singapore
158022	0.321942
144368	0.714212
296589	0.292605
260493	0.619147
78406	0.268486
44960	0.645261
396873	0.497883
225396	0.945946
132640	0.225693
250331	0.466075
172566	0.869544
262628	0.944039
202221	0.436463
96113	0.875441
148766	1.054595
376913	0.416394
69947	0.822841
414527	0.228477
277158	0.354300
122960	0.313954
414692	0.577492
402186	0.458306
265547	1.078027
278036	0.831722
218932	0.450445
328040	0.361498
279084	0.401615
328276	0.850748
279296	0.631722
303150	0.341584
125416	0.175725
367619	0.621783
8688	0.354069
354912	0.324988
126106	0.520567
355346	0.367249
59051	1.111993
153368	0.317419
59401	0.450133
59826	0.812163
126802	0.328768
60442	0.214358
154482	0.524493
88504	0.423669
269664	0.225169
194923	0.317854
269832	0.589434
269873	0.477924
167904	0.473039
25790	0.388309
195488	0.416411
41059	0.622219
294939	1.047074
271191	0.368951
116139	0.548308
116475	0.424534
157377	0.377944

2013071020340000001	0.794589
2013071020340000001	201307102034	http://www.npr.org/blogs/thetwo-way/2013/07/10/200808005/in-a-first-unmanned-navy-jet-lands-on-aircraft-carrier?ft=1&f=	In A First , Unmanned Navy Jet Lands On Aircraft Carrier : The Two-Way : NPR
91707	0.937337
105068	0.296889
321009	0.354659
297207	0.490044
65788	0.366875
200057	0.431853
47516	0.443866
49519	0.456630
134361	0.462486
4439	0.881401
227631	0.592844
252374	0.525794
351471	1.254742
353329	0.369627
85147	0.647360
416232	0.687137
327939	0.604943
57763	0.908810
279408	0.934655
367619	0.647390
354730	0.571964
391358	0.305022
58537	0.383216
125944	0.530719
220173	0.690302
59409	1.181855
59826	0.794589
60210	0.200157
60400	0.625188
232787	0.396763
208309	0.335841
221055	0.304661
181086	0.416670
419522	0.403999
343746	0.804310
40049	0.387975
305867	0.253468
195488	0.653632
89678	0.318144
41355	0.843593
196401	0.839085
420779	0.364517
169053	1.306300
383196	0.806833
196874	0.431782
90467	0.316222
90576	0.662433
104116	1.083937
197429	0.427403
130219	0.466404

2013070613270000001	0.786299
2013070613270000001	201307061327	http://uk.reuters.com/article/2013/07/06/uk-germanwings-idUKBRE96505Y20130706?feedType=RSS&feedName=businessNews	Germanwings escape strikes after pay compromise | Reuters
271921	0.374873
197702	0.396057
346436	0.482813
130651	0.995842
130799	0.495013
43550	0.265447
198291	0.483487
104891	0.507826
333924	0.682885
28921	0.387778
347167	0.392657
14444	0.180255
131612	0.147225
65611	0.413466
321143	0.457268
45349	0.246265
373300	0.315334
213285	0.258661
105695	0.319172
285562	1.124480
132640	0.178594
30328	0.369608
106128	0.210904
385929	0.273288
47936	0.206532
226161	0.304638
322637	0.254515
67616	0.366137
187026	0.296411
94528	0.236714
120419	0.264086
68443	0.634331
51272	0.241668
400178	0.184231
715859	1.021051
202634	0.309254
108943	0.487873
148612	0.239694
240828	0.388417
276705	0.411861
276714	1.493934
52934	0.440700
96946	0.427243
19654	0.256210
218055	0.212271
55436	0.698235
6596	0.210175
277903	0.310193
389857	0.387848
218786	0.272054
230291	0.250586
353328	0.348459
353376	0.218992
71996	0.262589
7864	0.534488
354066	0.181288
206186	0.370925
379301	0.503634
279408	0.447209
58058	0.345011
86546	0.229516
354850	0.399764
99858	0.440824
22767	0.175574
23001	0.156016
153064	0.334554
126382	0.284707
59826	0.786299
60210	0.175763
356124	0.272988
193693	0.367610
356282	0.352636
406461	0.618940
38293	0.506107
268968	0.608565
304897	0.278482
317075	0.327300
61140	0.225329
61437	0.937658
245924	0.304873
512298	1.260421
155172	0.348994
39372	0.294853
10895	0.355227
343744	0.175378
11271	0.164325
270234	0.187999
306086	0.200645
129025	0.254533
394454	0.258960
283285	0.189714
76998	0.307946
90804	0.553071
734999	1.121755

2013070618410000006	0.784587
2013070618410000006	201307061841	http://de.reuters.com/article/companiesNews/idDEBEE96500520130706	Kein Streik bei Germanwings - Flugbegleiter triumphieren | Unternehmen | Reuters
43131	0.477346
64758	0.732396
346641	0.733164
410132	0.914170
333924	0.549103
347167	0.271127
44749	0.393415
185012	0.977239
668835	0.928931
45594	0.803823
321402	0.763716
706116	0.950604
159246	0.911002
697735	0.957852
397159	0.988694
397340	0.129690
46672	0.782086
285562	0.871325
47734	0.625942
47735	0.457722
2916	0.642014
673585	0.969922
49165	0.905760
49166	0.566046
49197	0.835051
49198	0.461001
49305	0.391539
94528	0.190194
677857	1.233050
50230	0.915604
603293	0.942500
50425	0.624795
323784	0.382464
287041	0.665412
363496	0.723898
134422	0.656151
556780	0.904486
486987	0.973414
4559	0.584943
95558	0.763136
678212	0.957132
715859	0.847657
148524	0.975376
498537	0.984418
52864	0.520646
276714	1.389279
541256	1.118419
351506	0.989443
388955	0.925091
476275	1.185446
301186	0.930118
19903	0.920920
55467	0.741244
6681	0.793003
190503	0.752004
190715	0.812488
289946	1.182332
85078	0.952308
471330	0.873485
138327	0.814718
379301	0.466477
86348	0.666884
532287	1.221726
717125	1.081703
58534	0.844823
73070	1.069383
178970	0.890506
112695	0.678059
59030	0.649901
59032	0.727963
59037	0.753313
59579	0.817769
9424	0.419178
59826	0.784587
60014	1.057815
256284	0.558265
60268	0.802258
431480	0.941012
368887	0.864896
317131	0.907203
343145	0.905877
512298	1.123730
721728	1.019903
39058	0.837557
194598	0.725597
39372	0.277051
39492	0.775102
700667	0.885999
195100	0.647142
40143	0.330074
40916	0.799418
26540	0.523876
75927	0.978948
115838	0.810724
90047	0.778253
210844	0.639566
210846	0.887173
129667	0.778223
76817	1.023803
734999	1.054559

2013071018250000013	0.774314
2013071018250000013	201307101825	http://www.huffingtonpost.com/2013/07/08/roswell-ufo-incident-roswell-daily-record_n_3560620.html	Roswell UFO Incident : Crash Made Front Page Of Roswell Daily Record 66 Years Ago
346240	0.192282
117263	0.141379
170219	0.363807
236844	0.245170
1016	0.095088
78406	0.156455
44929	0.115854
261064	0.195502
396873	0.254093
65944	0.126329
132251	0.234130
297538	0.432359
397609	0.151160
47516	0.305428
66911	0.160891
172094	0.165279
262628	0.615280
48684	0.193119
172733	0.224556
50423	0.220621
50587	0.244918
240090	0.378518
498342	0.558811
400178	0.128520
287728	0.415276
312073	0.156568
350716	0.297857
252456	0.467361
337880	0.598637
400887	0.234491
724038	0.605954
69793	0.128193
376913	0.233892
19528	0.247830
338559	0.123395
217740	0.124649
402186	0.255843
265547	0.698735
289126	0.338559
84127	0.257659
278036	0.458972
204630	0.153494
84585	0.329829
176903	0.162741
353329	0.226513
390218	0.121839
85179	0.294185
416191	0.243178
85271	0.228259
302698	0.113689
404008	0.253141
279084	0.207965
57440	0.359080
219466	0.561180
279296	0.372346
125416	0.108638
99858	0.303367
86695	0.302815
22767	0.105711
405325	0.212992
23001	0.127525
178983	0.216190
355241	0.169107
126106	0.249840
355346	0.152015
59051	0.627306
59826	0.774314
73671	0.160817
304488	0.400837
392252	0.153378
392260	0.172287
154177	0.115686
24272	0.329838
154674	0.157648
180760	0.133706
140936	0.162101
221522	0.200604
114434	0.246363
269832	0.289864
381885	0.360099
40049	0.245112
40115	0.123337
11287	0.154135
195488	0.220004
102485	0.170976
26373	0.447380
210578	0.159645
282795	0.175242
294939	0.827529
223037	0.408561
271191	0.144899
196874	0.154263
259118	0.305667
197081	0.201482
116475	0.171754
211346	0.181294
235847	0.349846
130122	0.218634
13378	0.261782
236046	0.342683

2013070809140000002	0.770578
2013070809140000002	201307080914	http://www.guardian.co.uk/media/greenslade/2013/jul/08/local-world-mecom	Ex-Mecom chairman backs Local World | Media | guardian . co. uk
158103	0.684521
410509	0.732478
272990	0.826789
347748	0.371135
45791	0.682143
397731	0.349631
47739	0.449623
298316	0.329766
49456	1.380824
160988	0.394259
31896	0.340187
51299	0.687059
18029	0.437055
402186	0.367608
265547	1.019342
6545	0.376701
277903	0.423287
204406	0.888304
176760	0.621182
190684	0.423673
403137	0.537760
20901	0.357559
152186	0.331910
125416	0.174380
58336	0.307758
22767	0.252856
58561	0.308082
255718	0.613872
59826	0.770578
329645	0.914880
73671	0.499894
330189	1.080085
342992	0.613453
154641	0.448249
194293	0.296905
39660	0.693685
114796	0.727016
62066	0.270003
305868	0.860049
11287	0.380958
270234	0.257452
258242	0.685735
222813	0.273766
210578	0.282030
294939	0.841792
235547	0.560118
196994	0.373581
63965	0.633949
130122	0.491077
259440	0.668568
42590	0.567531

2013070818250000010	0.765944
2013070818250000010	201307081825	http://www.utsandiego.com/news/2013/jul/08/seven-year-old-boy-mars-nasa-letter/	Boy over the moon after telling NASA he wants to visit Mars | UTSanDiego.com
42835	1.175112
346240	0.415169
144053	0.582950
144239	0.434918
260493	0.409084
360132	0.282315
44746	0.296144
45349	0.294538
45538	0.624939
118855	0.277250
106401	0.253294
250473	0.361186
200252	0.354476
48582	0.437791
412354	0.730366
107351	0.186254
412507	0.340493
50269	0.718320
251521	0.291557
187556	0.294847
107853	0.532535
4312	0.933750
400312	0.570360
216488	0.235113
414527	0.194702
217740	0.208582
402186	0.367807
54740	1.082410
54801	0.700316
265547	1.016515
97670	0.534554
55164	0.349587
6596	0.263469
389750	1.045991
204762	0.848193
339826	0.305080
390046	0.285877
390218	0.261637
302698	0.205839
85379	0.757436
57800	0.222428
178983	0.486571
207211	0.617594
59051	1.048199
59826	0.765944
126896	0.495599
24355	0.196423
38473	0.313380
317369	0.255493
39309	0.353392
194923	0.311306
688274	1.650781
370204	0.496161
11369	0.532617
102455	0.299332
128605	0.584978
26330	0.369239
75825	0.262407
371015	0.366717
294939	0.834066
358483	0.352652
116139	0.441193
90467	0.354824
197026	0.358932
358873	0.608880
64220	0.246926

2013070905090000010	0.720429
2013070905090000010	201307090509	http://www.guardian.co.uk/world/feedarticle/10875176	China frees maker of film about labor camp abuse | World news | The Guardian
638	0.836785
333947	0.345176
1002	0.486422
1016	0.212628
260493	0.372311
360132	0.259328
184778	0.465421
131612	0.166434
15064	0.319464
171271	0.565538
225396	0.803434
186054	1.203438
397843	0.335829
411543	0.483678
172040	0.444832
411646	0.718675
172094	0.363783
133421	0.325116
186906	0.419741
67837	0.422341
215211	0.311903
251521	0.343678
51163	0.452520
251864	0.842146
337224	0.613124
188316	0.260456
324773	0.200388
148766	0.714343
240889	0.353439
69793	0.331625
162688	0.259589
338559	0.247228
402186	0.345056
402257	0.561784
265547	0.954883
339236	0.463642
150373	0.551005
190678	0.435047
339798	0.393433
390218	0.215503
138199	0.339051
57837	0.277287
99735	0.548723
267660	0.334807
354958	0.246257
23001	0.184287
355346	0.304157
59051	0.982064
368273	0.250175
73500	0.351440
59826	0.720429
60442	0.205528
392252	0.273292
39076	0.576510
559655	0.516951
40061	0.408674
305867	0.179520
11340	0.277877
103009	0.385654
26667	0.421922
382799	0.588800
294939	0.785496
116139	0.407557
420943	0.540298
223336	0.694409

2013070807170000010	0.700960
2013070807170000010	201307080717	http://www.guardian.co.uk/world/feedarticle/10873458	No gorings in 2nd bull run of Spain 's San Fermin | World news | The Guardian
333159	0.479122
346263	0.473080
260155	0.295745
65119	0.854060
1002	0.376218
260493	0.363681
360132	0.252389
170731	0.340873
260980	0.949949
15064	0.303083
118489	0.865086
171271	0.536995
29790	0.956610
79054	0.385541
225396	0.784964
411323	0.887323
49825	0.261278
215211	0.296210
50045	0.347419
50251	0.243643
135053	0.504135
4851	0.781656
324773	0.252463
33140	0.918500
148766	0.697853
402186	0.335767
402257	0.532788
265547	0.929126
190678	0.412812
110848	0.316273
85223	0.398277
152186	0.301210
279431	0.718378
86546	0.278989
112563	0.425461
23001	0.174928
59051	0.955678
59826	0.700960
59929	0.289146
329691	0.830200
329802	0.571555
60442	0.195123
342698	0.321216
268858	0.342676
330720	0.568615
257277	0.388856
343710	0.599156
114653	0.634688
102094	1.045521
281973	0.933622
11340	0.339950
370378	0.280454
408292	0.455656
103009	0.366309
382799	0.558510
196395	0.663233
182805	0.309192
294939	0.764229
358309	0.298170
182902	0.416491
358325	0.469259
247518	0.361595
116139	0.396629
420943	0.512772
142829	0.445182
383186	0.257847

2013070809190000002	0.694363
2013070809190000002	201307080919	http://www.guardian.co.uk/world/feedarticle/10873597	Syria official says forces take rebel area of Homs | World news | The Guardian
714242	0.822842
1016	0.238897
334056	0.402325
131612	0.146762
372909	0.601394
45405	0.842531
15064	0.299408
171271	0.529142
347748	0.317861
249787	0.259020
46964	0.316721
106478	0.270758
214253	0.577483
262945	0.436814
107391	0.376102
215211	0.291737
50126	0.275970
50170	0.849316
363457	1.123704
276001	0.847722
324773	0.200960
5208	0.478367
338559	0.228825
402186	0.332993
54731	0.594772
402257	0.526892
265547	0.920912
55173	0.698823
190678	0.407593
124135	0.276897
353280	0.344568
390218	0.263498
164829	0.790011
85958	0.970671
341397	0.737373
255275	0.570204
267660	0.331552
354921	0.266578
405325	0.373396
23001	0.172541
86902	0.794416
59051	0.948347
255718	0.520230
368273	0.244625
342107	0.459364
126511	0.632779
59826	0.694363
614962	0.821241
60442	0.192364
194293	0.263585
39511	0.719368
39997	0.596718
11340	0.260714
393682	1.240103
102485	0.285802
103009	0.360606
382799	0.552031
371055	0.395213
332170	0.343217
294939	0.756608
420943	0.506030
142829	0.428125
345426	0.437091
63932	0.334143

2013070808480000010	0.692730
2013070808480000010	201307080848	http://www.guardian.co.uk/world/feedarticle/10873579	Newseum in DC makes changes as funding falls short | World news | The Guardian
223896	0.450814
43195	0.695021
28199	0.516993
410048	0.510179
333678	0.332210
296566	1.031444
260493	0.360517
360132	0.250059
410373	0.435359
45300	0.310441
45349	0.332792
45486	0.302422
15064	0.298825
171271	0.528307
225396	0.778986
145822	0.397044
397732	0.307496
238257	0.585640
47683	0.219735
322637	0.287689
119805	0.864790
49208	0.345129
214896	0.598867
374905	0.220799
215211	0.291298
17419	0.236091
107876	1.375853
336728	0.373383
276001	0.864799
276251	0.466582
364153	0.360648
376198	0.430376
216481	0.392909
324773	0.188683
148766	0.692156
337992	0.519133
33631	0.431279
175558	0.313477
19654	0.269064
338808	0.260068
402186	0.332153
54731	0.606643
402257	0.525782
265547	0.918668
70723	0.458492
190678	0.406830
190836	0.348828
176903	0.313450
7599	0.304432
151748	0.466076
99650	0.257073
86379	0.307142
244153	0.493290
23001	0.172243
59051	0.945872
355510	0.479936
9384	0.257165
59826	0.692730
60442	0.192046
60466	0.321264
392716	0.453729
10446	0.256418
74600	0.401261
11340	0.260144
89588	0.237895
102992	0.257326
103009	0.360088
394238	0.260463
382799	0.550912
371107	0.824310
294939	0.754891
358309	0.283160
116139	0.392762
420943	0.505120

2013070805560000013	0.681589
2013070805560000013	201307080556	http://www.guardian.co.uk/world/feedarticle/10873391	Schools in Nigerian state close to avoid attacks | World news | The Guardian
157682	0.560403
43195	0.723531
130720	0.305197
410048	0.530945
333678	0.345767
1002	0.381133
44620	0.423970
273058	0.315984
15064	0.302443
65944	0.255364
171271	0.535536
385230	1.153752
171653	0.729822
132640	0.248826
119076	0.345308
146438	0.382504
362149	0.397778
286486	0.759914
120419	0.231210
215211	0.295371
336407	0.533119
349510	0.440945
50387	0.187293
4277	0.450559
240604	0.426361
216529	0.829797
351575	0.996140
401738	0.459916
338808	0.270709
402186	0.326418
402257	0.531800
265547	0.903354
6247	0.517214
253634	0.329763
190678	0.411888
176903	0.315701
219212	0.739935
379105	0.471992
22122	0.341976
354284	0.374860
303744	0.896125
23001	0.174494
355510	0.499418
291945	0.650852
59826	0.681589
23752	0.400559
60442	0.194615
154674	0.322189
233341	0.590502
180625	0.886841
343776	0.504410
610453	0.951546
305867	0.169625
11340	0.263033
419967	0.782971
234718	0.527121
89678	0.284007
26542	0.292680
103009	0.365231
270845	0.556225
382799	0.557401
294939	0.743187
420943	0.511562
129959	0.656717
197387	0.507758
42605	0.330128

2013070906100000005	0.676708
2013070906100000005	201307090610	http://www.guardian.co.uk/world/feedarticle/10875213	Greek municipal workers strike for 2nd day | World news | The Guardian
1002	0.456303
1016	0.250386
260493	0.349849
360132	0.243654
347167	0.406621
321043	0.764769
15064	0.299919
171271	0.530858
360970	0.812016
185484	0.342313
30385	0.533412
172094	0.286977
2679	0.566238
47936	0.267910
238746	0.347135
215030	0.265492
386757	0.641218
215211	0.292769
299165	0.873730
251521	0.322438
51163	0.425194
215979	0.225543
400172	0.312953
376629	0.375535
401367	0.456472
402186	0.324148
402257	0.527451
265547	0.896978
339236	0.434935
150373	0.516933
6596	0.256226
190678	0.408418
98294	0.304979
164105	0.406904
111316	0.625367
315106	0.478890
58058	0.433890
99768	0.597324
354921	0.261723
23001	0.172997
59051	0.922606
153228	0.772720
179243	0.529924
153366	0.577251
59826	0.676708
316521	0.446336
60442	0.192930
180068	0.802053
304897	0.343572
406724	0.362137
559655	0.484940
40061	0.383398
11340	0.260904
393645	0.302071
195440	0.605182
195451	0.163493
306086	0.267121
62539	0.540916
370580	0.392836
103009	0.361986
394238	0.341141
420490	0.257199
382799	0.552796
394454	0.344332
294939	0.737791
420914	0.704100
247518	0.320375
116139	0.382903
420943	0.507211

2013070800320000005	0.676209
2013070800320000005	201307080032	http://www.guardian.co.uk/technology/2013/jul/08/roswell-incident-66th-anniversary-google-doodle	Roswell incident 's 66th anniversary celebrated in Google doodle | Technology | guardian . co. uk
184032	0.277508
130720	0.327626
333526	0.225893
320708	0.491094
260493	0.454234
360132	0.313903
29100	0.269336
78406	0.208625
78446	0.195704
396873	0.367378
15064	0.232395
373326	0.418522
65944	0.205597
171271	0.410976
225206	0.375360
225396	0.798296
132640	0.187274
47516	0.316386
250585	0.730159
133695	0.284426
49519	0.340793
362856	0.614219
215211	0.229021
375087	1.007438
17389	0.466704
95060	0.435784
240090	0.785847
18197	0.230154
400304	0.428984
312073	0.231521
350716	0.545477
364377	0.375442
148766	0.873486
162346	0.400559
109325	0.315522
69793	0.254073
338307	0.360290
338559	0.230190
402186	0.514874
402257	0.408857
55612	0.207693
176539	0.267739
278036	0.732744
6833	0.443916
190678	0.316408
164430	0.450849
72024	0.449020
279084	0.355770
152186	0.323100
206150	0.287202
303150	0.285272
125416	0.185800
58537	0.303177
58561	0.184750
244269	0.686250
139298	0.222975
23001	0.133975
192800	0.301329
355346	0.261365
192994	0.780945
368273	0.210985
153368	0.263240
59826	0.676209
60400	0.297456
60442	0.203985
61023	0.180344
154674	0.281659
180751	0.209292
140936	0.270990
194440	0.354478
209038	0.753896
181077	0.294579
88504	0.355646
269664	0.186944
39364	0.406734
10812	0.474423
269832	0.470393
40049	0.332478
11340	0.202282
102485	0.266693
103009	0.280148
258519	0.425973
382799	0.428421
318904	0.339256
294939	1.219372
116139	0.491583
420943	0.392873
408934	0.634751
383196	0.398210
196877	0.257833
116475	0.314370
235847	0.502380
236046	0.561846

2013070903410000005	0.675254
2013070903410000005	201307090341	http://www.guardian.co.uk/world/feedarticle/10875119	Vt. council reverses position on F-35s at airport | World news | The Guardian
248540	0.567680
1002	0.439914
1016	0.195948
14444	0.225680
15064	0.300872
171271	0.533488
172094	0.269394
335489	0.618538
106491	0.200213
214973	0.408297
349242	0.945891
374905	0.231586
215211	0.294319
349510	0.484458
251521	0.315553
239816	0.309289
215979	0.232288
18553	0.294723
18577	0.306727
228113	0.199066
216488	0.215777
324773	0.295567
96186	0.319028
264513	0.533188
338559	0.293437
351970	0.363340
402257	0.528732
265547	0.894639
339236	0.419954
150373	0.506868
6596	0.250606
242508	0.483234
326889	0.461420
190678	0.409865
123905	0.358289
190752	0.525754
123977	1.067399
124704	0.468092
164856	0.650286
404424	0.513158
23001	0.173733
59826	0.675254
60442	0.193819
167070	1.046035
154674	0.325927
221317	0.562850
559655	0.466785
40049	0.395789
40061	0.376281
11340	0.261437
102485	0.325748
26039	0.563301
41119	0.564793
103009	0.364023
420490	0.275396
382799	0.554347
294939	0.736538
358309	0.288325
420779	0.348780
420943	0.509192
236046	0.667667

2013070820160000020	0.673838
2013070820160000020	201307082016	http://photos.denverpost.com/2013/07/08/photos-on-this-day-july-8-1947-reports-of-a-ufo-crash-landed-in-roswell-new-mexico/	Photos : On this day -- July 8 , 1947 -- Reports of a UFO Crash Landing in Roswell , New Mexico .
409567	0.340633
42791	0.288611
346240	0.249953
283879	0.244151
117263	0.138230
359514	0.229071
117511	0.194214
131055	0.298650
296626	0.330009
131244	0.430626
236844	0.249006
78406	0.173778
44929	0.087871
273173	0.464678
396873	0.270376
199245	0.161065
397609	0.196162
262024	0.171410
250331	0.228112
47516	0.353906
262628	0.664331
172733	0.246082
286341	0.483394
349133	0.227511
251074	0.606197
187088	0.248270
201242	0.389609
50045	0.184544
349628	0.208244
94944	0.268227
50587	0.347124
412993	0.286307
498342	0.770752
52048	0.346514
400312	0.315536
364153	0.131076
228113	0.107195
324773	0.143710
96186	0.175814
337880	0.704940
276705	0.220516
53052	0.291032
53356	0.207352
69793	0.153498
136085	0.144818
19528	0.279951
162851	0.168301
338587	0.155093
70669	0.170631
55883	0.224640
21033	0.723394
230291	0.187264
353329	0.247313
85538	0.262911
152146	0.208470
279296	0.428235
125416	0.105890
36579	0.237634
303485	0.190746
86700	0.241397
355035	0.559609
165807	0.191018
291775	0.334246
207703	0.247260
59826	0.673838
73608	0.353468
280574	0.291711
60400	0.238716
392252	0.158761
316845	0.588341
154210	0.218201
208309	0.217114
140365	0.260753
24272	0.385071
114056	0.572502
181086	0.217441
155350	0.208140
269832	0.191351
381885	0.450407
40049	0.224885
141615	0.184066
11271	0.113597
11523	0.307024
102485	0.161274
195531	0.176318
331534	0.178424
370759	0.270438
394238	0.143530
420490	0.142722
294939	0.430597
235377	0.194363
235517	0.470971
196874	0.233251
247772	0.289208
235847	0.369073
197387	0.179491
130219	0.177725
64220	0.169428
236046	0.340054

2013070809190000001	0.662220
2013070809190000001	201307080919	http://www.guardian.co.uk/world/feedarticle/10873595	Greece 's debt inspectors say progress made | World news | The Guardian
409563	0.573422
714242	0.784729
91424	0.383693
144838	0.251063
308576	0.575808
260887	0.299817
15064	0.285528
171271	0.504581
46964	0.299572
2679	0.555428
133300	0.475025
386649	0.758229
215030	0.212529
215211	0.278193
80818	0.240482
160988	0.284672
399890	0.364956
95740	0.317124
69106	0.417259
240828	0.415173
162310	0.394150
82930	0.431156
277158	0.341041
338587	0.279934
97246	0.776793
217669	0.504154
54731	0.567239
402257	0.502480
265547	0.878295
54918	0.423445
55173	0.666474
6596	0.248282
277903	0.419570
190678	0.388693
98294	0.286382
191192	0.540254
327491	0.278496
7599	0.303613
390486	0.273536
164829	0.753378
152299	0.274058
125416	0.144190
57932	0.357306
303454	0.595117
99768	0.596428
23001	0.164536
86902	0.757542
303928	0.360946
153228	0.648030
368273	0.234216
153366	0.519623
59458	0.396886
59826	0.662220
60442	0.183437
193693	0.340996
356223	0.358896
292557	0.452091
113643	0.264729
61143	0.236919
245924	0.337521
39511	0.685994
141333	0.370646
39997	0.569063
11340	0.248638
26235	0.296258
103009	0.343860
420490	0.310326
382799	0.526447
294939	0.721573
156855	0.593716
420943	0.482559
183499	0.453886

2013070905090000005	0.658409
2013070905090000005	201307090509	http://www.guardian.co.uk/world/feedarticle/10875175	Women in Ohio kidnap case thank public for support | World news | The Guardian
183963	0.472468
157870	0.498587
346662	0.539918
333892	0.233163
1002	0.443726
1016	0.193985
15064	0.291752
92617	0.610575
171271	0.516371
119308	0.352129
172094	0.377976
47683	0.308472
106491	0.223437
200252	0.386105
67277	0.693222
186669	0.550292
286248	0.612213
262932	0.554645
374905	0.238937
107391	0.365031
17120	0.324597
215211	0.284776
251521	0.313574
215692	0.580582
400178	0.226142
121687	0.630860
240730	0.401540
175386	0.350344
300961	0.655817
288804	0.558891
229203	0.751608
217740	0.207256
402186	0.315394
402257	0.513100
265547	0.872738
339236	0.422947
150373	0.502714
278076	0.642108
190678	0.397291
151497	0.455455
151694	0.519572
267158	0.661114
417023	0.538546
367629	0.493777
255460	0.204755
139260	0.348809
23001	0.168279
59051	0.897708
59826	0.658409
59929	0.251451
60085	0.277544
232674	0.639712
60442	0.187667
559655	0.471574
221837	0.439243
39910	0.424597
40061	0.372849
11340	0.253809
168639	0.391889
103009	0.352100
41465	0.688805
358033	0.399646
382799	0.537749
282795	0.275808
282807	0.516832
294939	0.717827
420943	0.493386
358575	0.207669
63999	0.216842
143355	0.483448
345855	0.529277
27893	0.352948

2013070811120000013	0.656159
2013070811120000013	201307081112	http://www.guardian.co.uk/world/feedarticle/10873807	Bollywood star Hrithik Roshan undergoes surgery | World news | The Guardian
184032	0.318034
43195	0.691866
28510	0.373410
410048	0.508796
236636	0.445910
333678	0.331103
44158	0.627732
260493	0.341936
360132	0.237117
272990	0.509560
45240	0.230386
15043	0.493789
15064	0.288425
171271	0.509101
321646	0.860484
225624	1.039915
119076	0.331645
2839	0.677427
386140	0.970573
119805	0.801338
3269	0.650737
17016	0.360116
215211	0.280621
107639	0.211956
275340	0.460117
187481	0.524371
107853	0.350880
276001	0.801285
188130	1.060133
52625	0.944177
148766	0.656636
401562	0.374516
338808	0.259043
402186	0.314752
54731	0.562048
402257	0.507827
265547	0.870353
110629	0.538916
190678	0.392541
110848	0.298243
205132	0.687035
230509	1.065220
164469	0.498608
290776	0.895597
206150	0.345350
231253	0.576070
125416	0.139292
86379	0.284629
58561	0.191099
178854	0.293191
23001	0.211833
165807	0.269470
355346	0.323564
59051	0.896515
126200	0.886606
355510	0.478936
37437	1.079234
59826	0.656159
73671	0.310654
60442	0.185122
268858	0.331096
342946	0.396176
369416	0.350038
127505	0.271464
610453	0.913202
11340	0.251347
40507	0.273684
26542	0.281316
103009	0.346785
382799	0.531918
294939	0.714890
116139	0.372350
420943	0.487220
63965	0.391187
259440	0.413286
197429	0.278904
248238	0.890019

2013070809190000006	0.655273
2013070809190000006	201307080919	http://www.guardian.co.uk/world/feedarticle/10873591	Afghan forces kill 18 Taliban , lose 5 of own | World news | The Guardian
714242	0.776480
130613	0.721773
236496	0.450551
1016	0.183281
105068	0.290250
45299	0.305650
15064	0.282518
199245	0.330491
171271	0.499239
66069	0.554606
93525	0.443562
274168	0.803709
106401	0.245862
262945	0.406941
215030	0.207943
120367	0.209928
215211	0.275245
17268	0.531438
50251	0.240876
287002	1.114853
51754	0.383847
188316	0.247952
300010	0.413870
240604	0.387470
350885	0.581192
376534	0.317597
388527	0.694976
53578	0.230772
504633	1.134124
326011	0.580607
277433	0.306050
54731	0.561289
402257	0.497193
265547	0.869091
55173	0.659482
190678	0.384592
390218	0.206030
366907	0.308717
164829	0.745429
279084	0.368262
379105	0.405903
279094	0.697197
191868	0.767230
354284	0.239673
58058	0.311449
354958	0.223883
267895	0.894732
23001	0.162797
86902	0.749521
207465	0.198846
232391	0.767423
59826	0.655273
23752	0.450356
60442	0.181496
73859	0.494167
356374	1.002444
127447	0.337939
369600	0.379453
39511	0.678743
39997	0.563069
11340	0.246024
102485	0.286975
102809	0.668067
103009	0.340214
382799	0.520902
282724	0.276380
294939	0.713995
420943	0.477463
345426	0.426788
409205	0.266712
130219	0.299273
42605	0.344664

2013070818200000006	0.650830
2013070818200000006	201307081820	http://www.guardian.co.uk/world/feedarticle/10874507	White House : Egypt aid cutoff not in US interest | World news | The Guardian
676896	0.923447
42809	0.433414
714242	0.912078
184032	0.338512
320225	0.481070
296589	0.328707
144528	0.265859
117801	0.655904
1002	0.366245
1016	0.168379
144926	0.571578
272968	0.199385
15064	0.301340
171271	0.531751
45851	0.405510
171878	0.362539
172094	0.297729
106400	0.277573
160053	0.442215
47936	0.280181
107082	0.351616
49185	0.698090
215031	0.693969
215211	0.293090
251521	0.273912
108523	0.458505
364153	0.257552
626601	0.936403
401108	0.515771
277147	0.855267
54109	0.249273
402186	0.311976
402257	0.530627
265547	0.862983
55173	0.776056
339236	0.348163
150373	0.437708
6534	0.430066
190678	0.410095
302175	0.415450
353171	0.546912
327494	0.476866
164829	0.872537
279194	0.653413
86115	0.461143
315466	0.500268
23001	0.173494
86902	0.874390
59051	0.888289
166331	0.236539
193336	0.296856
59826	0.650830
614962	0.913750
60442	0.193369
24665	0.850740
654373	0.945264
330490	0.470847
39378	0.355177
39511	0.793134
559655	0.390299
39997	0.660227
40061	0.498779
11340	0.262647
102485	0.302208
282243	0.863269
103009	0.362174
382799	0.555767
294939	0.709328
420779	0.353950
116139	0.368799
420943	0.508980
197026	0.346332
116475	0.291539
307566	0.472072

2013070813240000008	0.650483
2013070813240000008	201307081324	http://www.guardian.co.uk/world/feedarticle/10874049	Car drives several miles with dog trapped by axle | World news | The Guardian
676896	0.844660
714242	0.831053
43195	0.692333
410048	0.507627
333678	0.330675
396211	0.563179
15064	0.307037
171271	0.543030
45758	0.412066
45851	0.371172
119076	0.329853
171878	0.332078
47514	0.478789
172094	0.231460
106424	0.563210
262348	0.582445
398530	1.123889
48986	0.561007
49185	0.637255
215031	0.636129
120367	0.271733
215211	0.299437
108523	0.421269
626601	0.859007
376534	0.333270
338808	0.258965
351970	0.285804
402257	0.540147
229455	0.865715
55173	0.707541
123589	0.367733
190678	0.418043
110848	0.311157
403498	0.392302
138199	0.351689
164829	0.794101
290794	0.366062
57915	0.518720
36579	0.545359
178553	0.519546
279866	0.570944
139259	0.450775
23001	0.177017
86902	0.794907
355510	0.477347
9327	0.836221
59826	0.650483
614962	0.833593
60442	0.197384
268858	0.338880
38691	0.668427
654373	0.869207
39378	0.326073
39511	0.721432
39715	0.347252
39997	0.601221
610453	0.909228
11340	0.267229
40559	0.774288
102485	0.226539
282243	0.788552
370580	0.415953
12022	0.405682
26542	0.279496
102992	0.272387
103009	0.370175
382799	0.566008
294939	0.709492
420943	0.519082
157179	0.618426
13064	0.648305

2013070821500000006	0.618567
2013070821500000006	201307082150	http://www.csmonitor.com/Innovation/Tech-Culture/2013/0708/Roswell-UFO-incident-Why-we-love-alien-visitors	Roswell UFO incident : Why we love alien visitors - CSMonitor.com
104370	0.418876
346240	0.275646
130720	0.248154
117367	0.396216
396193	0.336983
320668	0.312555
260493	0.403472
117916	0.335343
131612	0.128425
334345	0.264344
131905	0.345781
396873	0.334527
373300	0.253794
225272	0.583899
145598	0.404828
46174	0.297092
397802	0.329376
119223	0.539642
373969	0.811464
250331	0.365142
93578	0.493691
106491	0.190655
172486	0.204083
226625	0.802925
49307	0.398156
94550	0.554184
107351	0.151818
17120	0.275267
147255	0.554265
17389	0.442390
50587	0.377134
147740	0.357925
161462	0.936153
95803	0.155525
299964	0.338067
350603	0.451136
108673	0.256599
350716	0.406779
350718	0.529357
96113	0.708203
33267	0.470522
5221	0.316321
122275	0.508641
109325	0.273974
203213	0.359788
203248	0.687508
19381	0.268520
19444	0.320445
109797	0.501326
277199	0.360394
136246	0.329435
402186	0.297299
265547	0.821285
20089	0.438552
313645	0.166477
278036	0.592738
71386	0.526780
98389	0.800542
98407	0.575183
366403	0.330986
390218	0.162621
111175	0.290720
327597	0.846645
85271	0.401193
279296	0.398970
152368	0.955947
125416	0.115705
192260	0.266208
36650	0.405520
22767	0.224325
58550	0.557370
58561	0.178695
380112	0.471982
23174	0.419858
59051	0.847644
268189	0.618639
73500	0.283391
59826	0.618567
207912	0.547367
60400	0.365621
193655	0.500883
292734	0.436650
154674	0.256428
74306	0.318823
127485	0.620985
114430	0.809753
114434	0.341179
381885	0.459168
167904	0.305086
40003	0.301865
40115	0.203227
357582	0.420903
420308	0.470000
357905	0.184128
102992	0.226864
282527	0.375334
371000	0.291441
210623	0.334973
294939	0.743349
421226	0.470002

2013070822010000001	0.618567
2013070822010000001	201307082201	http://www.csmonitor.com/Innovation/Tech-Culture/2013/0708/Roswell-UFO-incident-Why-we-love-alien-visitors	Roswell UFO incident : Why we love alien visitors - CSMonitor.com
104370	0.418876
346240	0.275646
130720	0.248154
117367	0.396216
396193	0.336983
320668	0.312555
260493	0.403472
117916	0.335343
131612	0.128425
334345	0.264344
131905	0.345781
396873	0.334527
373300	0.253794
225272	0.583899
145598	0.404828
46174	0.297092
397802	0.329376
119223	0.539642
373969	0.811464
250331	0.365142
93578	0.493691
106491	0.190655
172486	0.204083
226625	0.802925
49307	0.398156
94550	0.554184
107351	0.151818
17120	0.275267
147255	0.554265
17389	0.442390
50587	0.377134
147740	0.357925
161462	0.936153
95803	0.155525
299964	0.338067
350603	0.451136
108673	0.256599
350716	0.406779
350718	0.529357
96113	0.708203
33267	0.470522
5221	0.316321
122275	0.508641
109325	0.273974
203213	0.359788
203248	0.687508
19381	0.268520
19444	0.320445
109797	0.501326
277199	0.360394
136246	0.329435
402186	0.297299
265547	0.821285
20089	0.438552
313645	0.166477
278036	0.592738
71386	0.526780
98389	0.800542
98407	0.575183
366403	0.330986
390218	0.162621
111175	0.290720
327597	0.846645
85271	0.401193
279296	0.398970
152368	0.955947
125416	0.115705
192260	0.266208
36650	0.405520
22767	0.224325
58550	0.557370
58561	0.178695
380112	0.471982
23174	0.419858
59051	0.847644
268189	0.618639
73500	0.283391
59826	0.618567
207912	0.547367
60400	0.365621
193655	0.500883
292734	0.436650
154674	0.256428
74306	0.318823
127485	0.620985
114430	0.809753
114434	0.341179
381885	0.459168
167904	0.305086
40003	0.301865
40115	0.203227
357582	0.420903
420308	0.470000
357905	0.184128
102992	0.226864
282527	0.375334
371000	0.291441
210623	0.334973
294939	0.743349
421226	0.470002

2013070817020000003	0.616075
2013070817020000003	201307081702	http://www.guardian.co.uk/world/feedarticle/10874388	Church of England backs new push for women bishops | World news | The Guardian
676896	0.879052
714242	0.867130
43195	0.650745
333526	0.278832
410048	0.478285
333678	0.311307
1016	0.200379
78406	0.228663
14963	0.571332
15064	0.284263
171271	0.501419
1845	0.456260
45851	0.386104
309539	0.554048
335007	0.403317
132670	0.334263
119076	0.311574
171878	0.345270
172094	0.255994
238921	0.846959
49185	0.664093
49391	0.530388
215031	0.661072
215211	0.276351
399145	0.295606
120632	0.625662
263361	0.532550
17915	0.515078
215979	0.205474
174434	0.383131
108523	0.437102
18553	0.249481
626601	0.892235
300983	0.483359
288804	0.559268
338808	0.243601
402257	0.500641
365633	0.360383
339139	0.396852
55173	0.737958
313645	0.246606
190678	0.386825
339771	0.264645
98445	0.420167
205363	0.312974
205520	0.541678
124704	0.354171
416539	1.034567
230856	0.510565
164829	0.829218
152099	0.309424
165037	0.567724
231593	0.295439
139298	0.271310
23001	0.163623
86902	0.830674
355510	0.450128
59826	0.616075
614962	0.869069
60442	0.182353
317092	0.373062
654373	0.901379
39378	0.338509
39511	0.753617
39997	0.627568
610453	0.858106
11340	0.247826
270112	0.577198
102485	0.235871
282243	0.821403
26542	0.363180
103009	0.341464
382799	0.524316
344981	0.355402
294939	0.671356
358261	0.300431
282907	0.251688
420943	0.480059
319474	0.755475
27893	0.409550

2013070808480000006	0.599797
2013070808480000006	201307080848	http://www.guardian.co.uk/world/feedarticle/10873581	In Zimmerman trial , defense to continue its case | World news | The Guardian
117263	0.247962
260155	0.273939
170353	0.671666
131612	0.144650
78594	0.282983
15064	0.258875
171271	0.457915
2041	0.546274
119308	0.327478
47514	0.435214
386022	0.393389
322599	0.517927
16620	0.337324
323277	1.080887
107351	0.177787
215211	0.252511
107632	0.301640
17387	0.593993
299080	0.526375
251521	0.267782
51082	0.376466
187922	0.444608
215972	0.155536
227763	0.487269
240428	0.516387
174521	0.278845
175334	0.200054
5617	0.539584
53515	0.433084
33793	0.439040
33885	0.431621
19632	0.267330
253131	0.308444
313216	0.669058
54731	0.513769
402257	0.455393
265547	0.795338
313645	0.174559
6545	0.402491
190678	0.352478
176907	0.579350
278723	0.395553
327640	0.411994
99143	0.734977
328040	0.335976
279084	0.366770
341195	0.317761
192209	0.500452
58138	0.410144
354730	0.325795
58537	0.446871
36879	0.609927
23001	0.149263
342107	0.340503
207465	0.183297
244849	0.644646
166419	0.511000
59826	0.599797
166565	0.305560
60442	0.166441
317369	0.254468
140936	0.230084
181077	0.333682
25220	0.398760
343839	0.715620
11340	0.225293
128330	0.458307
344202	0.574415
393645	0.226508
195451	0.159325
382459	0.442457
168639	0.364307
103009	0.312173
234946	0.658085
12250	0.354824
371015	0.314876
382799	0.477210
344998	0.468244
294939	0.653690
345153	0.465978
420943	0.437682
76407	0.325549
196987	0.338820
295380	0.493502

2013071117580000006	0.585590
2013071117580000006	201307111758	http://blogs.timesofindia.indiatimes.com/jugglebandhi/entry/personal-touch	Personal touch by Juggle-Bandhi : Jug Suraiya 's blog-The Times Of India
32	0.448764
42813	0.518160
197781	0.679770
130651	0.717788
91370	0.285047
284349	0.284825
396258	0.733753
198684	0.286155
29100	0.283448
44746	0.329433
185019	0.309990
334345	0.265181
65675	1.124085
360626	0.268095
321143	0.421253
213121	0.275124
673154	1.354179
45851	0.329203
30328	0.354609
348412	1.048772
47516	0.419437
106401	0.201908
47683	0.185829
200750	0.366523
107049	0.554830
3400	0.584054
80499	0.367289
362843	0.493513
647716	1.154569
323559	0.611375
412599	0.531334
311139	0.271224
50282	0.286631
323827	0.379507
287070	0.437947
4281	0.367180
51461	0.380392
312160	0.828750
300057	0.451923
188546	0.348683
96043	0.258413
148612	0.306786
175333	0.320535
175386	0.372743
122592	0.887966
175415	0.308708
265051	0.268435
401562	0.330524
54378	0.371382
338800	0.608153
377597	0.411705
289247	0.369516
55436	0.503041
6596	0.186343
6898	0.419897
190862	0.404333
691123	1.156168
353280	0.306159
151461	0.353479
85179	0.461638
340488	0.447163
124610	0.405983
290401	0.512634
164856	0.482633
22122	0.180277
72816	0.255951
86605	0.284977
152669	0.254525
354888	0.543126
112563	0.346504
207151	0.263511
192926	0.415977
139694	0.284673
166263	0.260883
37506	0.662210
59826	0.585590
60210	0.172362
154219	0.468537
221055	0.239243
256695	0.453350
61023	0.195782
24355	0.143946
194242	0.510973
180751	0.232596
140985	0.461166
708964	1.439289
141018	0.238072
39177	0.408102
194678	0.194467
269832	0.314244
344020	0.316372
672006	1.444152
370204	0.351653
282724	0.301911
76525	0.352724
247779	0.245067
63999	0.158685

2013070815000000007	0.574971
2013070815000000007	201307081500	http://www.guardian.co.uk/world/2013/jul/08/bradley-manning-lawyers-charges-dismissal-trial	Bradley Manning lawyers seek dismissal of charges in WikiLeaks trial | World news | guardian . co. uk
676896	0.729479
714242	0.713104
43195	0.604425
410048	0.444922
333678	0.289442
131612	0.161005
78594	0.322309
15064	0.261408
171271	0.460266
45851	0.320921
397101	0.372877
105825	0.496682
321889	0.347086
119076	0.290303
171878	0.287450
172094	0.201813
93679	0.355720
386068	0.380108
374361	0.958192
238913	0.557842
49185	0.642617
80472	0.671086
215031	0.641240
323329	0.623229
215211	0.255429
80915	0.377174
275311	0.616775
336728	0.324773
51375	0.593925
375879	0.361755
108523	0.430595
626601	0.745312
401108	0.311993
175334	0.205755
364843	0.482946
53717	0.437223
338808	0.226376
402186	0.276008
402257	0.460738
265547	0.762938
54991	0.479229
55173	0.711795
389732	0.525988
190678	0.355591
403327	0.510956
403476	0.924422
7413	0.638185
302910	0.774183
164829	0.796598
254903	0.686954
206243	0.427648
341195	0.370503
22767	0.179492
405325	0.395287
58702	0.374591
23001	0.150301
86902	0.796576
355241	0.252129
59051	0.786453
355510	0.418949
59826	0.574971
614962	0.716783
207893	0.403527
87673	0.641748
60442	0.169290
316880	0.517176
369202	0.386033
654373	0.756924
140759	0.277620
180750	0.688221
181077	0.306646
39378	0.329532
39511	0.723321
39997	0.515363
610453	0.799093
11340	0.228161
102461	0.473281
102485	0.195429
282243	0.795649
234666	0.287190
382525	0.646888
89588	0.325690
26542	0.246333
26564	0.477531
103009	0.313220
382799	0.482342
294939	0.626212
420943	0.441135
196877	0.348888
116475	0.314400
42605	0.193712

2013070814250000018	0.574971
2013070814250000018	201307081425	http://www.guardian.co.uk/world/2013/jul/08/bradley-manning-lawyers-charges-dismissal-trial	Bradley Manning lawyers seek dismissal of charges in WikiLeaks trial | World news | guardian . co. uk
676896	0.729479
714242	0.713104
43195	0.604425
410048	0.444922
333678	0.289442
131612	0.161005
78594	0.322309
15064	0.261408
171271	0.460266
45851	0.320921
397101	0.372877
105825	0.496682
321889	0.347086
119076	0.290303
171878	0.287450
172094	0.201813
93679	0.355720
386068	0.380108
374361	0.958192
238913	0.557842
49185	0.642617
80472	0.671086
215031	0.641240
323329	0.623229
215211	0.255429
80915	0.377174
275311	0.616775
336728	0.324773
51375	0.593925
375879	0.361755
108523	0.430595
626601	0.745312
401108	0.311993
175334	0.205755
364843	0.482946
53717	0.437223
338808	0.226376
402186	0.276008
402257	0.460738
265547	0.762938
54991	0.479229
55173	0.711795
389732	0.525988
190678	0.355591
403327	0.510956
403476	0.924422
7413	0.638185
302910	0.774183
164829	0.796598
254903	0.686954
206243	0.427648
341195	0.370503
22767	0.179492
405325	0.395287
58702	0.374591
23001	0.150301
86902	0.796576
355241	0.252129
59051	0.786453
355510	0.418949
59826	0.574971
614962	0.716783
207893	0.403527
87673	0.641748
60442	0.169290
316880	0.517176
369202	0.386033
654373	0.756924
140759	0.277620
180750	0.688221
181077	0.306646
39378	0.329532
39511	0.723321
39997	0.515363
610453	0.799093
11340	0.228161
102461	0.473281
102485	0.195429
282243	0.795649
234666	0.287190
382525	0.646888
89588	0.325690
26542	0.246333
26564	0.477531
103009	0.313220
382799	0.482342
294939	0.626212
420943	0.441135
196877	0.348888
116475	0.314400
42605	0.193712

2013070602310000003	0.505471
2013070602310000003	201307060231	http://www.huffingtonpost.com/toshe-ayoariyo/high-school-graduation_b_3542927.html	Toshe Ayo-Ariyo : Ready To Embark On Another Journey
77578	0.311365
307937	0.335759
28510	0.260042
131211	0.242381
333892	0.174099
28799	0.379977
44294	0.384421
158539	0.260340
105068	0.202551
44613	0.308843
284732	0.193263
44929	0.141538
45147	0.571349
14833	0.268510
309063	0.505815
213285	0.229497
297469	0.322044
118855	0.179338
335459	0.196107
348556	0.241758
172451	0.490997
80499	0.321785
201087	0.331739
107351	0.131869
239473	0.307982
81805	0.277728
121417	0.271937
276079	0.520790
375879	0.296873
216312	0.286548
324603	0.341006
312091	0.395407
376135	0.350219
148442	0.315522
121820	0.412974
108776	0.327662
188648	0.211922
52529	0.570018
376487	0.477485
300521	0.454506
241470	0.389082
136246	0.290421
149733	0.739961
265547	0.671670
204032	0.268799
389276	0.373427
402625	0.416067
229713	0.285297
229750	0.317311
151461	0.246996
327548	0.338681
151566	0.278755
205568	0.181189
72007	0.425742
354066	0.133003
379114	0.326637
303040	0.209944
22122	0.272890
99650	0.166163
231593	0.209229
8750	0.318215
139299	0.282128
23001	0.128752
86999	0.257126
59826	0.505471
342485	0.255645
60210	0.142414
356124	0.227313
154184	0.358558
61023	0.215693
154604	0.316237
180655	0.231963
257084	0.265280
194293	0.182461
356836	0.372728
281438	0.329627
269664	0.187383
357050	0.242744
343682	0.331966
269832	0.252194
114569	0.311420
40143	0.327258
305867	0.136289
393645	0.179709
40706	0.473755
331534	0.235707
306271	0.302138
234710	0.326665
12066	0.414382
195980	0.533062
394238	0.224161
196130	0.203071
294747	0.310200
408637	0.249833
294939	0.549743
358325	0.309874
383297	0.343653
63999	0.150737
197387	0.265343
64220	0.190276

