20130501
34
20130712 20130720

2013071217350000003	1.080868
2013071217350000003	201307121735	http://www.nydailynews.com/news/national/roswell-ufo-website-visitors-upload-pictures-video-other-worldly-sightings-article-1.1397204?localLinksEnabled=false	Roswell UFO website allows visitors to upload pictures , video of other-worldly sightings - NY Daily News
224196	0.450715
297842	0.298162
250331	0.446701
172094	0.385058
93679	0.337834
374905	0.230712
3550	0.439213
120809	0.267594
121024	0.680195
227529	0.515079
33091	0.526473
702980	1.188167
33631	0.516058
69907	0.295447
253260	0.590084
6534	0.324208
205471	0.520345
35627	0.727223
302698	0.189762
125207	0.701301
36640	0.523923
303963	0.216269
280740	0.323139
330182	0.466136
102094	0.629591
40622	0.274174
40773	0.381944
331534	0.237465
182218	0.307696
282412	0.551862
12066	0.294761
129025	0.264516
282907	0.368643
332549	0.381974
157317	0.287715
130017	0.817907
104018	0.451001
283563	0.711354
130219	0.288632
13392	0.304994
130854	0.232839
333892	0.206327
106443	0.220402
49825	0.163404
18197	0.230854
82420	0.418160
109091	0.281963
388597	0.394395
162784	0.553279
338559	0.254270
338808	0.241993
265547	1.037795
190553	0.446958
190862	0.494103
390695	0.620051
191822	0.309812
111873	0.283014
86700	0.298705
23001	0.157364
86999	0.233210
59826	1.080868
392252	0.229235
392260	0.215289
342698	0.242716
113643	0.284623
24272	0.561951
24355	0.187314
194882	0.390134
419522	0.261886
194923	0.330239
343710	0.476981
114653	0.506062
222005	0.519075
167904	0.340475
370204	0.396656
294049	0.245635
270454	0.277661
394030	0.529398
89675	0.187842
89678	0.313687
420490	0.221120
294939	1.203017
394580	0.211714
319311	0.295007
346013	0.271117
64220	0.276543
27893	0.223354

2013072000310000001	1.079441
2013072000310000001	201307200031	http://www.lasvegassun.com/news/2013/jul/19/scientists-give-out---world-preview-ufo-symposium/	Scientists give out-of-this-world preview of UFO symposium - Las Vegas Sun News
295957	0.620791
42791	0.374707
383787	0.415746
144239	0.305419
198684	0.260122
607012	1.033760
1197	0.570655
224934	0.731237
321143	0.356734
249500	1.165721
385119	0.376356
105577	0.569251
273417	0.619854
249792	0.284942
47010	0.381500
106128	0.247962
213985	0.420319
411543	0.344170
47516	0.296093
47683	0.196522
106443	0.233425
348556	0.229710
362030	0.617277
160163	0.503279
238951	0.395152
48880	0.350991
48953	0.437165
16907	0.595044
226625	1.047897
239153	0.410832
201087	0.318687
386675	0.809671
362910	0.417189
187249	0.551509
349544	0.221264
50126	0.245702
227147	0.309084
239788	0.335097
18197	0.186873
81805	0.295629
240250	0.368511
174438	0.432299
216288	0.328051
33069	0.368234
5221	0.293684
122466	0.357935
69793	0.180136
69907	0.402846
136085	0.228118
351745	0.375120
54108	0.323818
389001	0.368871
377480	0.943483
70669	0.214622
34398	0.725304
20128	0.306426
229507	0.435620
229893	0.529383
390046	0.347584
230291	0.250222
353376	0.238149
340366	0.331601
21706	0.320666
390591	0.372803
367331	0.307843
404394	0.338159
206235	0.339957
279296	0.337919
125416	0.120077
328629	0.443041
303485	0.260011
86605	0.271677
207151	0.201267
315998	0.286811
153175	0.358885
153363	0.673644
37348	0.336451
304192	0.360139
623706	1.489587
59826	1.079441
140068	0.281898
356124	0.279213
232787	0.328274
392296	0.306783
60653	0.283615
87798	0.275474
61023	0.172031
24355	0.155584
140759	0.346271
381885	0.438521
115038	0.743923
12022	0.269366
210347	0.632691
282563	0.439097
129629	0.376293
259053	0.471207
90467	0.228834
104018	0.375422
64120	0.291430
64220	0.246509

2013072005310000005	1.079441
2013072005310000005	201307200531	http://www.lasvegassun.com/news/2013/jul/19/scientists-give-out---world-preview-ufo-symposium/	Scientists give out-of-this-world preview of UFO symposium - Las Vegas Sun News
295957	0.620790
42791	0.374707
383787	0.415746
144239	0.305419
198684	0.260122
607012	1.033760
1197	0.570655
224934	0.731236
321143	0.356734
249500	1.165721
385119	0.376356
105577	0.569251
273417	0.619853
249792	0.284942
47010	0.381500
106128	0.247962
213985	0.420318
411543	0.344170
47516	0.296093
47683	0.196522
106443	0.233425
348556	0.229710
362030	0.617276
160163	0.503279
238951	0.395152
48880	0.350991
48953	0.437164
16907	0.595044
226625	1.047896
239153	0.410832
201087	0.318686
386675	0.809670
362910	0.417189
187249	0.551508
349544	0.221264
50126	0.245702
227147	0.309084
239788	0.335097
18197	0.186873
81805	0.295629
240250	0.368511
174438	0.432299
216288	0.328051
33069	0.368234
5221	0.293684
122466	0.357935
69793	0.180136
69907	0.402846
136085	0.228118
351745	0.375120
54108	0.323818
389001	0.368871
377480	0.943483
70669	0.214622
34398	0.725304
20128	0.306426
229507	0.435620
229893	0.529383
390046	0.347584
230291	0.250222
353376	0.238149
340366	0.331601
21706	0.320666
390591	0.372803
367331	0.307843
404394	0.338159
206235	0.339957
279296	0.337919
125416	0.120077
328629	0.443041
303485	0.260011
86605	0.271677
207151	0.201267
315998	0.286811
153175	0.358885
153363	0.673643
37348	0.336451
304192	0.360139
623706	1.489587
59826	1.079441
140068	0.281898
356124	0.279213
232787	0.328274
392296	0.306783
60653	0.283615
87798	0.275473
61023	0.172031
24355	0.155584
140759	0.346271
381885	0.438521
115038	0.743923
12022	0.272344
210347	0.632691
282563	0.439097
129629	0.376292
259053	0.471207
90467	0.228834
104018	0.375421
64120	0.291429
64220	0.246509

2013071216350000010	1.070110
2013071216350000010	201307121635	http://www.nydailynews.com/news/national/roswell-ufo-website-visitors-upload-pictures-video-other-worldly-sightings-article-1.1397204?localLinksEnabled=false	Roswell UFO website allows visitors to upload pictures , video of other-worldly sightings - NY Daily News
283928	0.275689
224196	0.437704
333892	0.200891
1002	0.371073
185019	0.337435
373300	0.239062
46174	0.251541
250331	0.462964
172094	0.380730
106443	0.215238
186460	0.434048
48419	0.587652
486515	0.636945
374905	0.243632
3550	0.425339
107440	0.338169
49754	0.451817
120809	0.261269
263446	0.404319
4277	0.428367
630643	0.924111
18197	0.224227
702980	1.152786
82420	0.406492
33631	0.524083
69907	0.287992
338559	0.247160
277433	0.267253
265547	1.073692
339236	0.353211
190713	0.232901
389857	0.429980
254030	0.328775
353280	0.270809
390218	0.164795
266723	0.642599
302698	0.173047
302789	0.537044
99125	0.372516
99143	0.356132
191822	0.299944
22122	0.192072
99505	0.378522
22355	0.545173
379697	0.350378
192591	0.414323
86700	0.309952
354958	0.179640
23001	0.153548
355241	0.236102
86999	0.227650
303963	0.228064
139550	0.468348
37311	0.428534
342107	0.329142
113069	0.332554
59826	1.070110
166565	0.264132
392252	0.223113
392260	0.209775
24272	0.568163
330182	0.454464
24355	0.194607
180703	0.897660
180751	0.209704
74714	0.369127
194882	0.408448
419522	0.255806
194923	0.322498
559655	0.395468
167904	0.331443
141615	0.244096
11270	0.273266
370204	0.384963
234373	0.376035
40773	0.373240
331534	0.231612
270454	0.270602
394030	0.528994
89678	0.328180
168639	0.296890
420490	0.215062
294939	1.209910
282907	0.365054
394580	0.205348
332549	0.373188
130017	0.818382
104018	0.439974
76998	0.311507
130219	0.279995
346013	0.263829
64220	0.289734
13392	0.295752

2013071802000000041	1.059270
2013071802000000041	201307180200	http://triblive.com/neighborhoods/yourmtpleasant/4343656-74/ufo-kecksburg-festival	Kecksburg UFO Festival returns for 8th year | TribLIVE
260318	0.206007
28877	0.439714
260457	0.255114
360132	0.205378
170731	0.301642
14444	0.184401
29060	0.854920
198882	0.340392
78406	0.236890
272968	0.148427
79054	0.493446
132611	0.606386
186042	0.229142
361770	0.556740
172040	0.302107
106360	0.247299
66985	0.413884
106401	0.189258
47683	0.168198
186337	0.600745
214820	0.321807
386544	0.312097
49183	0.368356
107391	0.276920
120367	0.152940
375242	0.320056
120809	0.229541
50587	0.312535
32327	0.434047
4281	0.184603
18197	0.180957
108292	0.404011
227763	0.312575
174521	0.236490
312073	0.201602
108697	0.223617
216488	0.162742
276988	0.442960
33713	0.381111
83010	0.268014
33771	0.314826
175558	0.230504
265051	0.263630
149424	0.317720
228898	0.367286
149462	1.308756
162851	0.314906
338559	0.166836
277300	0.405966
265286	0.385541
277433	0.246677
402186	0.307517
97504	0.329914
55612	0.298055
176539	0.237417
56036	0.325335
230291	0.294117
390218	0.143508
243185	0.652342
404008	0.366194
279296	0.415177
165262	1.001209
354921	0.265969
22767	0.201894
58537	0.270348
354958	0.166051
139274	0.365442
58736	0.296310
153175	0.312573
207465	0.160598
59826	1.059270
342390	0.254256
380584	0.416965
329780	0.215326
356124	0.353757
60442	0.151120
73866	0.219252
392456	0.500772
24272	0.358003
154674	0.225806
180801	0.203215
140936	0.189612
39690	0.332002
269832	0.255892
62066	0.154705
40115	0.172820
11287	0.217489
195451	0.137081
89308	0.282929
41080	0.397625
102992	0.203494
210578	0.168292
394580	0.189131
358494	0.310655
90509	0.304104
116475	0.208087
409205	0.203340
116814	0.366488
346013	0.225857
13378	0.313508

2013071821340000004	1.023191
2013071821340000004	201307182134	http://cosmiclog.nbcnews.com/_news/2013/06/21/19063873-ufo-over-stonehenge-britain-releases-its-last-big-batch-of-x-files?chromedomain=worldblog	UFO over Stonehenge ? Britain releases its last big batch of X-Files - NBC News.com
13486	0.302439
117263	0.213653
144232	0.251419
296589	0.210127
236844	0.332805
44929	0.120503
213121	0.252850
1845	0.283776
15288	0.543094
29858	0.324059
132854	0.597644
172094	0.195163
398035	0.526546
348556	0.240576
200252	0.278216
386022	0.315853
386068	0.351050
106915	0.644033
323076	0.610682
107276	0.316974
187088	0.332502
215148	1.068727
49825	0.148460
239473	0.456581
349628	0.293891
227147	0.290458
50587	0.443861
107853	0.316767
336728	0.325195
50895	0.272992
134360	0.292625
375463	0.370873
400262	0.309666
18553	0.195957
108697	0.207930
216503	0.414231
240730	0.279136
162324	0.220939
69793	0.220609
338591	0.415142
54117	0.357787
217702	0.220402
54645	0.215958
6208	0.425460
55156	0.534499
110333	0.296424
339513	0.536998
278036	0.399939
302131	0.319273
289824	0.679981
218786	0.232314
151414	0.343866
151694	0.371054
404008	0.361324
57311	0.357910
57440	0.398862
191822	0.231342
328212	0.532070
340995	0.332831
231030	0.371894
206150	0.271109
206226	0.312674
231170	0.399605
125416	0.189176
178520	0.880396
303485	0.276385
165548	0.392311
86700	0.239865
58537	0.352321
355241	0.304228
73500	0.288151
193336	0.220970
59826	1.023191
73671	0.240389
60085	0.222883
60210	0.210698
24272	0.621767
392581	0.443865
24675	0.284076
180801	0.199671
245924	0.256173
140993	0.485840
317574	0.506369
269664	0.168006
40115	0.172750
344003	0.765221
294049	0.247301
195443	0.324507
258015	0.357472
75825	0.237172
89820	0.243952
394238	0.191204
41465	0.492846
156948	0.571300
247772	0.306759
197036	0.294906
247848	0.267960
130017	0.434295
395280	0.213406
13378	0.403325

2013071902390000002	0.818226
2013071902390000002	201307190239	http://www.examiner.com/article/followers-believe-jesus-of-siberia-is-the-second-coming-of-jesus-christ?cid=rss	Jesus of Siberia has thousands of followers - National Strange News | Examiner.com
118513	0.979561
92959	1.296589
411258	0.303285
225709	0.436084
261855	0.811904
689696	1.616351
48161	0.534718
48574	0.494856
374506	0.807940
263361	0.463426
18189	0.547102
18197	0.395631
400178	0.308152
188648	0.384712
414195	0.920388
217740	0.265883
289126	0.686758
313645	0.339544
352661	0.567723
278036	0.622831
190553	0.509274
7443	0.640403
327461	1.328470
254697	0.527444
57440	0.633213
125416	0.171671
112121	0.673907
244153	0.423186
86637	0.534231
255460	0.241204
139263	0.675901
23001	0.275853
255837	1.015701
113069	0.465025
207709	0.473596
59826	0.818226
329780	0.375206
180530	0.465757
154867	0.774880
221384	0.910319
194783	0.364496
195451	0.187053
306086	0.332626
332171	0.930023
282840	0.727924
182927	0.788881
196877	0.391595
624789	2.231857

2013071506500000008	0.775787
2013071506500000008	201307150650	http://www.examiner.com/article/paranormal-review-radio-to-investigate-fort-mifflin?cid=rss	Paranormal Review Radio to investigate Fort Mifflin - Chicago Paranormal | Examiner.com
117263	0.380550
130720	0.241558
248689	0.423545
43838	0.469433
104891	0.556341
410270	0.727997
410287	0.318829
396307	0.319025
14444	0.192155
78273	0.488019
131612	0.126701
29100	0.301031
372957	0.418639
1443	0.204745
360626	0.171763
45240	0.195516
14979	0.271695
213285	0.396076
213365	0.354757
46009	0.879922
46312	0.731154
106360	0.250486
250463	0.280154
239153	0.422809
201355	0.386782
107632	0.257735
50112	1.277274
50126	0.217919
120655	0.213543
399366	1.082995
227147	0.326221
187556	0.248393
239816	0.303887
51163	0.444511
81727	0.295907
375965	0.317388
312066	0.383037
376135	0.401837
108673	0.303472
350716	0.408766
337672	0.692648
376450	0.289979
276664	0.478860
162324	0.311234
325195	0.669198
175558	0.249492
265051	0.270176
19444	0.314492
228928	0.273736
54390	0.215556
55472	0.309621
278036	0.484871
536949	1.086082
7444	0.233927
278723	0.583731
278941	0.526037
354066	0.150092
206183	0.341837
125584	0.452676
219920	0.341175
355353	0.313938
418110	0.515199
37702	0.285003
193336	0.340741
59826	0.775787
316449	0.897062
355976	0.266582
268777	0.492466
369012	0.356281
88125	0.340381
61328	1.292511
180760	0.198399
39306	0.292793
39372	0.255379
181398	0.578716
194923	0.246892
40049	0.284181
40448	0.286300
195451	0.135806
102461	0.425816
26197	0.487183
270454	0.253250
168437	0.423614
41158	0.369511
371015	0.357893
283252	0.626029
211346	0.232887
63999	0.232784
197429	0.221200
64164	0.347198
346013	0.254886

2013071421520000006	0.772593
2013071421520000006	201307142152	http://www.huffingtonpost.com/2013/07/08/roswell-ufo-incident-roswell-daily-record_n_3560620.html?utm_hp_ref=mostpopular	Roswell UFO Incident : Crash Made Front Page Of Roswell Daily Record 66 Years Ago
346240	0.192204
117263	0.141145
170219	0.362652
236844	0.244637
1016	0.094802
78406	0.155977
44929	0.115658
261064	0.194944
396873	0.253313
65944	0.125909
132251	0.233462
297538	0.433124
397609	0.150856
47516	0.304801
66911	0.160536
172094	0.164885
262628	0.614177
48684	0.192421
172733	0.224592
50423	0.221016
50587	0.244794
240090	0.377299
498342	0.558655
400178	0.128199
287728	0.414000
312073	0.156204
350716	0.296874
252456	0.465946
337880	0.597706
400887	0.233660
724038	0.604353
69793	0.128033
376913	0.233114
19528	0.247397
338559	0.123071
217740	0.124290
402186	0.255003
265547	0.696251
289126	0.337586
84127	0.256798
278036	0.457693
204630	0.153175
84585	0.328680
176903	0.162314
353329	0.226068
390218	0.121567
85179	0.293313
416191	0.242464
85271	0.227512
302698	0.113359
404008	0.252862
279084	0.207287
57440	0.358380
219466	0.559305
279296	0.371683
125416	0.108341
99858	0.302918
86695	0.301807
22767	0.105652
405325	0.212246
23001	0.127117
178983	0.215505
355241	0.168678
126106	0.249072
355346	0.151597
59051	0.625076
59826	0.772593
73671	0.160444
304488	0.399604
392252	0.152966
392260	0.171676
154177	0.115348
24272	0.329198
154674	0.157574
180760	0.133240
140936	0.161599
221522	0.200307
114434	0.245724
269832	0.288916
381885	0.359592
40049	0.244391
40115	0.122896
11287	0.153647
195488	0.219498
102485	0.170549
26373	0.445828
210578	0.159403
282795	0.174731
294939	0.824639
223037	0.407313
271191	0.144824
196874	0.153847
259118	0.305005
197081	0.200929
116475	0.171423
211346	0.181193
235847	0.349569
130122	0.218050
13378	0.261201
236046	0.341746

2013072004510000004	0.714196
2013072004510000004	201307200451	http://www.examiner.com/article/erich-von-daniken-the-lucrative-changing-of-youthful-minds?cid=rss	Erich Von Daniken : the lucrative changing of youthful minds - National Worldview and Science | Examiner.com
32	0.482716
157707	0.806626
545	0.557306
260273	0.615479
333947	0.340792
236930	0.517439
44514	0.387688
273013	0.472106
65788	0.303855
439902	1.901163
92694	0.237567
273661	0.538318
66531	0.321514
186031	0.461765
200079	0.355589
106400	0.193625
47683	0.188342
298316	0.228458
226237	0.624418
200879	0.768913
200996	0.755921
133695	0.310516
412354	0.539696
239153	0.505587
311139	0.307476
120655	0.253380
251521	0.396992
174170	0.417017
350603	0.594082
96564	1.096384
53361	0.402253
175475	0.534534
33771	0.394112
122754	0.413936
136145	0.306445
83372	0.500939
326455	0.441850
278036	0.671357
190723	0.411196
218932	0.333495
124610	0.349443
254818	0.648962
36073	0.280742
152149	0.416413
206194	0.328670
36409	0.644398
125584	0.536722
354680	0.384830
379743	0.638123
139299	0.367607
207151	0.228916
59030	1.040800
179144	0.503912
368273	0.213237
59826	0.714196
126802	0.360295
268872	0.464523
392496	0.328186
221055	0.239001
342943	0.559549
24355	0.160037
233145	0.784593
24587	0.332309
194293	0.303013
140936	0.293744
39060	0.300186
39309	0.266929
89035	0.525494
306086	0.312792
41158	0.438281
195894	0.519827
89675	0.249947
12066	0.412999
420625	0.475952
358325	0.417082
130040	0.446569

2013071908050000001	0.685004
2013071908050000001	201307190805	http://www.nydailynews.com/opinion/n-y-hike-share-article-1.1402990?localLinksEnabled=false	N.Y.C. hike share - NY Daily News
224147	0.425863
43550	0.327321
224290	0.464779
410129	0.466293
260493	0.372443
131677	0.281271
347416	0.477391
360536	0.622250
45232	0.464187
159393	0.463961
46829	0.419279
250123	0.465661
119228	0.465211
250331	0.391319
66911	0.275649
159942	0.466907
93679	0.508686
336091	0.874315
80551	0.266487
251174	0.660928
399190	0.469960
375242	0.435106
363287	0.389488
50539	0.437409
323931	0.690905
134510	0.479508
299964	0.414270
108750	0.273642
388145	0.391843
96440	0.462943
136085	0.272401
54799	0.425714
265547	0.909115
326455	0.414818
190713	0.282281
190806	0.657182
218970	0.466898
404015	0.645638
152149	0.414306
58464	0.394780
379958	0.366797
179112	0.405545
73500	0.330126
59826	0.685004
60085	0.311075
245163	0.438114
406434	0.360307
208309	0.521880
330101	0.487885
24297	0.435880
24675	0.347430
155437	0.478828
40218	0.472449
293905	0.534538
282022	0.973631
25790	0.354168
306086	0.256937
40773	0.469465
195531	0.281037
11756	0.389545
156115	0.477713
394030	0.313370
168549	0.624287
89675	0.203051
222697	0.463282
294939	0.745910
182900	0.701814
282907	0.232445
235377	0.294608
76407	0.381957
130017	0.561703
13392	0.281423

2013071917370000007	0.669517
2013071917370000007	201307191737	http://ca.news.yahoo.com/blogs/daily-buzz/must-see-videos-week-july-19-173008755.html	Must-see videos of the week -- July 19 | Daily Buzz - Yahoo ! News Canada
144528	0.238185
321009	0.436138
249787	0.217606
199556	0.285554
225709	0.315068
322153	0.330445
172094	0.292581
251078	0.340129
147794	0.612484
252158	0.701319
95899	0.716357
148612	0.282630
351394	0.473569
351826	0.688603
176505	0.311409
6898	0.637491
177183	0.422026
303150	0.304120
354401	0.773414
255139	0.469665
178349	0.393530
354921	0.314733
36741	1.026338
279866	0.351345
329021	0.333866
37348	0.364153
37666	0.570890
209149	0.578396
381840	0.568360
181548	0.476925
40049	0.254453
234624	0.348926
235025	0.412047
182757	0.617083
157317	0.310923
104018	0.483010
333486	0.634407
43550	0.284947
260304	0.922241
260342	0.240649
14444	0.179592
44512	0.278325
131612	0.194684
44929	0.179452
360536	0.535552
158881	0.497560
410746	0.413104
213121	0.318034
285237	0.484283
80240	0.901115
519881	0.952160
362479	0.504368
80633	0.326121
187249	0.374792
286803	0.433906
50423	0.368791
53391	0.372874
573816	0.950410
136107	0.345845
19632	0.253210
218169	0.366224
265908	0.620557
190583	0.371730
339771	0.292645
390218	0.183272
111220	0.897805
244153	0.377651
244552	0.511150
59826	0.669517
60210	0.170755
24355	0.159206
221343	0.475142
419522	0.347063
343776	0.321277
270082	0.518333
195488	0.472815
420170	0.287653
89675	0.204885
197026	0.301449
346013	0.282684

2013071919430000003	0.669348
2013071919430000003	201307191943	http://www.denverpost.com/breakingnews/ci_23693360/united-launch-alliance-sends-up-6th-rocket-this?source=rss	United Launch Alliance sends up 6th rocket this year - The Denver Post
346240	0.347836
43009	0.314631
104617	0.581752
14141	0.243289
360132	0.258072
78406	0.228225
272968	0.162024
15084	0.471128
385929	0.272397
335500	0.470795
323171	0.747173
274971	0.398573
50251	0.228979
120726	0.328657
120809	0.274493
349825	0.671273
4439	0.553090
275981	0.449745
81805	0.355468
252168	0.538084
69427	0.446372
109325	0.317304
217101	0.378831
338559	0.216017
301011	0.544840
70394	0.366102
313645	0.184288
55364	1.577270
674825	0.987526
123905	0.318689
339831	0.512014
415793	0.295177
403718	0.694530
340468	0.480034
124610	0.333548
21736	0.348974
57174	0.424920
206150	0.376215
279296	0.509553
315744	0.611228
22767	0.200850
207151	0.311883
86999	0.216217
391676	1.065434
166331	0.340879
9384	0.184949
59629	0.764225
37696	0.527797
59713	0.957421
59826	0.669348
329776	0.250108
329780	0.250256
232787	0.367648
316735	0.311289
60603	0.357443
24272	0.407047
221055	0.391102
61143	0.224621
61211	0.395896
317330	0.481798
180760	0.199750
167515	0.668012
10764	0.350403
419514	0.396571
167904	0.454940
141579	1.062458
75193	0.396870
40280	0.520807
11271	0.187592
11340	0.260850
102485	0.214416
128684	0.626513
26235	0.247435
102785	0.547339
89675	0.186555
75990	0.495813
63445	0.354884
383186	0.246645
143021	0.546835
116475	0.259369
197429	0.276576
130219	0.521861

2013071502110000005	0.652542
2013071502110000005	201307150211	http://www.huffingtonpost.com/haley-frederick/cory-monteith-a-fans-reaction_b_3596067.html?utm_hp_ref=celebrity&ir=Celebrity	Cory Monteith : A Fan 's Reaction | Haley Frederick
43194	0.266394
91370	0.315603
359696	0.445333
144528	0.217095
260478	0.785047
14502	0.362802
249258	0.504936
44746	0.250160
44755	0.319416
184939	0.732466
44929	0.140458
308780	0.201963
360626	0.173623
45240	0.335114
14979	0.288068
159120	0.696156
45992	0.250846
92827	0.589482
321614	0.239938
397309	0.599472
348330	0.536531
172094	0.222604
348556	0.261662
250473	0.219707
322656	0.716677
298434	0.821819
106847	0.293141
286248	0.541126
48986	0.327553
80499	0.413818
107552	0.430322
349628	0.297384
187481	0.295096
161079	0.777208
50587	0.377251
227423	0.425136
32975	0.594255
312073	0.245512
203213	0.297117
175386	0.309225
19444	0.319558
136107	0.357003
377090	0.338442
149642	0.521746
54918	0.266584
552284	0.616382
6545	0.317139
190722	0.401067
35144	0.462369
353325	0.273563
85179	0.467470
21492	0.334107
290401	0.522796
302698	0.203042
219140	0.825285
56947	0.640382
99143	0.556881
164856	0.360416
279084	0.341945
404263	0.341131
354730	0.301558
139260	0.308044
23001	0.178672
112707	0.259563
355308	0.727936
59826	0.652542
9814	0.355458
208309	0.319715
330239	0.774402
730071	0.631647
25156	0.325929
39372	0.277226
194861	0.392519
114535	0.382599
269832	0.320544
39910	0.374658
181550	0.260428
40049	0.252297
40143	0.426880
40507	0.248813
62359	0.593884
40661	0.478262
40867	0.571199
331534	0.308641
195678	0.474245
371000	0.346595
306755	0.413421
358309	0.263133
345153	0.431544
345421	0.326946
247779	0.251480
421392	0.651976
104205	0.427535
42605	0.202112
13378	0.379573

2013071919260000009	0.651425
2013071919260000009	201307191926	http://www.nydailynews.com/life-style/smartphone-apps-cheaper-study-article-1.1403747?localLinksEnabled=false	Smartphone apps are getting cheaper : study - NY Daily News
359263	0.385052
224147	0.402402
224290	0.434189
410129	0.435076
260493	0.351748
131677	0.265511
347416	0.440013
45232	0.433284
273179	0.343028
159393	0.433782
46829	0.392170
250123	0.433975
186042	0.452491
119228	0.434415
285732	0.330428
250331	0.372999
66911	0.257612
172094	0.248977
159942	0.435477
298316	0.220588
322637	0.274409
80551	0.252322
374905	0.261873
120419	0.242995
50539	0.407333
17661	0.402745
323931	0.654526
134510	0.441545
299964	0.387981
388145	0.360597
96440	0.433753
69983	0.442038
33933	0.575901
122960	0.249734
265547	0.865044
326455	0.393185
190713	0.266334
7444	0.272224
218970	0.429800
340468	0.350430
205568	0.284402
71996	0.297738
404015	0.610689
152149	0.393338
152186	0.271119
99650	0.198246
354912	0.306662
86700	0.249723
219960	0.726535
379958	0.348426
153368	0.405901
166263	0.420470
405902	0.361060
73500	0.286916
268417	0.420315
59826	0.651425
329776	0.277867
245163	0.407836
406434	0.335921
232974	0.279114
24272	0.400347
167001	0.309822
24297	0.407870
24355	0.156794
114207	0.285410
155437	0.441056
167904	0.336391
40218	0.435318
293905	0.507207
40371	0.317185
25790	0.335169
270234	0.201931
40773	0.789526
394030	0.297674
89588	0.224558
168549	0.590192
102992	0.416759
222697	0.433696
294939	0.708946
282907	0.221433
142767	0.403397
235377	0.236616
76407	0.355830
332549	0.361626
130017	0.535724
346013	0.296917
13401	0.573226

2013071814410000011	0.650381
2013071814410000011	201307181441	http://www.nydailynews.com/life-style/eats/smartphone-app-uber-offers-ice-cream-on-demand-service-article-1.1402158?localLinksEnabled=false	Smartphone app Uber offers ice cream-on-demand service - NY Daily News
158022	0.233473
333526	0.238051
224226	0.962741
131275	0.324001
131321	0.415901
144750	0.251652
117941	0.422934
45056	0.712962
237282	0.556397
360626	0.200852
213105	0.332894
225709	0.331318
250331	0.373048
172094	0.221546
146438	0.317584
335641	0.511877
322637	0.279365
214824	0.373195
120419	0.278737
215211	0.255999
31724	0.971827
50045	0.336728
107627	0.303380
161455	0.348818
400181	0.293684
95803	0.167503
324773	0.293586
162037	1.077361
188782	0.412200
228379	0.721324
149384	0.348063
414527	0.196556
162784	0.555125
70552	0.550824
265547	0.864028
204031	0.763086
98023	0.358347
339570	0.330590
242508	0.394401
190684	0.292350
390046	0.261718
390099	0.481822
151623	0.362609
327926	0.427987
191765	0.213181
404263	0.328704
404537	0.341308
379491	0.471210
86700	0.249978
354958	0.200896
139260	0.296042
139298	0.220381
179112	0.344094
303963	0.264588
9196	0.466250
59826	0.650381
60442	0.176663
342698	0.257279
342747	0.497656
24272	0.401300
24355	0.219017
317075	0.415904
38473	0.230423
74306	0.319570
194527	0.536269
209161	0.453444
39715	0.274556
128330	0.422009
25790	0.322710
195451	0.136150
40773	0.610851
75510	0.585409
234666	0.268529
168524	0.551118
394030	0.296945
89675	0.191354
282724	0.282414
210613	0.317523
394454	0.237942
294939	0.707508
282907	0.239463
271197	0.859556
332549	0.604316
143098	0.433036
130017	0.536033

2013071815410000005	0.650381
2013071815410000005	201307181541	http://www.nydailynews.com/life-style/eats/smartphone-app-uber-offers-ice-cream-on-demand-service-article-1.1402158?localLinksEnabled=false	Smartphone app Uber offers ice cream-on-demand service - NY Daily News
158022	0.233473
333526	0.238051
224226	0.962741
131275	0.324001
131321	0.415901
144750	0.251652
117941	0.422934
45056	0.712962
237282	0.556397
360626	0.200852
213105	0.332894
225709	0.331318
250331	0.373048
172094	0.221546
146438	0.317584
335641	0.511877
322637	0.279365
214824	0.373195
120419	0.278737
215211	0.255999
31724	0.971827
50045	0.336728
107627	0.303380
161455	0.348818
400181	0.293684
95803	0.167503
324773	0.293586
162037	1.077361
188782	0.412200
228379	0.721324
149384	0.348063
414527	0.196556
162784	0.555125
70552	0.550824
265547	0.864028
204031	0.763086
98023	0.358347
339570	0.330590
242508	0.394401
190684	0.292350
390046	0.261718
390099	0.481822
151623	0.362609
327926	0.427987
191765	0.213181
404263	0.328704
404537	0.341308
379491	0.471210
86700	0.249978
354958	0.200896
139260	0.296042
139298	0.220381
179112	0.344094
303963	0.264588
9196	0.466250
59826	0.650381
60442	0.176663
342698	0.257279
342747	0.497656
24272	0.401300
24355	0.219017
317075	0.415904
38473	0.230423
74306	0.319570
194527	0.536269
209161	0.453444
39715	0.274556
128330	0.422009
25790	0.322710
195451	0.136150
40773	0.610851
75510	0.585409
234666	0.268529
168524	0.551118
394030	0.296945
89675	0.191354
282724	0.282414
210613	0.317523
394454	0.237942
294939	0.707508
282907	0.239463
271197	0.859556
332549	0.604316
143098	0.433036
130017	0.536033

2013071601270000007	0.650083
2013071601270000007	201307160127	http://www.examiner.com/article/erich-von-daniken-fact-fraud-or-fiction	Erich Von Daniken : fact , fraud or fiction ? - National Worldview and Science | Examiner.com
157707	0.725343
545	0.583209
248848	0.266979
14141	0.255978
260273	0.608435
347065	0.279375
410493	0.478345
29100	0.284441
360626	0.171814
14979	0.281658
439902	1.769644
65944	0.193070
347748	0.274528
273661	0.563366
106128	0.242984
119308	0.283465
385922	0.454732
2925	0.659305
226237	0.562124
119820	0.621760
362315	0.387457
336001	0.578358
200996	0.890989
133695	0.279854
412354	0.574414
239153	0.457487
120655	0.237998
263361	0.301538
251521	0.329054
251881	0.536726
387499	0.330819
363776	0.800720
174170	0.376156
96564	0.942062
175386	0.296125
135953	0.582593
33771	0.355332
377099	0.325445
228945	0.629082
351949	0.241553
54749	0.431346
326455	0.397643
110333	0.326688
278036	0.668473
366179	0.332068
218786	0.258667
218932	0.276530
205612	0.817641
151727	0.254732
290576	0.821772
254818	0.826092
152149	0.375882
165146	0.655431
379402	0.363507
36409	0.580297
86339	0.291940
125584	0.504715
404918	0.267150
303485	0.273690
58221	0.412082
379743	0.531126
139299	0.304824
207151	0.226747
405588	0.395668
59030	0.968468
355510	0.407172
59826	0.650083
179887	0.581529
126802	0.298744
221055	0.227464
233145	0.707666
61087	0.542083
194293	0.287516
245924	0.337436
140936	0.289438
39997	0.481267
155839	0.295378
393645	0.205071
40802	0.544930
370590	0.444609
26235	0.314817
41158	0.411908
195894	0.468317
420625	0.394724
358319	0.370005
358325	0.374917
129629	0.325910
196877	0.231910
157377	0.367381
130040	0.612411
421387	0.298058
371762	0.403760

2013072006070000005	0.634510
2013072006070000005	201307200607	http://www.denverpost.com/business/ci_23696948/united-launch-alliance-sends-up-6th-rocket-this?source=rss	United Launch Alliance sends up 6th rocket this year - The Denver Post
409633	0.527372
43009	0.304928
104617	0.538619
14141	0.237652
360132	0.241722
272968	0.157459
15084	0.458839
397340	0.136591
385929	0.259151
335500	0.466917
172486	0.226746
398317	0.584176
160314	0.390869
106847	0.264503
323171	0.636054
274971	0.381672
80523	0.250645
215269	0.346931
50251	0.215207
120726	0.319175
251521	0.252556
120809	0.261023
349825	0.792733
375464	0.535509
4439	0.407467
275981	0.425090
81805	0.338503
252168	0.526432
69427	0.431474
109325	0.299670
217101	0.365005
338559	0.202071
301011	0.533889
414658	0.555416
70394	0.358457
313645	0.174621
55364	1.173694
123589	0.303685
339445	0.428971
674825	0.957718
123905	0.301590
339831	0.604140
415793	0.282067
403718	0.570610
340468	0.389183
124610	0.319066
138014	0.343391
21736	0.330388
57174	0.403698
354066	0.141043
206150	0.373018
279296	0.374237
315744	0.586594
22767	0.172196
207151	0.253164
86999	0.210732
391676	1.004649
100413	0.640925
166331	0.257413
9384	0.160657
59629	0.741664
37696	0.526421
59713	0.906811
59826	0.634510
329776	0.239375
329780	0.240581
232787	0.354828
316735	0.301289
60603	0.355686
24272	0.387995
221055	0.332806
61143	0.214004
317330	0.456909
180760	0.194827
167515	0.788543
10764	0.340772
39521	0.431943
167904	0.334065
141579	1.003811
75193	0.384375
40280	0.497933
11271	0.178988
11340	0.307653
102485	0.204086
128684	0.585882
370563	0.489214
26235	0.241518
102785	0.537211
89675	0.169906
168645	0.231650
75990	0.473309
344768	0.376277
63445	0.260662
383186	0.245714
143021	0.528924
116475	0.246193
197429	0.259139
130219	0.440974

2013071200430000009	0.612629
2013071200430000009	201307120043	http://www.examiner.com/article/erich-von-daniken-playboy-of-the-gods?cid=rss	Erich Von Daniken : playboy of the gods - National Worldview and Science | Examiner.com
295914	0.333848
157707	0.686292
42920	0.202807
346240	0.357365
545	0.587710
372394	0.337380
77833	0.476427
260273	0.615547
333947	0.268216
44514	0.559326
44856	0.376266
92253	0.385187
171081	0.557655
439902	1.703550
65944	0.220311
249787	0.231980
273604	0.471419
118855	0.237246
273661	0.637211
397701	0.303743
106128	0.207295
250331	0.377704
93525	0.476702
47516	0.293041
310033	0.567374
262176	0.584857
172093	0.313789
226237	0.528067
146735	0.825293
200996	0.640542
49307	0.512225
133695	0.275458
412354	0.525852
239153	0.503537
107351	0.160065
120655	0.270736
50251	0.189160
375214	0.427728
50492	0.239500
251521	0.311468
107853	0.305742
174170	0.353724
51813	0.562868
387670	0.349557
202221	0.341503
350603	0.502225
376246	0.555166
96564	0.957187
33771	0.336720
326455	0.373490
176512	0.565700
278036	0.653538
402893	0.637477
229877	0.511766
176903	0.264801
302131	0.350375
164105	0.264753
218932	0.259388
290576	0.774717
177686	0.282475
254818	0.549362
152149	0.385621
231170	0.461192
36409	0.545230
8509	0.469349
125584	0.476272
379743	0.497010
139299	0.285545
178983	0.360048
207151	0.195822
59030	0.931758
291775	0.625884
9468	0.607177
59826	0.612629
355921	0.696546
342485	0.276108
140068	0.278145
126802	0.280604
24355	0.153790
233145	0.670750
392602	0.252635
194293	0.271858
61441	0.272503
140936	0.262479
39370	0.452108
62066	0.170012
370204	0.461471
102380	0.492489
393645	0.213127
270234	0.162428
40758	0.566975
41158	0.388620
195894	0.443587
142376	0.596357
420625	0.367000
358325	0.354656
129598	0.512072
130040	0.378219

2013071216300000019	0.578881
2013071216300000019	201307121630	http://www.nydailynews.com/news/national/drunk-drive-new-york-man-calls-911-fearing-hurt-article-1.1397195?localLinksEnabled=false	Too drunk to drive : New York man calls 911 on himself fearing it could hurt someone , cops say - NY Daily News
1002	0.355722
105068	0.305557
14444	0.174226
44755	0.309852
185019	0.323481
261064	0.231525
213121	0.295584
373300	0.229191
171395	0.394959
361554	0.368702
250331	0.330959
172094	0.196057
186460	0.802487
48161	0.410057
374644	0.728997
486515	0.610600
374905	0.177763
120367	0.236360
160988	0.254373
4277	0.410648
630643	0.885885
18197	0.224448
375879	0.376410
69106	0.370448
108564	0.686329
324773	0.165179
388135	0.291921
324938	0.603759
33631	0.329213
53726	0.541495
19654	0.225032
277433	0.256220
70447	0.758376
265547	0.768423
339236	0.338599
176294	0.433352
6534	0.341771
339445	0.388847
176539	0.285396
6745	0.303613
176553	0.245968
190713	0.448231
389857	0.412193
254030	0.315203
164082	0.909797
353280	0.356593
390218	0.157991
151461	0.252178
85271	0.340560
99143	0.341440
57350	0.968876
22122	0.184141
152186	0.314735
99505	0.362890
57837	0.226019
125416	0.148380
192591	0.397222
86700	0.221405
354958	0.172226
23001	0.151512
355241	0.226355
303963	0.258797
139550	0.448980
368273	0.267690
342107	0.315526
113069	0.318799
59826	0.578881
166565	0.253223
60085	0.226937
154210	0.314315
24272	0.354525
24355	0.138903
154674	0.259887
194133	0.771025
180703	0.860588
181132	0.318962
369701	0.514995
25220	0.345881
194882	0.292923
559655	0.379108
343722	0.481111
39715	0.215175
269849	0.403926
181550	0.261525
269927	0.393916
141615	0.234015
11270	0.261978
234373	0.360508
370638	0.260367
128823	0.465805
394030	0.325562
75825	0.214894
89678	0.235444
210578	0.182816
294939	0.774198
358261	0.254143
282907	0.196551
130017	0.475160
76998	0.463082
64220	0.207710

2013072023050000011	0.567098
2013072023050000011	201307202305	http://www.guardian.co.uk/artanddesign/2013/jul/20/zaha-hadid-food-tales	Zaha Hadid : ` I 'm seen as a Martian ' | Art and design | The Observer
346436	0.441668
359514	0.314484
13786	0.871182
13917	0.319267
13976	0.474399
333678	0.296089
78406	0.231722
273058	0.252180
118600	0.720528
29708	0.341206
105695	0.286564
249787	0.234378
321614	0.226146
297654	0.785885
238087	0.445912
186042	0.233986
250235	0.681330
172094	0.209437
106412	0.339322
119461	0.445505
47812	0.273366
214253	0.429171
48684	0.304044
348914	0.511573
386404	0.252712
173164	0.595359
107639	0.178254
227028	0.565073
50251	0.216929
120809	0.345008
239987	0.457041
215979	0.160927
95740	0.256535
82116	0.639459
324773	0.143336
364887	0.630970
96849	0.536861
241432	0.774211
5903	0.524951
351949	0.251594
54645	0.220505
97454	0.263276
54918	0.345306
150422	0.343577
97867	0.343925
366179	0.343274
253939	0.556163
84696	0.447055
35046	0.343658
84892	0.424124
390046	0.308840
353325	0.236455
205569	0.272632
366925	0.261774
111577	0.257211
57382	0.344386
315088	0.433917
22122	0.202174
85958	1.090587
379413	0.499097
8502	0.413402
405094	0.370416
139115	0.791918
139298	0.222722
315996	0.343327
303963	0.168522
355666	0.958821
37703	0.424949
59826	0.567098
356029	0.406640
268707	0.493059
356145	0.288945
329903	0.502954
356223	0.358305
38145	0.646431
180877	0.368160
141049	0.399867
39309	0.265754
141436	0.373950
195194	0.545113
40115	0.181793
195271	0.402884
11271	0.170155
62351	0.420092
705004	1.093927
181927	0.545970
331534	0.223432
41104	0.511966
128823	0.450290
358033	0.340505
306764	0.467744
182948	0.494174
371364	0.523757
63522	0.237630
196874	0.242619
157317	0.285828
63999	0.182271
307392	0.432328
64220	0.218891
211580	0.733760

2013071502270000007	0.566601
2013071502270000007	201307150227	http://www.huffingtonpost.com/andreea-nica/post_5133_b_3588799.html?utm_hp_ref=celebrity&ir=Celebrity	Democracy Wanted : Media Effects on Celebrity Icons Creates Social Regression | Andreea Nica
283789	0.450269
384014	0.428182
91370	0.272980
307970	0.640284
396193	0.268726
347065	0.321456
260457	0.287484
249258	0.432940
44755	0.276744
184939	0.628916
44929	0.123210
92909	0.584320
199556	0.269411
397309	0.526138
348330	0.469190
172094	0.274085
250412	0.427635
322773	0.671074
286248	0.471368
48986	0.286298
49194	0.341253
80499	0.357203
49397	0.527763
50126	0.252023
349628	0.258333
161079	0.681410
50587	0.328009
227423	0.365839
51541	0.326312
161597	0.483620
312073	0.211509
135730	0.453391
203213	0.254841
175386	0.270689
351453	0.500384
401470	0.618969
149794	0.395875
552284	0.528866
123516	0.557135
6545	0.275008
204645	0.264510
326895	0.634173
137226	0.539517
190655	0.396257
7444	0.210763
290401	0.451819
302698	0.175768
219140	0.708869
56947	0.550248
99143	0.480558
164856	0.311232
279084	0.299179
404263	0.292980
379114	0.341795
72453	0.326539
152299	0.223079
404855	0.499126
303398	0.439774
354730	0.259208
8630	0.313544
8664	0.336887
206839	0.388768
58537	0.274618
139260	0.268207
23001	0.140539
341837	0.442557
153051	0.415606
329213	0.603256
59826	0.566601
9814	0.308507
100908	0.639660
208309	0.275649
330239	0.678595
281438	0.355902
730071	0.543751
39372	0.242070
114454	0.327584
194861	0.339650
343741	0.673932
269832	0.276912
39910	0.326055
181550	0.226963
40143	0.366400
40507	0.217048
62359	0.517816
195451	0.119227
40661	0.412667
40867	0.499009
331534	0.265130
195678	0.415357
306755	0.360817
358309	0.226954
345153	0.371214
90298	0.516683
345421	0.284142
13287	0.352879
42605	0.175187
13378	0.329291
13392	0.199145
27893	0.228521

2013071913360000006	0.559779
2013071913360000006	201307191336	http://ca.news.yahoo.com/solar-boat-catches-rays-double-takes-halifax-part-171835578.html	Solar boat catches rays , double-takes in Halifax as part of scientific voyage - Yahoo ! News Canada
43194	0.325861
211883	0.471321
333486	0.573529
43550	0.263550
117511	0.337603
260304	0.684942
144528	0.286878
284550	0.592109
131612	0.127051
260657	0.413124
284732	0.232988
44929	0.144521
334345	0.245316
273013	0.418874
273058	0.223701
321143	0.282127
260983	0.626854
145464	0.904393
92671	0.405531
249792	0.396773
238186	0.464182
106443	0.185908
335459	0.229994
119865	0.717367
80240	0.812355
67528	0.304854
519881	0.890031
349133	0.334780
251078	0.282702
412507	0.259889
50282	0.266861
50423	0.364834
50895	0.380350
299360	0.260377
227631	0.448022
299706	0.542932
400181	0.253202
5221	0.301805
109172	0.513619
53578	0.181535
573816	1.092422
109853	0.487691
242014	0.423721
218169	0.321984
136973	0.256300
204630	0.228837
6898	0.524260
55982	0.382087
289943	0.324060
177183	0.452131
98757	1.377835
85147	0.478368
151674	0.163056
366907	0.258898
404015	0.517842
327939	0.431932
303150	0.281592
354401	0.684391
255139	0.503447
192290	0.354115
354958	0.161984
22851	0.340366
329021	0.295307
37348	0.402194
355675	0.852895
37496	0.629468
59826	0.559779
232633	0.491550
166621	0.413868
342513	0.443212
329776	0.251620
9828	0.528373
88226	0.487363
406897	0.317509
257221	0.534903
181086	0.323740
209149	0.638632
114434	0.391250
381840	0.525969
141436	0.341965
62133	0.382920
305867	0.142902
195488	0.324850
128628	0.437623
420170	0.313582
331600	0.306878
26330	0.313922
89588	0.179079
89675	0.219561
344768	0.327097
306769	0.385570
282907	0.212039
196874	0.271314
76597	0.453771
271551	0.315989
90662	0.460439
157317	0.281352
116643	0.404875
319605	0.578279
346013	0.408304

2013071516350000018	0.555737
2013071516350000018	201307151635	http://www.huffingtonpost.com/dr-jane-greer/kylie-and-jaden-how-do-yo_b_3589299.html?utm_hp_ref=celebrity	Kylie and Jaden : How Do You Survive Summer Love ? | Dr. Jane Greer
295914	0.255821
395613	0.734420
91370	0.266547
43446	0.230273
333526	0.245395
333892	0.204224
144751	0.219845
44755	0.272594
78406	0.173645
184939	0.625215
44929	0.133734
45240	0.274636
273229	0.282668
335000	0.288750
397801	0.433352
47269	0.314875
30525	0.281902
119383	0.637226
172094	0.189938
106400	0.148972
250473	0.216636
106478	0.205968
298316	0.201543
16535	0.508737
106922	0.646356
119994	0.268059
310577	0.643826
349060	0.323975
187026	0.322897
17245	0.362856
412591	0.493010
50251	0.181092
134091	0.622371
349628	0.253385
50492	0.193552
50587	0.321737
107845	0.281971
227423	0.450305
311693	0.469267
275971	0.578825
216059	0.646841
311817	0.594325
18519	0.468179
82182	0.414246
108750	0.193954
188819	0.487270
364563	0.289010
135809	0.298209
53515	0.363282
83010	0.252651
33793	0.369072
33882	0.599539
176263	0.347681
84010	0.292048
6545	0.339502
176713	0.464827
7444	0.211009
302698	0.171626
56849	0.306809
219140	0.704737
56947	0.547072
99143	0.515750
327980	0.226450
191822	0.234856
125465	0.238254
192290	0.348960
354730	0.257727
267729	0.648599
86700	0.262760
59351	0.534896
59826	0.555737
37819	0.336005
418366	0.294418
87630	0.613330
60210	0.151939
9814	0.302586
730071	0.669344
39293	0.577188
393237	0.437605
194861	0.331646
194923	0.235269
40143	0.364224
11270	0.325763
270082	0.458085
344136	0.242211
89188	0.559192
331534	0.210583
408292	0.320840
210578	0.166432
371187	0.538143
345153	0.369135
196874	0.248281
345421	0.278704
247779	0.211025
283285	0.145302
307344	0.293453
345808	0.519388
169632	0.644440
42605	0.172565
13378	0.322966

2013071516060000016	0.554091
2013071516060000016	201307151606	http://www.huffingtonpost.com/don-mcnay/dead-lawyers-and-dying-yo_b_3598528.html?utm_hp_ref=celebrity	Dead Lawyers and Dying Young People | Don McNay
43009	0.279253
359399	0.370095
43194	0.246207
91370	0.265663
333526	0.211830
144750	0.243308
144751	0.156938
14444	0.163538
44755	0.271614
184939	0.621698
44929	0.170763
44960	0.395823
45240	0.234802
45409	0.619238
78891	0.342225
92827	0.515711
132640	0.163680
172094	0.189430
106427	0.415154
250473	0.208076
298316	0.200635
322656	0.484751
322776	0.347304
106922	0.643817
119994	0.267403
238951	0.269364
250956	0.318356
349133	0.284768
49305	0.221673
412507	0.311937
49825	0.146134
17245	0.361044
107552	0.428358
50251	0.180733
134091	0.619967
387055	0.751429
349628	0.252652
50587	0.320854
107845	0.280920
363502	0.462891
227423	0.448047
311693	0.467393
287512	0.549608
400178	0.175041
388135	0.250049
188819	0.485292
364563	0.288325
162519	0.633675
135809	0.297641
53515	0.361691
376913	0.297539
175476	0.375635
33793	0.367502
84010	0.290573
6545	0.338165
218169	0.205911
253780	0.686699
176713	0.463654
339720	0.286693
190655	0.287487
390018	0.364167
7443	0.397408
302698	0.208097
219140	0.700812
56947	0.544056
327898	0.308195
99143	0.513433
327980	0.273102
192290	0.389475
354730	0.256320
267729	0.646137
86700	0.219177
23001	0.130726
166331	0.163534
59826	0.554091
153814	0.265280
418366	0.293765
329824	0.326119
9814	0.301668
368922	0.389914
730071	0.666025
393237	0.435369
194861	0.330569
194923	0.234195
40143	0.362154
270082	0.457034
89188	0.558170
331534	0.209495
210578	0.204222
371187	0.536746
345153	0.367163
142829	0.345690
358575	0.230352
196874	0.215402
345421	0.277918
247779	0.254622
104205	0.425422
42605	0.207414
64220	0.196578
13378	0.321963

2013071617310000010	0.519988
2013071617310000010	201307161731	http://news.yahoo.com/wing-sunbeam-solar-plane-pilots-look-circle-globe-153100849.html	On a Wing and a Sunbeam : Solar Plane Pilots Look to Circle the Globe - Yahoo ! News
359263	0.233539
130382	0.392315
43550	0.212935
395951	0.350828
396145	0.238403
131283	0.330841
14444	0.172203
131612	0.110455
284732	0.204062
273013	0.366863
132197	0.283811
411246	0.307491
66531	0.266200
30328	0.449155
309837	0.918185
361749	0.334582
47516	0.345521
106401	0.256964
79960	0.630542
48356	0.262255
250694	0.677480
67528	0.423036
214824	0.349183
49044	0.226139
251008	0.311469
215030	0.178579
187088	0.251192
147255	0.440892
50271	0.771040
287070	0.309408
134360	0.276193
134361	0.432355
299360	0.228109
299868	0.476165
376135	0.356825
52350	0.358075
413856	0.435576
240889	0.235676
388602	0.513454
175558	0.226143
277158	0.249724
313088	0.555717
19654	0.197921
150157	0.367909
289247	0.307474
229507	0.386403
218169	0.200276
98023	0.323200
403141	0.373799
85179	0.493754
151655	0.383326
151674	0.150627
57440	0.360676
279296	0.298673
354401	0.605857
267547	0.287921
112198	0.183967
22767	0.156174
354958	0.208166
267820	0.299619
291782	0.655023
153474	0.269255
59826	0.519988
193399	0.387172
406217	0.682777
140068	0.227399
280635	0.829429
60400	0.323210
193680	0.449904
87798	0.246454
154315	0.416046
381004	0.614602
392602	0.268925
24675	0.303719
221522	0.340003
181086	0.393935
39372	0.237873
155350	0.237571
39632	0.523805
419522	0.332539
39715	0.184050
269873	0.340810
62066	0.172536
209819	0.470222
40922	0.735583
75825	0.198362
89675	0.183071
75850	0.609682
370759	0.376228
210623	0.290216
383186	0.253257
63522	0.216007
383196	0.381360
116214	0.445508
196929	0.404968
345590	0.299907
90662	0.403480
157317	0.305896
248093	0.288072

2013071720160000006	0.508117
2013071720160000006	201307172016	http://www.sltrib.com/sltrib/entertainment2/56557408-223/band-health-divers-dreamscape.html.csp	Local sounds : Heady band fights GMOs , dives into psyche | The Salt Lake Tribune
248347	0.379836
197634	0.359719
43194	0.371199
272104	0.487807
143925	0.387518
77683	0.562861
260155	0.210755
91693	0.396128
260457	0.272649
44560	0.762108
308780	0.182359
360626	0.189211
65944	0.181604
92634	0.569996
297562	0.606212
118855	0.202597
145822	0.301506
397340	0.121112
385610	0.405833
47269	0.286829
285829	0.339298
361912	0.477366
298316	0.183417
94097	0.859003
49039	0.364690
49048	0.352218
80620	0.689672
107454	0.524816
362910	0.494405
50472	0.289240
161255	0.425543
4281	0.185071
350137	0.447457
4409	0.468787
312073	0.238116
376135	0.315772
148424	0.377358
69223	0.448993
324773	0.129989
122108	0.472923
240889	0.219716
135711	0.724888
644008	1.181198
338347	0.529149
338559	0.198105
338581	0.516983
34135	0.355311
351999	0.323093
338939	0.495881
54645	0.197433
54918	0.258039
313645	0.163059
402965	0.334980
190655	0.300347
339771	0.234517
353116	0.420492
353325	0.244965
290158	0.644927
302482	0.521285
366812	0.539019
243303	0.449504
403931	1.009760
327898	0.299452
21766	0.587212
341305	0.551769
303485	0.226993
192506	0.369672
391358	0.215198
179226	0.514994
355510	0.378868
153369	0.351366
100460	0.425982
59826	0.508117
60361	0.243472
329886	0.266846
73866	0.181382
113643	0.303633
61023	0.202320
180673	0.253113
180801	0.200942
39290	0.468440
39386	0.253518
369921	0.538344
40115	0.212741
11210	0.523018
141615	0.269950
270131	0.374421
141762	0.364629
195451	0.118309
102455	0.194697
102532	0.313571
12066	0.263643
196142	0.305778
270886	0.296421
394580	0.154705
650558	1.246631
383186	0.227220
196874	0.188065
409205	0.190625
64220	0.207681

2013071323050000001	0.507973
2013071323050000001	201307132305	http://www.guardian.co.uk/commentisfree/2013/jul/14/scotland-uk-space-conference-ufos	If only a Scotsman had boldly gone ... | Kevin McKenna | Comment is free | The Observer
346240	0.433233
359393	0.341863
211883	0.350795
372394	0.230481
184358	0.586378
212170	0.275475
91640	0.516675
198228	0.519600
248942	0.707181
308359	0.482460
372778	0.282532
321143	0.241218
45240	0.181545
145527	0.507741
225242	0.326144
199476	0.327052
285386	0.756714
118882	0.621570
186031	0.313254
285732	0.215577
322412	0.332776
94313	0.520177
412354	0.398354
80523	0.162989
215030	0.128364
412507	0.222071
275216	0.513198
31826	0.336005
68383	0.333115
51125	0.417605
4281	0.175615
336960	0.354307
188316	0.158931
188648	0.208407
96113	0.437997
53473	0.500622
217230	0.394684
53578	0.153578
300940	0.465326
6231	0.524485
253403	0.322997
97670	0.385847
402487	0.624046
110333	0.263907
326691	0.324734
277944	0.352910
176505	0.258314
389620	0.579812
278036	0.366791
242515	0.629550
190583	0.290785
190655	0.235701
176903	0.199256
366403	0.232699
163996	0.292971
353325	0.164697
164469	0.247298
191765	0.177105
57523	0.627524
206245	0.271669
367438	0.288660
125416	0.100043
255193	0.545684
86413	0.198724
86594	0.198972
279830	0.410752
99961	0.601090
22887	0.319746
58660	0.455132
405330	0.357875
291775	0.516853
153420	0.425937
59826	0.507973
356124	0.193542
369012	0.221329
74242	0.214690
208779	0.253742
180751	0.167388
305426	0.353606
269664	0.138842
194861	0.275196
343776	0.236774
62066	0.130095
370204	0.268974
11369	0.404841
270273	0.641881
26235	0.203948
222470	0.478952
258242	0.511324
89854	0.463941
358256	0.277659
41899	0.364650
247518	0.198554
76525	0.253196
90467	0.192648
211067	0.470306
197151	0.473991
409205	0.168526
63999	0.123690
116676	0.634531

2013071502570000005	0.451660
2013071502570000005	201307150257	http://www.huffingtonpost.com/alex-moaba/dexter-recap-whats-eating-dexter-morgan_b_3594750.html?utm_hp_ref=celebrity&ir=Celebrity	` Dexter ' Recap : Deb Drama Is ` What 's Eating Dexter Morgan ? ' | Alex Moaba
211677	0.431777
211679	0.410643
42835	0.863654
91370	0.295946
333526	0.186550
236636	0.449799
396145	0.212101
396249	0.692858
334098	0.327574
14502	0.382167
249258	0.339242
44746	0.200002
44755	0.283159
184939	0.493792
249315	0.438632
44929	0.154586
45240	0.165002
273179	0.259342
118855	0.172395
285498	0.405112
348330	0.377405
172094	0.154718
106427	0.341395
348556	0.212608
286248	0.377302
48986	0.230148
49040	0.419338
262861	0.463475
49179	0.908622
80499	0.282517
375008	0.225318
349628	0.206048
50587	0.261928
227423	0.288123
18181	0.387087
400172	0.201565
312073	0.166840
312159	0.309238
135746	0.605211
203213	0.199787
53578	0.148394
552284	0.414821
6545	0.218842
176539	0.229101
290401	0.357935
164469	0.281792
302698	0.139554
219140	0.556849
56947	0.432465
404008	0.333332
99143	0.379909
327980	0.207414
164856	0.246291
231290	0.490954
623378	0.821148
354730	0.203828
139260	0.255432
23001	0.110917
165864	0.543833
355305	0.597454
59826	0.451660
37819	0.284391
9814	0.245781
154177	0.147463
208309	0.249463
24272	0.321066
180801	0.195575
730071	0.428464
39060	0.251527
269664	0.147029
39372	0.205208
194861	0.269520
419522	0.205764
269832	0.219252
155521	0.359566
39910	0.260675
181550	0.181779
40143	0.287533
40507	0.198236
62359	0.414982
40661	0.326208
40867	0.400891
331534	0.224344
26235	0.224708
156115	0.345847
332001	0.366756
210578	0.179008
103236	0.441086
306755	0.289514
332170	0.211080
358309	0.179308
345153	0.292204
345421	0.226765
283285	0.201916
143249	0.792610
421387	0.211286
223619	0.661822
42605	0.234041
13378	0.262189

2013071516490000011	0.433378
2013071516490000011	201307151649	http://www.huffingtonpost.com/jack-mirkinson/the-newsroom-season-2-premiere-recap_b_3596533.html?utm_hp_ref=celebrity&ir=Celebrity	` The Newsroom ' Season 2 Premiere Recap : Here We Go Again | Jack Mirkinson
43009	0.303389
184032	0.191110
91370	0.207306
333526	0.164417
43728	0.330306
44192	0.434359
14502	0.352701
44755	0.211566
184939	0.477642
360626	0.158795
159301	0.573103
199556	0.197844
225559	0.497234
172094	0.148443
385929	0.239280
250473	0.160756
298316	0.155330
172486	0.159934
106922	0.500369
119994	0.209847
48880	0.301916
17245	0.278595
363043	0.289966
134091	0.482045
349628	0.197703
50587	0.251310
375317	0.289188
107845	0.218618
17934	0.228550
227423	0.345674
311693	0.363095
400178	0.163881
216403	0.352888
108750	0.161173
324773	0.129739
188819	0.376836
364563	0.226376
53515	0.280255
33793	0.285001
54390	0.186385
402087	0.500259
54794	0.294852
204032	0.275810
84010	0.224126
6545	0.273097
136973	0.199227
176713	0.363680
339720	0.244310
71571	0.424236
35481	0.159086
85271	0.235061
302698	0.179133
219140	0.538633
390505	0.273424
56947	0.418315
99143	0.397518
327980	0.174953
99190	0.524593
315103	0.490843
192290	0.286871
58058	0.204719
354730	0.197157
391218	0.185595
267729	0.502615
86700	0.169757
22777	0.367354
58537	0.252180
23001	0.139603
153368	0.226643
59826	0.433378
207893	0.275549
37949	0.330774
9814	0.235837
60619	0.301849
317075	0.209160
180751	0.179254
180760	0.176241
180801	0.210635
730071	0.514051
39060	0.234580
393237	0.335676
194861	0.258073
194923	0.181236
40143	0.278131
40471	0.533362
40599	0.302988
331534	0.236199
234624	0.271231
41072	0.663617
89675	0.142441
408489	0.597653
371187	0.420809
210739	0.236203
345153	0.282637
196874	0.213892
345421	0.217577
247779	0.163007
283285	0.218712
42605	0.185429
13378	0.251586

2013071904230000015	0.423664
2013071904230000015	201307190423	http://nypost.com/p/pagesix/broadway_stars_M7n9HsA5QyuuZurFfoDaoL	Shirley MacLaine 's bizarre Broadway critique - NYPOST.com
157705	0.374601
77574	0.372395
43439	0.200510
144136	0.200023
212361	0.268296
144751	0.176934
44394	0.127335
198684	0.157650
14444	0.113433
260643	0.324044
284732	0.142945
237231	0.157900
14832	0.185737
45240	0.180798
45415	0.216861
261064	0.172568
185484	0.158805
92827	0.315831
145844	0.379141
238081	0.134862
262024	0.145358
186121	0.201407
519601	0.406393
146254	0.343230
47683	0.106359
47716	0.238527
106491	0.091368
47936	0.167480
322656	0.284805
49039	0.255288
49562	0.192618
107552	0.307743
215434	0.374122
17419	0.130066
50387	0.102981
50472	0.249403
51291	0.276768
350064	0.386411
108232	0.411584
400185	0.185884
252157	0.144148
95803	0.107473
69116	0.170776
108673	0.139218
300040	0.210870
324773	0.091960
108967	0.249328
643898	0.380698
175415	0.151321
136085	0.168803
388892	0.186003
253131	0.202500
54389	0.145434
402243	0.190882
54918	0.165017
313645	0.103316
552284	0.325028
190426	0.295819
84635	0.322940
35046	0.189185
340217	0.143684
35481	0.161893
151461	0.181681
56849	0.167691
124814	0.336200
327894	0.318575
191765	0.130336
99277	0.231166
404537	0.190695
57834	0.338111
125416	0.082865
86195	0.211935
291259	0.194803
86594	0.209175
58561	0.114482
8881	0.318561
139274	0.194974
231922	0.380929
178995	0.254228
37620	0.230568
59826	0.423664
368608	0.170183
329688	0.392365
256470	0.397592
74242	0.187000
140936	0.181700
114533	0.204684
40143	0.223425
11270	0.178395
344136	0.146169
419850	0.397929
331534	0.159825
41471	0.302144
344768	0.209556
182683	0.255990
116023	0.184229
358531	0.216986
345855	0.249042
104205	0.305215
27857	0.139732

